F:\工作\124-视频练习\1362383398_t@0.jpg 111,286,677,430
F:\工作\124-视频练习\1362383398_t@60.jpg 115,288,674,424
F:\工作\124-视频练习\1362383398_t@160.jpg 113,284,674,428
F:\工作\124-视频练习\1362383398_t@180.jpg 103,284,685,430
F:\工作\124-视频练习\1362383398_t@200.jpg 106,288,687,426
F:\工作\124-视频练习\1362383398_t@220.jpg 110,284,679,434
F:\工作\124-视频练习\1362383398_t@240.jpg 142,286,640,425
F:\工作\124-视频练习\1362383398_t@260.jpg 156,287,614,418
F:\工作\124-视频练习\1362383398_t@280.jpg 193,293,558,413
F:\工作\124-视频练习\1362383398_t@300.jpg 213,296,525,416
F:\工作\124-视频练习\1362383398_t@320.jpg 218,301,512,407
F:\工作\124-视频练习\1362383398_t@340.jpg 214,286,521,423
F:\工作\124-视频练习\1362383398_t@360.jpg 234,286,508,414
F:\工作\124-视频练习\1362383398_t@380.jpg 90,277,196,169 289,296,437,359
F:\工作\124-视频练习\1362383398_t@400.jpg 690,280,62,57 284,288,408,348 121,273,172,156
F:\工作\124-视频练习\1362383398_t@420.jpg 169,278,157,145 274,297,426,356 707,285,68,66
F:\工作\124-视频练习\1362383398_t@440.jpg 250,286,455,369 724,275,76,69 197,265,144,135
F:\工作\124-视频练习\1362383398_t@460.jpg 237,277,471,380 740,270,85,78
F:\工作\124-视频练习\1362383398_t@480.jpg 260,281,437,360 761,277,92,87
F:\工作\124-视频练习\1362383398_t@500.jpg 297,280,378,328 783,278,105,98
F:\工作\124-视频练习\1362383398_t@520.jpg 342,289,321,266 806,288,124,112
F:\工作\124-视频练习\1362383398_t@540.jpg 378,288,270,237 760,272,84,86 841,290,156,135
F:\工作\124-视频练习\1362383398_t@560.jpg 334,281,104,91 403,291,247,211 792,275,90,97 913,290,216,187
F:\工作\124-视频练习\1362383398_t@580.jpg 830,274,106,117 415,294,235,205 341,284,100,93
F:\工作\124-视频练习\1362383398_t@600.jpg 435,283,242,214 914,268,137,147 369,278,99,91
F:\工作\124-视频练习\1362383398_t@620.jpg 388,279,92,88 444,286,255,215 1027,259,189,208 816,281,94,88
F:\工作\124-视频练习\1362383398_t@640.jpg 446,284,246,218 832,284,122,102
F:\工作\124-视频练习\1362383398_t@660.jpg 449,289,244,210 882,286,147,129
F:\工作\124-视频练习\1362383398_t@680.jpg 12,285,198,182 462,291,228,211 970,289,210,177
F:\工作\124-视频练习\1362383398_t@700.jpg 460,289,237,211 49,284,189,174
F:\工作\124-视频练习\1362383398_t@720.jpg 97,276,178,161 466,286,247,215 417,274,80,76 750,268,65,61
F:\工作\124-视频练习\1362383398_t@740.jpg 133,272,162,151 463,281,263,237 764,266,74,69
F:\工作\124-视频练习\1362383398_t@760.jpg 442,275,292,258 778,264,88,79 168,264,154,138
F:\工作\124-视频练习\1362383398_t@780.jpg 228,279,129,117 422,288,317,269 799,272,98,89
F:\工作\124-视频练习\1362383398_t@800.jpg 380,280,339,285 807,264,112,101 268,271,112,105
F:\工作\124-视频练习\1362383398_t@820.jpg 290,263,95,92 339,278,349,290 818,256,130,120 1041,281,63,55
F:\工作\124-视频练习\1362383398_t@840.jpg 317,282,334,285 830,262,157,137 1067,289,65,60
F:\工作\124-视频练习\1362383398_t@860.jpg 289,291,326,275 867,267,178,166
F:\工作\124-视频练习\1362383398_t@880.jpg 251,279,332,280 919,247,248,226
F:\工作\124-视频练习\1362383398_t@900.jpg 20,231,176,194 213,289,329,276
F:\工作\124-视频练习\1362383398_t@920.jpg 229,287,300,253 127,247,141,153
F:\工作\124-视频练习\1362383398_t@940.jpg 206,256,118,128 281,292,254,217
F:\工作\124-视频练习\1362383398_t@960.jpg 287,293,222,190 720,284,32,28
F:\工作\124-视频练习\1362383398_t@980.jpg 201,292,209,179
F:\工作\124-视频练习\1362383398_t@1000.jpg 148,286,197,172 641,280,32,26 388,279,91,77
F:\工作\124-视频练习\1362383398_t@1020.jpg 154,284,193,170 407,277,89,74 677,279,28,26
F:\工作\124-视频练习\1362383398_t@1040.jpg 158,289,202,178 434,278,90,72 715,280,31,26
F:\工作\124-视频练习\1362383398_t@1060.jpg 106,280,224,199 426,273,95,80
F:\工作\124-视频练习\1362383398_t@1080.jpg 0,269,278,239 403,264,107,89
F:\工作\124-视频练习\1362383398_t@1100.jpg 407,279,110,90
F:\工作\124-视频练习\1362383398_t@1120.jpg 405,290,118,98
F:\工作\124-视频练习\1362383398_t@1140.jpg 365,290,128,104
F:\工作\124-视频练习\1362383398_t@1160.jpg 143,247,105,114 288,271,140,120 452,270,64,51
F:\工作\124-视频练习\1362383398_t@1180.jpg 209,267,168,141 435,269,63,57 112,245,107,114
F:\工作\124-视频练习\1362383398_t@1200.jpg 116,256,208,164 448,262,63,60
F:\工作\124-视频练习\1362383398_t@1220.jpg 451,281,66,58
F:\工作\124-视频练习\1362383398_t@1240.jpg 449,278,71,62
F:\工作\124-视频练习\1362383398_t@1260.jpg 43,229,157,180 452,277,74,70
F:\工作\124-视频练习\1362383398_t@1280.jpg 412,279,84,74
F:\工作\124-视频练习\1362383398_t@1300.jpg 370,279,93,79
F:\工作\124-视频练习\1362383398_t@1320.jpg 357,274,92,84
F:\工作\124-视频练习\1362383398_t@1360.jpg 325,275,102,88 693,285,51,47
F:\工作\124-视频练习\1362383398_t@1380.jpg 315,283,99,90 742,290,53,49
F:\工作\124-视频练习\1362383398_t@1400.jpg 338,277,97,83 815,283,64,61
F:\工作\124-视频练习\1362383398_t@1420.jpg 409,284,93,84 946,290,74,70
F:\工作\124-视频练习\1362383398_t@1440.jpg 458,281,92,78 1065,284,89,78
F:\工作\124-视频练习\1362383398_t@1460.jpg 530,286,93,80 413,282,64,61
F:\工作\124-视频练习\1362383398_t@1480.jpg 456,278,67,68 603,279,92,84
F:\工作\124-视频练习\1362383398_t@1500.jpg 473,278,73,68 644,281,95,87
F:\工作\124-视频练习\1362383398_t@1520.jpg 642,285,100,89 445,278,79,77
F:\工作\124-视频练习\1362383398_t@1540.jpg 407,273,85,79 630,281,99,89
F:\工作\124-视频练习\1362383398_t@1560.jpg 360,273,94,85 604,278,101,92
F:\工作\124-视频练习\1362383398_t@1580.jpg 343,274,101,94 600,278,106,99
F:\工作\124-视频练习\1362383398_t@1600.jpg 335,271,103,99 608,278,109,97
F:\工作\124-视频练习\1362383398_t@1620.jpg 602,277,113,100 313,271,110,106
F:\工作\124-视频练习\1362383398_t@1640.jpg 599,275,106,101 296,269,113,109
F:\工作\124-视频练习\1362383398_t@1660.jpg 296,274,114,110 597,281,106,98
F:\工作\124-视频练习\1362383398_t@1680.jpg 599,278,106,94 297,271,115,108
F:\工作\124-视频练习\1362383398_t@1700.jpg 600,281,104,93 302,273,117,109
F:\工作\124-视频练习\1362383398_t@1720.jpg 304,276,114,108 605,281,99,90
F:\工作\124-视频练习\1362383398_t@1740.jpg 607,281,101,93 315,278,112,106
F:\工作\124-视频练习\1362383398_t@1760.jpg 322,274,109,103 603,279,103,93
F:\工作\124-视频练习\1362383398_t@1780.jpg 602,280,105,96 332,274,105,102
F:\工作\124-视频练习\1362383398_t@1800.jpg 344,277,100,97 604,283,107,94
F:\工作\124-视频练习\1362383398_t@1820.jpg 356,277,98,89 610,281,108,103
F:\工作\124-视频练习\1362383398_t@1840.jpg 604,275,117,107 360,269,99,89
F:\工作\124-视频练习\1362383398_t@1860.jpg 610,278,119,109 374,272,93,86
F:\工作\124-视频练习\1362383398_t@1880.jpg 609,280,127,111 390,274,83,84
F:\工作\124-视频练习\1362383398_t@1900.jpg 420,278,75,76 627,283,125,111
F:\工作\124-视频练习\1362383398_t@1920.jpg 611,280,127,115 418,277,76,69
F:\工作\124-视频练习\1362383398_t@1940.jpg 588,286,121,112 405,281,75,66
F:\工作\124-视频练习\1362383398_t@1960.jpg 575,285,124,110 406,278,70,70
F:\工作\124-视频练习\1362383398_t@1980.jpg 567,285,127,115 410,279,69,62
F:\工作\124-视频练习\1362383398_t@2000.jpg 561,285,135,117 416,278,69,66
F:\工作\124-视频练习\1362383398_t@2020.jpg 428,282,70,61 562,288,139,122
F:\工作\124-视频练习\1362383398_t@2040.jpg 563,280,145,130 439,273,71,66
F:\工作\124-视频练习\1362383398_t@2060.jpg 570,280,148,135 448,278,69,63
F:\工作\124-视频练习\1362383398_t@2080.jpg 453,280,66,61 575,285,153,133
F:\工作\124-视频练习\1362383398_t@2100.jpg 569,276,154,143 457,279,64,60
F:\工作\124-视频练习\1362383398_t@2120.jpg 468,281,59,59 571,285,151,136
F:\工作\124-视频练习\1362383398_t@2140.jpg 574,290,151,131 479,286,56,54
F:\工作\124-视频练习\1362383398_t@2160.jpg 572,280,147,132 482,280,55,48 695,244,64,76
F:\工作\124-视频练习\1362383398_t@2180.jpg 699,240,68,80 580,276,142,129 489,276,57,53
F:\工作\124-视频练习\1362383398_t@2200.jpg 495,278,54,47 585,281,136,123 705,242,72,81
F:\工作\124-视频练习\1362383398_t@2220.jpg 582,283,136,118 707,238,75,90 496,280,56,48
F:\工作\124-视频练习\1362383398_t@2240.jpg 483,279,53,47 566,284,136,121 699,235,87,95
F:\工作\124-视频练习\1362383398_t@2260.jpg 701,225,91,112 558,279,139,123 483,277,47,43
F:\工作\124-视频练习\1362383398_t@2280.jpg 543,276,151,132 705,215,102,123
F:\工作\124-视频练习\1362383398_t@2300.jpg 543,276,155,134 715,211,114,134
F:\工作\124-视频练习\1362383398_t@2320.jpg 550,282,158,143 729,210,128,146
F:\工作\124-视频练习\1362383398_t@2340.jpg 27,265,259,211 543,281,164,146 729,202,141,159
F:\工作\124-视频练习\1362383398_t@2360.jpg 743,191,148,172 551,279,167,146 126,266,220,177
F:\工作\124-视频练习\1362383398_t@2380.jpg 552,280,165,149 759,179,161,189 207,272,190,151
F:\工作\124-视频练习\1362383398_t@2400.jpg 265,276,169,140 556,287,169,148 778,179,177,204
F:\工作\124-视频练习\1362383398_t@2420.jpg 316,275,152,129 561,287,173,154 809,168,198,223
F:\工作\124-视频练习\1362383398_t@2440.jpg 350,273,143,124 555,284,184,162 840,155,221,252
F:\工作\124-视频练习\1362383398_t@2460.jpg 375,271,137,118 559,282,182,163 872,142,252,276
F:\工作\124-视频练习\1362383398_t@2480.jpg 377,269,137,108 551,275,186,170 903,118,281,320
F:\工作\124-视频练习\1362383398_t@2500.jpg 923,100,328,355 520,280,199,172 364,272,133,108
F:\工作\124-视频练习\1362383398_t@2520.jpg 361,269,134,108 509,276,199,169 964,74,315,396
F:\工作\124-视频练习\1362383398_t@2540.jpg 536,279,192,177 395,275,129,107
F:\工作\124-视频练习\1362383398_t@2560.jpg 439,269,126,103 587,280,189,169
F:\工作\124-视频练习\1362383398_t@2580.jpg 686,284,180,162 526,275,118,104
F:\工作\124-视频练习\1362383398_t@2600.jpg 15,220,445,417 591,270,112,103 766,279,179,164
F:\工作\124-视频练习\1362383398_t@2620.jpg 205,231,388,358 789,285,184,162
F:\工作\124-视频练习\1362383398_t@2640.jpg 280,237,361,327 796,284,183,164
F:\工作\124-视频练习\1362383398_t@2660.jpg 796,286,180,157 317,241,324,300
F:\工作\124-视频练习\1362383398_t@2680.jpg 338,249,305,280 804,289,174,148
F:\工作\124-视频练习\1362383398_t@2700.jpg 826,286,171,154 369,246,291,278
F:\工作\124-视频练习\1362383398_t@2720.jpg 351,238,323,293 842,285,168,148
F:\工作\124-视频练习\1362383398_t@2740.jpg 355,230,349,306 847,274,173,151
F:\工作\124-视频练习\1362383398_t@2760.jpg 382,239,343,296 848,281,159,138 1186,282,57,56
F:\工作\124-视频练习\1362383398_t@2780.jpg 429,249,302,277 845,286,143,123
F:\工作\124-视频练习\1362383398_t@2800.jpg 840,291,133,120 453,253,279,263
F:\工作\124-视频练习\1362383398_t@2820.jpg 469,250,267,255 839,287,130,111
F:\工作\124-视频练习\1362383398_t@2840.jpg 844,286,126,110 469,250,268,255
F:\工作\124-视频练习\1362383398_t@2860.jpg 463,243,287,260 852,282,127,112
F:\工作\124-视频练习\1362383398_t@2880.jpg 861,280,128,114 471,247,289,255
F:\工作\124-视频练习\1362383398_t@2900.jpg 476,245,299,271 867,285,128,111
F:\工作\124-视频练习\1362383398_t@2920.jpg 872,284,133,115 1179,285,99,107
F:\工作\124-视频练习\1362383398_t@2940.jpg 491,244,301,275 868,283,137,117 1154,284,112,112
F:\工作\124-视频练习\1362383398_t@2960.jpg 464,241,311,291 844,285,140,122 1109,287,124,111
F:\工作\124-视频练习\1362383398_t@2980.jpg 441,241,342,317 842,286,139,116 1087,288,125,108
F:\工作\124-视频练习\1362383398_t@3000.jpg 413,230,385,361 840,281,131,111 1060,277,116,111
F:\工作\124-视频练习\1362383398_t@3020.jpg 374,225,438,403 834,279,119,106 1015,282,108,95
F:\工作\124-视频练习\1362383398_t@3040.jpg 368,236,442,408 819,288,109,97 975,288,94,90
F:\工作\124-视频练习\1362383398_t@3060.jpg 375,235,444,405 812,285,96,88
F:\工作\124-视频练习\1362383398_t@3080.jpg 376,233,431,401 904,288,78,66
F:\工作\124-视频练习\1362383398_t@3100.jpg 386,233,424,397
F:\工作\124-视频练习\1362383398_t@3120.jpg 1027,291,202,163 379,234,442,396
F:\工作\124-视频练习\1362383398_t@3140.jpg 369,236,452,399 989,288,184,146
F:\工作\124-视频练习\1362383398_t@3160.jpg 389,240,439,389 980,292,170,135
F:\工作\124-视频练习\1362383398_t@3180.jpg 416,243,411,384 987,294,162,129
F:\工作\124-视频练习\1362383398_t@3200.jpg 424,245,431,384 999,292,165,131
F:\工作\124-视频练习\1362383398_t@3220.jpg 429,237,459,414 1020,289,167,136
F:\工作\124-视频练习\1362383398_t@3240.jpg 451,235,470,435 1026,285,180,140
F:\工作\124-视频练习\1362383398_t@3260.jpg 526,237,428,405 1037,284,174,140
F:\工作\124-视频练习\1362383398_t@3280.jpg 629,243,372,353 1020,284,166,135
F:\工作\124-视频练习\1362383398_t@3300.jpg 548,283,141,123 714,254,306,298
F:\工作\124-视频练习\1362383398_t@3320.jpg 562,287,132,124 762,263,265,257
F:\工作\124-视频练习\1362383398_t@3340.jpg 570,285,131,120 784,265,258,240
F:\工作\124-视频练习\1362383398_t@3360.jpg 776,263,262,247 562,286,128,119
F:\工作\124-视频练习\1362383398_t@3380.jpg 556,285,135,130 781,260,286,267
F:\工作\124-视频练习\1362383398_t@3400.jpg 793,256,317,297 545,284,143,131
F:\工作\124-视频练习\1362383398_t@3420.jpg 535,280,147,134 802,244,363,339
F:\工作\124-视频练习\1362383398_t@3440.jpg 811,245,394,362 530,280,144,134
F:\工作\124-视频练习\1362383398_t@3460.jpg 534,283,134,124 796,255,390,352
F:\工作\124-视频练习\1362383398_t@3480.jpg 780,249,365,331 561,283,118,110
F:\工作\124-视频练习\1362383398_t@3500.jpg 555,288,105,99 724,257,318,299
F:\工作\124-视频练习\1362383398_t@3520.jpg 681,256,287,268 552,284,99,93 1067,187,171,201
F:\工作\124-视频练习\1362383398_t@3540.jpg 1013,200,158,177 667,258,262,245
F:\工作\124-视频练习\1362383398_t@3560.jpg 649,256,251,238 982,204,140,163
F:\工作\124-视频练习\1362383398_t@3580.jpg 956,207,135,156 630,257,244,234
F:\工作\124-视频练习\1362383398_t@3600.jpg 616,251,244,230 946,209,127,147
F:\工作\124-视频练习\1362383398_t@3620.jpg 940,212,123,139 618,252,228,219
F:\工作\124-视频练习\1362383398_t@3640.jpg 626,260,218,207 940,220,120,136
F:\工作\124-视频练习\1362383398_t@3660.jpg 956,223,117,136 641,262,208,201
F:\工作\124-视频练习\1362383398_t@3680.jpg 637,261,205,202 953,217,118,135
F:\工作\124-视频练习\1362383398_t@3700.jpg 519,279,94,85 640,262,213,201 951,214,117,141
F:\工作\124-视频练习\1362383398_t@3720.jpg 936,206,121,140 471,271,101,95 632,249,215,209
F:\工作\124-视频练习\1362383398_t@3740.jpg 619,257,229,218 917,209,118,142 416,282,107,99
F:\工作\124-视频练习\1362383398_t@3760.jpg 363,275,116,108 591,252,231,217 889,207,120,141
F:\工作\124-视频练习\1362383398_t@3800.jpg 293,269,131,129 576,249,225,215 891,209,119,139
F:\工作\124-视频练习\1362383398_t@3820.jpg 898,211,123,143 572,258,213,208 266,279,144,134
F:\工作\124-视频练习\1362383398_t@3840.jpg 210,279,165,148 559,253,216,204 910,207,122,139
F:\工作\124-视频练习\1362383398_t@3860.jpg 926,205,128,154 553,258,218,210 112,276,199,188 380,262,108,105
F:\工作\124-视频练习\1362383398_t@3880.jpg 323,253,130,119 536,250,223,222 947,193,137,168 762,277,85,79
F:\工作\124-视频练习\1362383398_t@3900.jpg 265,243,150,139 524,242,236,227 975,179,154,177
F:\工作\124-视频练习\1362383398_t@3920.jpg 997,175,169,199 511,243,246,232 196,242,178,165 773,275,100,88
F:\工作\124-视频练习\1362383398_t@3940.jpg 105,241,214,201 507,249,243,231 1030,175,186,213
F:\工作\124-视频练习\1362383398_t@3960.jpg 508,256,237,226 799,282,118,107
F:\工作\124-视频练习\1362383398_t@3980.jpg 476,252,257,243 825,284,150,123
F:\工作\124-视频练习\1362383398_t@4000.jpg 390,241,301,281 861,280,195,149
F:\工作\124-视频练习\1362383398_t@4020.jpg 924,275,268,211 252,229,375,334
F:\工作\124-视频练习\1362383398_t@4040.jpg 83,232,452,385
F:\工作\124-视频练习\1362383398_t@4060.jpg 902,275,177,150
F:\工作\124-视频练习\1362383398_t@4080.jpg 872,263,142,114
F:\工作\124-视频练习\1362383398_t@4100.jpg 1102,275,153,123
F:\工作\124-视频练习\1362383398_t@4120.jpg 56,233,545,457
F:\工作\124-视频练习\1362383398_t@4140.jpg 262,233,442,394
F:\工作\124-视频练习\1362383398_t@4160.jpg 434,229,394,356
F:\工作\124-视频练习\1362383398_t@4180.jpg 606,235,380,345
F:\工作\124-视频练习\1362383398_t@4200.jpg 62,237,329,307 716,256,397,358
F:\工作\124-视频练习\1362383398_t@4220.jpg 205,238,283,265 815,254,396,373
F:\工作\124-视频练习\1362383398_t@4240.jpg 306,240,249,229 887,253,386,379
F:\工作\124-视频练习\1362383398_t@4260.jpg 348,241,222,217 771,284,121,115 911,254,366,385
F:\工作\124-视频练习\1362383398_t@4280.jpg 640,279,144,134 871,243,403,415 244,228,233,223
F:\工作\124-视频练习\1362383398_t@4300.jpg 466,277,166,148 770,238,465,415
F:\工作\124-视频练习\1362383398_t@4320.jpg 663,235,446,396 263,269,199,187
F:\工作\124-视频练习\1362383398_t@4340.jpg 581,247,409,363 32,274,248,210 434,262,151,158
F:\工作\124-视频练习\1362383398_t@4360.jpg 527,252,382,345
F:\工作\124-视频练习\1362383398_t@4380.jpg 181,260,194,178 471,255,376,328
F:\工作\124-视频练习\1362383398_t@4400.jpg 443,238,399,362 59,246,224,213
F:\工作\124-视频练习\1362383398_t@4420.jpg 434,238,419,369
F:\工作\124-视频练习\1362383398_t@4440.jpg 422,241,428,375
F:\工作\124-视频练习\1362383398_t@4460.jpg 352,237,456,397
F:\工作\124-视频练习\1362383398_t@4480.jpg 247,233,494,421
F:\工作\124-视频练习\1362383398_t@4500.jpg 65,215,551,480
F:\工作\124-视频练习\1362383398_t@4640.jpg 55,251,388,338
F:\工作\124-视频练习\1362383398_t@4660.jpg 213,247,331,283
F:\工作\124-视频练习\1362383398_t@4680.jpg 358,250,312,262
F:\工作\124-视频练习\1362383398_t@4700.jpg 467,251,309,267
F:\工作\124-视频练习\1362383398_t@4720.jpg 473,242,338,293
F:\工作\124-视频练习\1362383398_t@4740.jpg 98,271,224,180 482,222,372,343
F:\工作\124-视频练习\1362383398_t@4760.jpg 488,248,401,363 183,286,194,163
F:\工作\124-视频练习\1362383398_t@4780.jpg 226,281,163,136 506,261,418,355
F:\工作\124-视频练习\1362383398_t@4800.jpg 217,287,137,113 542,247,379,354
F:\工作\124-视频练习\1362383398_t@4820.jpg 572,251,350,324 190,285,121,102 424,282,158,137
F:\工作\124-视频练习\1362383398_t@4840.jpg 387,277,165,141 623,252,332,303 180,284,114,95
F:\工作\124-视频练习\1362383398_t@4860.jpg 140,278,113,91 325,274,176,144 630,245,311,298
F:\工作\124-视频练习\1362383398_t@4880.jpg 608,246,314,295 249,274,192,156 94,277,115,97
F:\工作\124-视频练习\1362383398_t@4900.jpg 152,262,223,188 439,272,105,95 578,240,333,312
F:\工作\124-视频练习\1362383398_t@4920.jpg 54,265,262,208 399,272,125,109 555,242,341,319
F:\工作\124-视频练习\1362383398_t@4940.jpg 551,234,347,313 375,273,141,122
F:\工作\124-视频练习\1362383398_t@4960.jpg 363,270,167,143 599,238,321,290
F:\工作\124-视频练习\1362383398_t@4980.jpg 415,279,192,163 724,253,260,235
F:\工作\124-视频练习\1362383398_t@5000.jpg 490,278,212,182 820,257,199,185
F:\工作\124-视频练习\1362383398_t@5020.jpg 830,263,152,141 516,277,228,194 333,280,105,96
F:\工作\124-视频练习\1362383398_t@5040.jpg 371,278,100,88 508,282,251,218 808,265,120,110
F:\工作\124-视频练习\1362383398_t@5060.jpg 781,269,98,90 495,285,276,237 389,279,96,81
F:\工作\124-视频练习\1362383398_t@5080.jpg 397,280,95,82 470,281,306,257 767,269,80,78
F:\工作\124-视频练习\1362383398_t@5100.jpg 445,286,327,273 743,274,68,68 389,279,91,80
F:\工作\124-视频练习\1362383398_t@5120.jpg 395,281,90,79 438,283,337,286 737,272,63,64
F:\工作\124-视频练习\1362383398_t@5140.jpg 28,275,256,205 430,288,339,293 392,285,92,76 725,278,56,55
F:\工作\124-视频练习\1362383398_t@5160.jpg 426,288,343,289 57,270,239,196 378,280,88,80
F:\工作\124-视频练习\1362383398_t@5180.jpg 65,269,236,184 433,283,326,281
F:\工作\124-视频练习\1362383398_t@5220.jpg 450,280,26,8 774,544,-677,-269
F:\工作\124-视频练习\1362383398_t@5240.jpg 94,278,241,184 505,289,291,247
F:\工作\124-视频练习\1362383398_t@5260.jpg 514,291,306,265 44,279,259,210
F:\工作\124-视频练习\1362383398_t@5280.jpg 502,276,332,287
F:\工作\124-视频练习\1362383398_t@5300.jpg 478,281,345,293 362,277,103,88
F:\工作\124-视频练习\1362383398_t@5320.jpg 457,290,358,303 348,288,105,89
F:\工作\124-视频练习\1362383398_t@5340.jpg 436,285,384,320 894,252,266,250 352,281,97,93
F:\工作\124-视频练习\1362383398_t@5360.jpg 412,285,416,361 852,250,237,222 370,279,98,90
F:\工作\124-视频练习\1362383398_t@5380.jpg 399,285,444,365 835,255,212,200
F:\工作\124-视频练习\1362383398_t@5400.jpg 413,284,428,366 830,256,189,177
F:\工作\124-视频练习\1362383398_t@5420.jpg 66,263,268,214 447,280,398,353 827,257,176,167
F:\工作\124-视频练习\1362383398_t@5440.jpg 177,274,229,186 482,289,360,311 826,264,166,150
F:\工作\124-视频练习\1362383398_t@5460.jpg 482,292,344,299 230,276,209,168 818,267,158,139
F:\工作\124-视频练习\1362383398_t@5480.jpg 241,267,194,159 457,280,352,304 799,259,154,142
F:\工作\124-视频练习\1362383398_t@5500.jpg 790,266,144,134 427,289,365,309 258,274,176,144
F:\工作\124-视频练习\1362383398_t@5520.jpg 271,261,151,134 390,270,370,314 773,251,142,129
F:\工作\124-视频练习\1362383398_t@5540.jpg 281,282,140,117 368,290,357,303 759,273,132,118
F:\工作\124-视频练习\1362383398_t@5560.jpg 332,278,357,306 751,260,126,118
F:\工作\124-视频练习\1362383398_t@5580.jpg 291,282,370,307 739,270,115,105
F:\工作\124-视频练习\1362383398_t@5600.jpg 741,266,105,100 284,281,353,303
F:\工作\124-视频练习\1362383398_t@5620.jpg 311,283,325,291 754,272,96,95
F:\工作\124-视频练习\1362383398_t@5640.jpg 345,293,306,253 779,277,94,87
F:\工作\124-视频练习\1362383398_t@5660.jpg 383,283,285,251 819,275,91,87
F:\工作\124-视频练习\1362383398_t@5680.jpg 374,282,298,257 849,276,91,86
F:\工作\124-视频练习\1362383398_t@5700.jpg 353,281,314,268 895,276,83,84
F:\工作\124-视频练习\1362383398_t@5720.jpg 336,267,330,287
F:\工作\124-视频练习\1362383398_t@5740.jpg 308,278,356,301
F:\工作\124-视频练习\1362383398_t@5760.jpg 271,277,393,331
F:\工作\124-视频练习\1362383398_t@5780.jpg 238,275,429,363
F:\工作\124-视频练习\1362383398_t@5800.jpg 244,279,424,356
F:\工作\124-视频练习\1362383398_t@5820.jpg 268,284,404,350
F:\工作\124-视频练习\1362383398_t@5840.jpg 274,282,407,350
F:\工作\124-视频练习\1362383398_t@5860.jpg 237,281,447,370
F:\工作\124-视频练习\1362383398_t@5880.jpg 198,277,498,420
F:\工作\124-视频练习\1362383398_t@5900.jpg 23,270,229,205 175,282,524,426
F:\工作\124-视频练习\1362383398_t@5920.jpg 172,285,531,416 58,277,219,188
F:\工作\124-视频练习\1362383398_t@5940.jpg 171,286,537,424
F:\工作\124-视频练习\1362383398_t@5960.jpg 167,284,543,430
F:\工作\124-视频练习\1362383398_t@5980.jpg 176,288,547,429
F:\工作\124-视频练习\1362383398_t@6000.jpg 225,288,496,422
F:\工作\124-视频练习\1362383398_t@6020.jpg 269,291,449,408
F:\工作\124-视频练习\1362383398_t@6040.jpg 281,286,456,395
F:\工作\124-视频练习\1362383398_t@6060.jpg 245,280,510,426
F:\工作\124-视频练习\1362383398_t@6080.jpg 232,276,539,434
F:\工作\124-视频练习\1362383398_t@6100.jpg 258,288,510,413
F:\工作\124-视频练习\1362383398_t@6120.jpg 293,293,473,398
F:\工作\124-视频练习\1362383398_t@6140.jpg 303,292,456,391
F:\工作\124-视频练习\1362383398_t@6160.jpg 308,285,442,380
F:\工作\124-视频练习\1362383398_t@6180.jpg 284,286,473,386
F:\工作\124-视频练习\1362383398_t@6200.jpg 264,283,515,420
F:\工作\124-视频练习\1362383398_t@6220.jpg 256,278,526,430
F:\工作\124-视频练习\1362383398_t@6240.jpg 310,283,465,405
F:\工作\124-视频练习\1362383398_t@6260.jpg 353,286,408,358 99,276,220,190
F:\工作\124-视频练习\1362383398_t@6280.jpg 33,280,245,215 357,284,426,361
F:\工作\124-视频练习\1362383398_t@6300.jpg 376,283,442,367
F:\工作\124-视频练习\1362383398_t@6320.jpg 410,285,425,346
F:\工作\124-视频练习\1362383398_t@6340.jpg 437,296,411,342
F:\工作\124-视频练习\1362383398_t@6360.jpg 460,290,426,359
F:\工作\124-视频练习\1362383398_t@6380.jpg 443,288,471,384
F:\工作\124-视频练习\1362383398_t@6400.jpg 432,293,494,409
F:\工作\124-视频练习\1362383398_t@6420.jpg 429,287,479,384
F:\工作\124-视频练习\1362383398_t@6440.jpg 429,284,466,382
F:\工作\124-视频练习\1362383398_t@6460.jpg 446,288,449,368
F:\工作\124-视频练习\1362383398_t@6480.jpg 470,290,420,349
F:\工作\124-视频练习\1362383398_t@6500.jpg 509,300,369,313
F:\工作\124-视频练习\1362383398_t@6520.jpg 521,291,351,302
F:\工作\124-视频练习\1362383398_t@6540.jpg 528,284,360,311
F:\工作\124-视频练习\1362383398_t@6560.jpg 544,291,358,299
F:\工作\124-视频练习\1362383398_t@6580.jpg 566,287,337,288 392,279,177,155
F:\工作\124-视频练习\1362383398_t@6600.jpg 591,292,304,260 410,285,171,146
F:\工作\124-视频练习\1362383398_t@6620.jpg 419,279,167,148 598,283,294,255
F:\工作\124-视频练习\1362383398_t@6640.jpg 601,279,292,256 422,273,163,130
F:\工作\124-视频练习\1362383398_t@6660.jpg 606,291,283,246 421,281,149,129
F:\工作\124-视频练习\1362383398_t@6680.jpg 427,280,135,111 595,284,258,224
F:\工作\124-视频练习\1362383398_t@6700.jpg 570,290,227,195 447,282,117,106
F:\工作\124-视频练习\1362383398_t@6720.jpg 542,277,196,173
F:\工作\124-视频练习\1362383398_t@6740.jpg 505,279,180,165
F:\工作\124-视频练习\1362383398_t@6760.jpg 486,282,172,149
F:\工作\124-视频练习\1362383398_t@6780.jpg 513,294,166,148
F:\工作\124-视频练习\1362383398_t@6880.jpg 554,268,187,163
F:\工作\124-视频练习\1362383398_t@6900.jpg 583,288,179,160
F:\工作\124-视频练习\1362383398_t@6920.jpg 602,291,171,152
F:\工作\124-视频练习\1362383398_t@6940.jpg 636,289,161,145 92,285,437,381
F:\工作\124-视频练习\1362383398_t@6960.jpg 159,287,393,332 676,292,154,134
F:\工作\124-视频练习\1362383398_t@6980.jpg 760,284,147,136 195,284,382,319
F:\工作\124-视频练习\1362383398_t@7000.jpg 233,281,394,338 865,282,154,134 658,275,107,94
F:\工作\124-视频练习\1362383398_t@7020.jpg 268,273,427,378 969,279,167,143 689,272,110,97
F:\工作\124-视频练习\1362383398_t@7040.jpg 310,286,452,375 1059,298,180,150
F:\工作\124-视频练习\1362383398_t@7060.jpg 383,278,441,363
F:\工作\124-视频练习\1362383398_t@7080.jpg 471,274,405,337
F:\工作\124-视频练习\1362383398_t@7100.jpg 517,275,330,273
F:\工作\124-视频练习\1362383398_t@7120.jpg 531,286,259,222
F:\工作\124-视频练习\1362383398_t@7140.jpg 518,290,216,190
F:\工作\124-视频练习\1362383398_t@7160.jpg 512,289,191,161
F:\工作\124-视频练习\1362383398_t@7180.jpg 482,281,169,139
F:\工作\124-视频练习\1362383398_t@7200.jpg 467,278,156,134
F:\工作\124-视频练习\1362383398_t@7220.jpg 460,280,140,126
F:\工作\124-视频练习\1362383398_t@7240.jpg 466,284,135,117
F:\工作\124-视频练习\1362383398_t@7260.jpg 478,282,135,111
F:\工作\124-视频练习\1362383398_t@7280.jpg 494,273,125,112
F:\工作\124-视频练习\1362383398_t@7300.jpg 492,289,129,115
F:\工作\124-视频练习\1362383398_t@7320.jpg 492,277,138,115
F:\工作\124-视频练习\1362383398_t@7340.jpg 491,274,139,120
F:\工作\124-视频练习\1362383398_t@7360.jpg 498,275,156,133
F:\工作\124-视频练习\1362383398_t@7380.jpg 504,283,162,144
F:\工作\124-视频练习\1362383398_t@7400.jpg 488,269,178,160
F:\工作\124-视频练习\1362383398_t@7420.jpg 467,274,185,170
F:\工作\124-视频练习\1362383398_t@7440.jpg 456,277,201,179
F:\工作\124-视频练习\1362383398_t@7460.jpg 446,274,216,191
F:\工作\124-视频练习\1362383398_t@7480.jpg 443,272,231,201
F:\工作\124-视频练习\1362383398_t@7500.jpg 433,275,245,205
F:\工作\124-视频练习\1362383398_t@7520.jpg 433,278,245,212
F:\工作\124-视频练习\1362383398_t@7540.jpg 445,277,252,215
F:\工作\124-视频练习\1362383398_t@7560.jpg 456,285,249,218
F:\工作\124-视频练习\1362383398_t@7580.jpg 461,280,246,215
F:\工作\124-视频练习\1362383398_t@7600.jpg 459,278,237,207
F:\工作\124-视频练习\1362383398_t@7620.jpg 448,281,232,199
F:\工作\124-视频练习\1362383398_t@7640.jpg 458,283,222,186
F:\工作\124-视频练习\1362383398_t@7660.jpg 438,278,218,189
F:\工作\124-视频练习\1362383398_t@7680.jpg 418,277,212,186
F:\工作\124-视频练习\1362383398_t@7700.jpg 428,283,203,169
F:\工作\124-视频练习\1362383398_t@7720.jpg 441,284,198,174
F:\工作\124-视频练习\1362383398_t@7740.jpg 464,280,201,175
F:\工作\124-视频练习\1362383398_t@7760.jpg 483,281,204,171
F:\工作\124-视频练习\1362383398_t@7780.jpg 495,285,218,199
F:\工作\124-视频练习\1362383398_t@7800.jpg 475,285,257,216
F:\工作\124-视频练习\1362383398_t@7820.jpg 448,278,305,253
F:\工作\124-视频练习\1362383398_t@7840.jpg 407,270,361,312
F:\工作\124-视频练习\1362383398_t@7860.jpg 370,276,403,348
F:\工作\124-视频练习\1362383398_t@7880.jpg 339,276,433,380
F:\工作\124-视频练习\1362383398_t@7900.jpg 306,281,441,357
F:\工作\124-视频练习\1362383398_t@7920.jpg 273,279,430,352
F:\工作\124-视频练习\1362383398_t@7940.jpg 280,272,386,326
F:\工作\124-视频练习\1362383398_t@7960.jpg 314,270,344,295
F:\工作\124-视频练习\1362383398_t@7980.jpg 371,277,311,262
F:\工作\124-视频练习\1362383398_t@8000.jpg 408,284,274,237
F:\工作\124-视频练习\1362383398_t@8020.jpg 432,291,258,214
F:\工作\124-视频练习\1362383398_t@8040.jpg 456,286,238,200
F:\工作\124-视频练习\1362383398_t@8060.jpg 463,281,236,191
F:\工作\124-视频练习\1362383398_t@8080.jpg 466,274,230,200
F:\工作\124-视频练习\1362383398_t@8100.jpg 466,285,227,197
F:\工作\124-视频练习\1362383398_t@8120.jpg 458,283,219,173
F:\工作\124-视频练习\1362383398_t@8140.jpg 473,288,195,168
F:\工作\124-视频练习\1362383398_t@8160.jpg 485,287,173,156
F:\工作\124-视频练习\1362383398_t@8180.jpg 489,274,170,144
F:\工作\124-视频练习\1362383398_t@8200.jpg 505,288,155,137
F:\工作\124-视频练习\1362383398_t@8220.jpg 534,268,149,124
F:\工作\124-视频练习\1362383398_t@8240.jpg 517,285,137,123 679,285,97,79
F:\工作\124-视频练习\1362383398_t@8260.jpg 469,284,129,113 702,283,91,80
F:\工作\124-视频练习\1362383398_t@8300.jpg 442,298,118,106 900,293,94,78
F:\工作\124-视频练习\1362383398_t@8320.jpg 551,293,117,102 1079,304,105,78
F:\工作\124-视频练习\1362383398_t@8340.jpg 709,298,117,98
F:\工作\124-视频练习\1362383398_t@8360.jpg 119,272,212,177 709,288,117,104
F:\工作\124-视频练习\1362383398_t@8380.jpg 105,274,204,175 643,285,109,100
F:\工作\124-视频练习\1362383398_t@8400.jpg 97,276,216,190 631,283,115,102
F:\工作\124-视频练习\1362383398_t@8420.jpg 623,290,116,104 67,284,230,191
F:\工作\124-视频练习\1362383398_t@8440.jpg 603,281,117,111
F:\工作\124-视频练习\1362383398_t@8460.jpg 547,285,128,112
F:\工作\124-视频练习\1362383398_t@8480.jpg 465,283,142,120
F:\工作\124-视频练习\1362383398_t@8500.jpg 400,277,156,138 73,257,76,73 220,272,38,36
F:\工作\124-视频练习\1362383398_t@8520.jpg 357,283,162,145 114,264,75,71 237,280,36,35
F:\工作\124-视频练习\1362383398_t@8540.jpg 161,261,71,68 321,277,174,150 518,264,39,48 587,280,32,22
F:\工作\124-视频练习\1362383398_t@8560.jpg 300,282,191,163 546,270,40,48 619,282,30,27 209,268,65,63
F:\工作\124-视频练习\1362383398_t@8580.jpg 328,281,201,173 589,270,34,48 659,282,33,28 267,269,69,60
F:\工作\124-视频练习\1362383398_t@8600.jpg 310,264,61,60 368,277,201,179 607,267,39,50 681,281,33,29
F:\工作\124-视频练习\1362383398_t@8620.jpg 424,278,198,175 702,282,32,29 345,262,63,59
F:\工作\124-视频练习\1362383398_t@8640.jpg 370,272,59,53 471,287,196,173 715,288,35,28
F:\工作\124-视频练习\1362383398_t@8660.jpg 33,255,93,84 281,271,60,45 367,262,59,56 486,275,196,175 712,282,32,31
F:\工作\124-视频练习\1362383398_t@8680.jpg 494,288,186,168 362,272,58,60 44,265,97,84 711,289,38,33 279,281,48,47
F:\工作\124-视频练习\1362383398_t@8700.jpg 280,279,48,45 362,270,57,60 507,287,178,160 57,261,86,82 723,286,41,37
F:\工作\124-视频练习\1362383398_t@8720.jpg 513,283,178,153 757,284,41,37 363,268,59,58 69,260,85,85
F:\工作\124-视频练习\1362383398_t@8740.jpg 512,281,174,153 799,285,50,41 70,260,92,80 360,265,62,56 295,275,49,43
F:\工作\124-视频练习\1362383398_t@8760.jpg 503,277,186,162 852,285,57,50 353,258,60,58 64,255,88,79 290,266,48,47
F:\工作\124-视频练习\1362383398_t@8780.jpg 508,279,188,164 68,255,82,78 359,262,59,57 927,296,64,56 296,272,49,41
F:\工作\124-视频练习\1362383398_t@8800.jpg 503,279,186,169 1022,308,76,59 349,264,61,63 295,276,52,42 66,257,88,83
F:\工作\124-视频练习\1362383398_t@8820.jpg 65,253,96,81 352,261,60,62 510,280,188,167 1146,320,90,74 300,271,44,41
F:\工作\124-视频练习\1362383398_t@8840.jpg 516,282,185,162 343,265,64,56 74,258,90,84
F:\工作\124-视频练习\1362383398_t@8860.jpg 78,258,85,78 343,263,59,58 524,281,183,158
F:\工作\124-视频练习\1362383398_t@8880.jpg 538,283,177,154 90,261,87,76 346,265,61,57
F:\工作\124-视频练习\1362383398_t@8900.jpg 547,277,175,155 354,263,59,55 106,259,81,72
F:\工作\124-视频练习\1362383398_t@8920.jpg 116,266,84,70 361,270,56,54 550,287,173,151
F:\工作\124-视频练习\1362383398_t@8940.jpg 546,278,166,153 364,260,58,57 130,255,76,72
F:\工作\124-视频练习\1362383398_t@8960.jpg 139,258,77,65 369,261,55,53 542,278,168,150
F:\工作\124-视频练习\1362383398_t@8980.jpg 550,282,164,148 384,265,56,56 161,261,71,64
F:\工作\124-视频练习\1362383398_t@9000.jpg 169,265,71,63 382,267,56,54 544,282,164,146
F:\工作\124-视频练习\1362383398_t@9020.jpg 556,283,158,141 393,270,53,51 191,265,70,63
F:\工作\124-视频练习\1362383398_t@9040.jpg 199,259,70,60 396,265,51,49 553,279,163,140
F:\工作\124-视频练习\1362383398_t@9060.jpg 221,268,63,54 406,268,51,50 561,281,151,135
F:\工作\124-视频练习\1362383398_t@9080.jpg 568,288,145,128 242,269,67,55 418,272,55,45
F:\工作\124-视频练习\1362383398_t@9100.jpg 574,282,147,129 258,267,66,54 427,267,49,46
F:\工作\124-视频练习\1362383398_t@9120.jpg 585,279,146,130 438,267,47,44 278,263,62,56
F:\工作\124-视频练习\1362383398_t@9140.jpg 592,278,140,131 297,269,56,53 442,271,44,42
F:\工作\124-视频练习\1362383398_t@9160.jpg 593,287,133,119 443,274,46,44 313,272,57,53
F:\工作\124-视频练习\1362383398_t@9180.jpg 333,266,57,51 442,270,46,40 591,286,133,114
F:\工作\124-视频练习\1362383398_t@9200.jpg 591,282,128,112 355,267,58,48 449,269,40,39
F:\工作\124-视频练习\1362383398_t@9220.jpg 578,280,132,114
F:\工作\124-视频练习\1362383398_t@9240.jpg 581,284,126,112 395,268,55,48
F:\工作\124-视频练习\1362383398_t@9260.jpg 402,267,52,46 578,280,125,116
F:\工作\124-视频练习\1362383398_t@9280.jpg 569,282,129,111
F:\工作\124-视频练习\1362383398_t@9300.jpg 572,283,133,115 419,266,50,46
F:\工作\124-视频练习\1362383398_t@9320.jpg 419,262,55,44 569,279,130,111
F:\工作\124-视频练习\1362383398_t@9340.jpg 545,278,137,115 407,261,55,45
F:\工作\124-视频练习\1362383398_t@9360.jpg 543,279,134,116 415,261,50,45 356,266,43,38 984,291,54,41 888,284,34,32
F:\工作\124-视频练习\1362383398_t@9380.jpg 366,265,40,38 429,260,50,43 541,275,139,127 1014,285,58,52
F:\工作\124-视频练习\1362383398_t@9400.jpg 550,278,147,119 1044,293,61,57
F:\工作\124-视频练习\1362383398_t@9420.jpg 568,284,144,120
F:\工作\124-视频练习\1362383398_t@9440.jpg 559,278,146,130 1,269,142,115
F:\工作\124-视频练习\1362383398_t@9480.jpg 169,265,106,90 550,275,153,133
F:\工作\124-视频练习\1362383398_t@9500.jpg 557,277,157,139 229,269,88,81
F:\工作\124-视频练习\1362383398_t@9520.jpg 280,269,78,70 561,277,153,140
F:\工作\124-视频练习\1362383398_t@9540.jpg 559,282,154,132
F:\工作\124-视频练习\1362383398_t@9560.jpg 102,267,114,93 356,270,63,60 569,275,147,135
F:\工作\124-视频练习\1362383398_t@9580.jpg 572,283,144,125 376,273,63,56 174,275,93,79
F:\工作\124-视频练习\1362383398_t@9600.jpg 224,273,89,73 401,276,59,50 579,281,139,128
F:\工作\124-视频练习\1362383398_t@9620.jpg 586,283,143,123 432,278,58,44 274,276,75,64
F:\工作\124-视频练习\1362383398_t@9640.jpg 294,273,74,59 583,281,143,121
F:\工作\124-视频练习\1362383398_t@9660.jpg 590,296,142,120 315,291,69,56
F:\工作\124-视频练习\1362383398_t@9680.jpg 330,282,70,54 592,287,141,123
F:\工作\124-视频练习\1362383398_t@9700.jpg 581,287,144,125 336,280,63,56
F:\工作\124-视频练习\1362383398_t@9720.jpg 561,281,149,130 331,277,61,54 251,278,55,46
F:\工作\124-视频练习\1362383398_t@9740.jpg 555,282,148,133 344,275,66,57 251,275,50,46
F:\工作\124-视频练习\1362383398_t@9760.jpg 265,279,51,51 378,282,59,49 561,284,151,131
F:\工作\124-视频练习\1362383398_t@9780.jpg 564,287,144,124 394,284,56,43 272,283,54,44
F:\工作\124-视频练习\1362383398_t@9800.jpg 561,285,143,123 399,283,56,46 270,281,49,45
F:\工作\124-视频练习\1362383398_t@9820.jpg 566,290,140,123
F:\工作\124-视频练习\1362383398_t@9840.jpg 561,287,136,121 270,282,49,48
F:\工作\124-视频练习\1362383398_t@9860.jpg 550,286,144,122 271,281,52,47 413,284,54,44
F:\工作\124-视频练习\1362383398_t@9880.jpg 551,281,141,130 275,281,54,47
F:\工作\124-视频练习\1362383398_t@9900.jpg 533,289,145,126 266,286,56,45
F:\工作\124-视频练习\1362383398_t@9920.jpg 522,287,154,134 279,278,52,48
F:\工作\124-视频练习\1362383398_t@9940.jpg 501,278,158,137 278,275,53,43
F:\工作\124-视频练习\1362383398_t@9960.jpg 470,270,157,141 272,273,53,47
F:\工作\124-视频练习\1362383398_t@9980.jpg 432,284,159,143 263,285,55,48
F:\工作\124-视频练习\1362383398_t@10000.jpg 371,276,164,150 249,274,59,51
F:\工作\124-视频练习\1362383398_t@10020.jpg 299,283,178,158 622,291,52,42
F:\工作\124-视频练习\1362383398_t@10040.jpg 192,284,209,180 459,256,81,113 616,286,58,51
F:\工作\124-视频练习\1362383398_t@10060.jpg 40,280,259,222 426,256,87,110 616,290,58,50
F:\工作\124-视频练习\1362383398_t@10080.jpg 376,247,97,126 598,288,64,57
F:\工作\124-视频练习\1362383398_t@10100.jpg 338,245,105,131 595,284,68,57
F:\工作\124-视频练习\1362383398_t@10120.jpg 308,240,110,152 590,284,74,69
F:\工作\124-视频练习\1362383398_t@10140.jpg 279,235,121,153 580,281,84,73 154,276,75,58
F:\工作\124-视频练习\1362383398_t@10160.jpg 247,233,122,160 561,285,89,77
F:\工作\124-视频练习\1362383398_t@10180.jpg 245,232,124,161 566,280,94,84
F:\工作\124-视频练习\1362383398_t@10200.jpg 257,225,125,160 575,274,102,86
F:\工作\124-视频练习\1362383398_t@10220.jpg 228,229,126,155 545,277,103,93
F:\工作\124-视频练习\1362383398_t@10240.jpg 235,233,121,153 533,283,112,102
F:\工作\124-视频练习\1362383398_t@10280.jpg 244,232,109,139 524,279,130,103
F:\工作\124-视频练习\1362383398_t@10300.jpg 500,278,134,117 195,232,109,138
F:\工作\124-视频练习\1362383398_t@10320.jpg 139,233,105,131 482,274,142,126
F:\工作\124-视频练习\1362383398_t@10340.jpg 482,283,148,131 96,237,98,125
F:\工作\124-视频练习\1362383398_t@10360.jpg 51,242,98,119 464,246,33,44 473,280,162,140
F:\工作\124-视频练习\1362383398_t@10380.jpg 472,287,170,150 437,248,34,44
F:\工作\124-视频练习\1362383398_t@10400.jpg 471,278,187,164 662,271,62,56
F:\工作\124-视频练习\1362383398_t@10420.jpg 486,280,174,155 677,272,62,55
F:\工作\124-视频练习\1362383398_t@10440.jpg 506,277,176,154 693,275,61,56
F:\工作\124-视频练习\1362383398_t@10460.jpg 522,280,174,156 707,282,64,55
F:\工作\124-视频练习\1362383398_t@10480.jpg 520,305,184,159 713,307,60,50
F:\工作\124-视频练习\1362383398_t@10500.jpg 522,290,182,156
F:\工作\124-视频练习\1362383398_t@10520.jpg 523,271,189,170
F:\工作\124-视频练习\1362383398_t@10540.jpg 573,287,191,166
F:\工作\124-视频练习\1362383398_t@10560.jpg 558,268,187,163
F:\工作\124-视频练习\1362383398_t@10580.jpg 563,290,183,153
F:\工作\124-视频练习\1362383398_t@10600.jpg 583,289,172,150
F:\工作\124-视频练习\1362383398_t@10640.jpg 550,277,158,138
F:\工作\124-视频练习\1362383398_t@10660.jpg 572,280,152,127
F:\工作\124-视频练习\1362383398_t@10680.jpg 606,283,144,123
F:\工作\124-视频练习\1362383398_t@10700.jpg 612,282,143,123
F:\工作\124-视频练习\1362383398_t@10720.jpg 594,287,143,124
F:\工作\124-视频练习\1362383398_t@10740.jpg 592,279,145,131
F:\工作\124-视频练习\1362383398_t@10760.jpg 614,285,145,129
F:\工作\124-视频练习\1362383398_t@10780.jpg 619,286,150,133
F:\工作\124-视频练习\1362383398_t@10800.jpg 622,289,158,140
F:\工作\124-视频练习\1362383398_t@10820.jpg 610,275,161,137
F:\工作\124-视频练习\1362383398_t@10840.jpg 608,285,163,149
F:\工作\124-视频练习\1362383398_t@10860.jpg 602,281,164,146
F:\工作\124-视频练习\1362383398_t@10880.jpg 598,297,162,141
F:\工作\124-视频练习\1362383398_t@10920.jpg 541,308,160,144 712,307,67,57
F:\工作\124-视频练习\1362383398_t@10940.jpg 543,281,168,145 730,276,69,63
F:\工作\124-视频练习\1362383398_t@10960.jpg 553,296,166,146 758,286,69,60
F:\工作\124-视频练习\1362383398_t@10980.jpg 556,271,159,140 764,274,61,58
F:\工作\124-视频练习\1362383398_t@11020.jpg 589,300,169,146
F:\工作\124-视频练习\1362383398_t@11040.jpg 567,284,175,164
F:\工作\124-视频练习\1362383398_t@11060.jpg 534,254,188,160
F:\工作\124-视频练习\1362383398_t@11080.jpg 548,280,183,157
F:\工作\124-视频练习\1362383398_t@11100.jpg 575,280,172,157
F:\工作\124-视频练习\1362383398_t@11120.jpg 593,282,166,148
F:\工作\124-视频练习\1362383398_t@11140.jpg 609,285,170,154
F:\工作\124-视频练习\1362383398_t@11160.jpg 630,277,172,152
F:\工作\124-视频练习\1362383398_t@11180.jpg 641,280,179,154
F:\工作\124-视频练习\1362383398_t@11200.jpg 635,283,177,156
F:\工作\124-视频练习\1362383398_t@11220.jpg 629,283,179,154
F:\工作\124-视频练习\1362383398_t@11240.jpg 637,284,164,147
F:\工作\124-视频练习\1362383398_t@11260.jpg 633,289,166,144
F:\工作\124-视频练习\1362383398_t@11280.jpg 619,281,166,150
F:\工作\124-视频练习\1362383398_t@11300.jpg 597,280,168,150
F:\工作\124-视频练习\1362383398_t@11320.jpg 589,282,169,145 756,283,61,54
F:\工作\124-视频练习\1362383398_t@11340.jpg 593,280,177,151
F:\工作\124-视频练习\1362383398_t@11360.jpg 599,285,174,157
F:\工作\124-视频练习\1362383398_t@11380.jpg 595,283,185,162
F:\工作\124-视频练习\1362383398_t@11400.jpg 552,279,192,168
F:\工作\124-视频练习\1362383398_t@11420.jpg 535,276,195,171
F:\工作\124-视频练习\1362383398_t@11440.jpg 521,276,194,170
F:\工作\124-视频练习\1362383398_t@11460.jpg 532,278,179,164
F:\工作\124-视频练习\1362383398_t@11480.jpg 531,293,167,145
F:\工作\124-视频练习\1362383398_t@11500.jpg 519,276,160,138
F:\工作\124-视频练习\1362383398_t@11520.jpg 525,272,159,137
F:\工作\124-视频练习\1362383398_t@11540.jpg 533,283,156,133
F:\工作\124-视频练习\1362383398_t@11560.jpg 542,296,157,136
F:\工作\124-视频练习\1362383398_t@11580.jpg 544,283,156,141
F:\工作\124-视频练习\1362383398_t@11600.jpg 530,278,161,147
F:\工作\124-视频练习\1362383398_t@11620.jpg 536,274,160,141
F:\工作\124-视频练习\1362383398_t@11640.jpg 540,279,153,131
F:\工作\124-视频练习\1362383398_t@11660.jpg 542,294,147,126
F:\工作\124-视频练习\1362383398_t@11680.jpg 568,283,138,121
F:\工作\124-视频练习\1362383398_t@11700.jpg 578,282,130,112
