F:\工作\124-视频练习\1362383003_t@0.jpg 561,281,33,25 608,285,32,26
F:\工作\124-视频练习\1362383003_t@80.jpg 570,277,31,27
F:\工作\124-视频练习\1362383003_t@100.jpg 567,275,30,23
F:\工作\124-视频练习\1362383003_t@120.jpg 576,272,32,27 641,276,29,23
F:\工作\124-视频练习\1362383003_t@140.jpg 572,277,35,27 644,280,31,27
F:\工作\124-视频练习\1362383003_t@180.jpg 555,275,37,30 637,280,34,27
F:\工作\124-视频练习\1362383003_t@200.jpg 539,273,40,29 628,276,33,25
F:\工作\124-视频练习\1362383003_t@220.jpg 537,277,40,34 633,280,33,28
F:\工作\124-视频练习\1362383003_t@240.jpg 539,277,44,31 642,276,32,29
F:\工作\124-视频练习\1362383003_t@260.jpg 532,278,46,37 645,282,32,28
F:\工作\124-视频练习\1362383003_t@280.jpg 524,276,47,40 643,278,36,29
F:\工作\124-视频练习\1362383003_t@300.jpg 508,278,58,49 646,283,33,32
F:\工作\124-视频练习\1362383003_t@320.jpg 490,277,62,51 642,282,34,28
F:\工作\124-视频练习\1362383003_t@340.jpg 467,272,71,62 639,278,35,30
F:\工作\124-视频练习\1362383003_t@360.jpg 435,264,87,73 631,270,35,32
F:\工作\124-视频练习\1362383003_t@380.jpg 400,266,103,87 619,271,36,32
F:\工作\124-视频练习\1362383003_t@400.jpg 372,264,118,102 607,271,37,33
F:\工作\124-视频练习\1362383003_t@420.jpg 310,261,136,121 574,270,37,28
F:\工作\124-视频练习\1362383003_t@440.jpg 202,262,156,134 547,275,31,27
F:\工作\124-视频练习\1362383003_t@460.jpg 65,263,172,141
F:\工作\124-视频练习\1362383003_t@680.jpg 511,288,56,41
F:\工作\124-视频练习\1362383003_t@700.jpg 502,287,50,35
F:\工作\124-视频练习\1362383003_t@740.jpg 487,286,43,29
F:\工作\124-视频练习\1362383003_t@760.jpg 482,285,37,25
F:\工作\124-视频练习\1362383003_t@1440.jpg 356,280,75,70
F:\工作\124-视频练习\1362383003_t@1460.jpg 455,280,74,62
F:\工作\124-视频练习\1362383003_t@1480.jpg 502,281,62,54
F:\工作\124-视频练习\1362383003_t@1500.jpg 507,281,56,47
F:\工作\124-视频练习\1362383003_t@1520.jpg 508,282,49,44
F:\工作\124-视频练习\1362383003_t@1540.jpg 365,281,72,76
F:\工作\124-视频练习\1362383003_t@1560.jpg 487,281,71,71
F:\工作\124-视频练习\1362383003_t@1580.jpg 549,281,65,62 501,281,34,31
F:\工作\124-视频练习\1362383003_t@1600.jpg 496,286,33,27 565,285,58,57
F:\工作\124-视频练习\1362383003_t@1620.jpg 562,286,55,48
F:\工作\124-视频练习\1362383003_t@1640.jpg 584,288,50,45
F:\工作\124-视频练习\1362383003_t@1660.jpg 631,291,48,38
F:\工作\124-视频练习\1362383003_t@1680.jpg 653,286,46,38
F:\工作\124-视频练习\1362383003_t@1760.jpg 577,282,34,31
F:\工作\124-视频练习\1362383003_t@1780.jpg 551,283,33,27
F:\工作\124-视频练习\1362383003_t@1800.jpg 541,284,30,25
F:\工作\124-视频练习\1362383003_t@1820.jpg 547,287,30,25
F:\工作\124-视频练习\1362383003_t@1880.jpg 946,269,321,267
F:\工作\124-视频练习\1362383003_t@1900.jpg 881,271,273,230
F:\工作\124-视频练习\1362383003_t@1920.jpg 838,276,227,199
F:\工作\124-视频练习\1362383003_t@1940.jpg 795,275,202,171
F:\工作\124-视频练习\1362383003_t@1960.jpg 762,272,184,158
F:\工作\124-视频练习\1362383003_t@1980.jpg 736,269,166,150
F:\工作\124-视频练习\1362383003_t@2000.jpg 737,278,155,139
F:\工作\124-视频练习\1362383003_t@2020.jpg 759,277,145,130
F:\工作\124-视频练习\1362383003_t@2040.jpg 791,270,140,126
F:\工作\124-视频练习\1362383003_t@2060.jpg 787,279,135,128
F:\工作\124-视频练习\1362383003_t@2080.jpg 799,273,137,127
F:\工作\124-视频练习\1362383003_t@2100.jpg 795,279,142,130
F:\工作\124-视频练习\1362383003_t@2140.jpg 847,265,155,134
F:\工作\124-视频练习\1362383003_t@2160.jpg 881,283,174,148
F:\工作\124-视频练习\1362383003_t@2180.jpg 933,274,192,170
F:\工作\124-视频练习\1362383003_t@2220.jpg 1025,265,253,222
F:\工作\124-视频练习\1362383003_t@2500.jpg 863,269,111,106
F:\工作\124-视频练习\1362383003_t@2520.jpg 1088,257,184,176
F:\工作\124-视频练习\1362383003_t@2600.jpg 817,283,93,83 563,278,50,46
F:\工作\124-视频练习\1362383003_t@2640.jpg 1069,285,174,155 618,275,54,53
F:\工作\124-视频练习\1362383003_t@2660.jpg 634,281,60,52
F:\工作\124-视频练习\1362383003_t@2680.jpg 636,275,62,65
F:\工作\124-视频练习\1362383003_t@2700.jpg 651,276,64,66
F:\工作\124-视频练习\1362383003_t@2720.jpg 634,275,71,70
F:\工作\124-视频练习\1362383003_t@2740.jpg 614,280,74,71
F:\工作\124-视频练习\1362383003_t@2760.jpg 604,277,84,76
F:\工作\124-视频练习\1362383003_t@2780.jpg 570,272,97,89
F:\工作\124-视频练习\1362383003_t@2800.jpg 546,265,117,110
F:\工作\124-视频练习\1362383003_t@2840.jpg 331,264,213,196
F:\工作\124-视频练习\1362383003_t@2860.jpg 27,266,344,293 1076,150,108,223
F:\工作\124-视频练习\1362383003_t@2880.jpg 887,126,169,272
F:\工作\124-视频练习\1362383003_t@2900.jpg 742,96,247,334
F:\工作\124-视频练习\1362383003_t@2920.jpg 612,58,341,406
F:\工作\124-视频练习\1362383003_t@2940.jpg 439,14,420,470
F:\工作\124-视频练习\1362383003_t@2960.jpg 212,1,496,573
F:\工作\124-视频练习\1362383003_t@3220.jpg 24,286,382,353
F:\工作\124-视频练习\1362383003_t@3240.jpg 424,284,273,238
F:\工作\124-视频练习\1362383003_t@3260.jpg 556,290,218,201
F:\工作\124-视频练习\1362383003_t@3280.jpg 598,281,180,164
F:\工作\124-视频练习\1362383003_t@3300.jpg 614,290,151,139
F:\工作\124-视频练习\1362383003_t@3320.jpg 617,290,133,122
F:\工作\124-视频练习\1362383003_t@3340.jpg 619,290,126,107
F:\工作\124-视频练习\1362383003_t@3360.jpg 629,293,112,95
F:\工作\124-视频练习\1362383003_t@3380.jpg 590,283,112,97
F:\工作\124-视频练习\1362383003_t@3400.jpg 557,285,111,98
F:\工作\124-视频练习\1362383003_t@3420.jpg 490,283,114,105
F:\工作\124-视频练习\1362383003_t@3460.jpg 355,274,132,116
F:\工作\124-视频练习\1362383003_t@3480.jpg 316,275,146,126
F:\工作\124-视频练习\1362383003_t@3500.jpg 274,271,155,142
F:\工作\124-视频练习\1362383003_t@3520.jpg 230,267,172,149 590,272,36,35
F:\工作\124-视频练习\1362383003_t@3540.jpg 197,266,184,159 593,273,42,38
F:\工作\124-视频练习\1362383003_t@3560.jpg 176,272,193,157 508,233,57,77 597,277,52,45
F:\工作\124-视频练习\1362383003_t@3580.jpg 147,271,197,169 491,230,61,85 592,276,57,51
F:\工作\124-视频练习\1362383003_t@3600.jpg 130,259,198,172 480,213,69,102 594,268,64,59
F:\工作\124-视频练习\1362383003_t@3620.jpg 588,272,75,74 108,268,195,172
F:\工作\124-视频练习\1362383003_t@3640.jpg 570,275,97,88 73,272,203,181
F:\工作\124-视频练习\1362383003_t@3660.jpg 58,272,201,178 565,279,111,103
F:\工作\124-视频练习\1362383003_t@3680.jpg 541,268,143,131 12,264,213,181
F:\工作\124-视频练习\1362383003_t@3700.jpg 520,269,174,158
F:\工作\124-视频练习\1362383003_t@3720.jpg 494,275,221,191
F:\工作\124-视频练习\1362383003_t@3740.jpg 454,279,274,240
F:\工作\124-视频练习\1362383003_t@3760.jpg 414,284,343,287
F:\工作\124-视频练习\1362383003_t@3780.jpg 368,282,415,341
F:\工作\124-视频练习\1362383003_t@3800.jpg 149,101,219,308 310,279,503,407
F:\工作\124-视频练习\1362383003_t@3840.jpg 114,82,235,326 208,272,661,441
F:\工作\124-视频练习\1362383003_t@3880.jpg 110,88,244,327 187,276,686,435
F:\工作\124-视频练习\1362383003_t@3900.jpg 113,90,239,328 191,273,681,436
F:\工作\124-视频练习\1362383003_t@3920.jpg 197,278,678,431 115,88,232,319
F:\工作\124-视频练习\1362383003_t@3940.jpg 110,86,242,334 232,281,624,430
F:\工作\124-视频练习\1362383003_t@3960.jpg 103,91,247,344 304,283,496,396
F:\工作\124-视频练习\1362383003_t@3980.jpg 74,88,255,355 374,284,388,325
F:\工作\124-视频练习\1362383003_t@4000.jpg 452,280,320,273 2,60,289,386
F:\工作\124-视频练习\1362383003_t@4020.jpg 520,283,250,219
F:\工作\124-视频练习\1362383003_t@4040.jpg 565,284,197,165
F:\工作\124-视频练习\1362383003_t@4080.jpg 615,286,121,111 504,283,82,70
F:\工作\124-视频练习\1362383003_t@4120.jpg 637,290,89,79 506,289,87,72
F:\工作\124-视频练习\1362383003_t@4160.jpg 487,283,93,81 642,287,72,69
F:\工作\124-视频练习\1362383003_t@4180.jpg 462,281,99,86 634,283,71,60
F:\工作\124-视频练习\1362383003_t@4220.jpg 351,270,127,110 592,278,61,56
F:\工作\124-视频练习\1362383003_t@4240.jpg 559,286,63,57 270,282,142,125
F:\工作\124-视频练习\1362383003_t@4260.jpg 129,281,203,164 539,282,65,66
F:\工作\124-视频练习\1362383003_t@4280.jpg 548,288,74,65
F:\工作\124-视频练习\1362383003_t@4320.jpg 567,280,99,85
F:\工作\124-视频练习\1362383003_t@4340.jpg 583,270,105,102
F:\工作\124-视频练习\1362383003_t@4360.jpg 565,282,124,108
F:\工作\124-视频练习\1362383003_t@4380.jpg 558,271,137,125
F:\工作\124-视频练习\1362383003_t@4400.jpg 565,283,149,128
F:\工作\124-视频练习\1362383003_t@4420.jpg 555,282,164,139
F:\工作\124-视频练习\1362383003_t@4440.jpg 529,261,181,149
F:\工作\124-视频练习\1362383003_t@4460.jpg 500,295,186,164
F:\工作\124-视频练习\1362383003_t@4480.jpg 485,289,192,174
F:\工作\124-视频练习\1362383003_t@4520.jpg 25,241,251,237 468,279,223,201
F:\工作\124-视频练习\1362383003_t@4540.jpg 446,282,259,224 340,273,112,104
F:\工作\124-视频练习\1362383003_t@4560.jpg 429,280,286,249 333,268,117,106
F:\工作\124-视频练习\1362383003_t@4580.jpg 415,285,321,272 340,267,106,107
F:\工作\124-视频练习\1362383003_t@4600.jpg 330,261,110,101 393,285,367,307
F:\工作\124-视频练习\1362383003_t@4620.jpg 377,291,409,341
F:\工作\124-视频练习\1362383003_t@4640.jpg 361,295,449,365
F:\工作\124-视频练习\1362383003_t@4680.jpg 91,233,216,184 472,272,404,338 872,247,151,150
F:\工作\124-视频练习\1362383003_t@4700.jpg 586,251,370,310 1009,224,170,154
F:\工作\124-视频练习\1362383003_t@4720.jpg 724,272,360,299
F:\工作\124-视频练习\1362383003_t@4740.jpg 851,269,364,306
F:\工作\124-视频练习\1362383003_t@4760.jpg 885,280,380,313
F:\工作\124-视频练习\1362383003_t@4780.jpg 844,289,406,344
F:\工作\124-视频练习\1362383003_t@4800.jpg 716,286,415,357
F:\工作\124-视频练习\1362383003_t@4820.jpg 563,291,396,346
F:\工作\124-视频练习\1362383003_t@4860.jpg 270,286,356,330 1016,292,188,149
F:\工作\124-视频练习\1362383003_t@4900.jpg 96,291,376,361 834,287,186,165 1036,272,136,124
F:\工作\124-视频练习\1362383003_t@4940.jpg 30,281,449,425 763,282,202,187
F:\工作\124-视频练习\1362383003_t@4980.jpg 764,281,226,201 1,290,524,415
F:\工作\124-视频练习\1362383003_t@5000.jpg 5,291,539,425 772,288,213,193
F:\工作\124-视频练习\1362383003_t@5020.jpg 1,289,563,428 774,287,218,198
F:\工作\124-视频练习\1362383003_t@5060.jpg 3,292,553,425 766,290,223,202
F:\工作\124-视频练习\1362383003_t@5140.jpg 4,295,554,417 768,293,218,199
F:\工作\124-视频练习\1362383003_t@5180.jpg 485,298,248,215
F:\工作\124-视频练习\1362383003_t@5200.jpg 67,287,315,264 706,297,97,87
F:\工作\124-视频练习\1362383003_t@5220.jpg 543,289,111,104
F:\工作\124-视频练习\1362383003_t@5240.jpg 543,286,130,123
F:\工作\124-视频练习\1362383003_t@5260.jpg 550,278,169,152
F:\工作\124-视频练习\1362383003_t@5280.jpg 575,284,225,199
F:\工作\124-视频练习\1362383003_t@5320.jpg 589,280,417,356 139,243,218,212
F:\工作\124-视频练习\1362383003_t@5340.jpg 112,249,232,216 588,293,537,418
F:\工作\124-视频练习\1362383003_t@5360.jpg 115,250,231,217 583,290,620,427
F:\工作\124-视频练习\1362383003_t@5380.jpg 578,301,650,414 139,257,213,207
F:\工作\124-视频练习\1362383003_t@5400.jpg 588,299,620,411
F:\工作\124-视频练习\1362383003_t@5420.jpg 592,302,575,411
F:\工作\124-视频练习\1362383003_t@5440.jpg 584,299,562,417
F:\工作\124-视频练习\1362383003_t@5460.jpg 564,292,551,421
F:\工作\124-视频练习\1362383003_t@5480.jpg 560,269,513,428
F:\工作\124-视频练习\1362383003_t@5500.jpg 545,278,481,396
F:\工作\124-视频练习\1362383003_t@5520.jpg 546,291,442,384
F:\工作\124-视频练习\1362383003_t@5540.jpg 539,289,396,340
F:\工作\124-视频练习\1362383003_t@5560.jpg 81,242,241,217 537,289,347,297
F:\工作\124-视频练习\1362383003_t@5580.jpg 538,284,308,278 2,236,271,244
F:\工作\124-视频练习\1362383003_t@5600.jpg 532,290,286,252
F:\工作\124-视频练习\1362383003_t@5620.jpg 519,280,280,251
F:\工作\124-视频练习\1362383003_t@5640.jpg 517,280,276,248
F:\工作\124-视频练习\1362383003_t@5660.jpg 514,283,286,249 315,274,126,118
F:\工作\124-视频练习\1362383003_t@5680.jpg 513,281,309,273 306,273,136,130
F:\工作\124-视频练习\1362383003_t@5700.jpg 320,270,139,130 521,284,344,298
F:\工作\124-视频练习\1362383003_t@5720.jpg 337,275,134,125 527,284,368,320
F:\工作\124-视频练习\1362383003_t@5740.jpg 355,275,120,119 525,291,376,334
F:\工作\124-视频练习\1362383003_t@5760.jpg 517,295,390,334 365,276,122,110
F:\工作\124-视频练习\1362383003_t@5780.jpg 74,274,238,193 516,290,391,325 383,275,109,100
F:\工作\124-视频练习\1362383003_t@5800.jpg 151,274,200,172 513,290,382,325
F:\工作\124-视频练习\1362383003_t@5820.jpg 197,263,178,154 515,281,366,308
F:\工作\124-视频练习\1362383003_t@5840.jpg 528,283,334,290 225,268,169,148
F:\工作\124-视频练习\1362383003_t@5860.jpg 528,284,320,269
F:\工作\124-视频练习\1362383003_t@5880.jpg 537,290,300,262
F:\工作\124-视频练习\1362383003_t@5900.jpg 535,290,298,252
F:\工作\124-视频练习\1362383003_t@5920.jpg 532,294,298,253
F:\工作\124-视频练习\1362383003_t@5940.jpg 521,291,310,265
F:\工作\124-视频练习\1362383003_t@5960.jpg 171,277,180,154 515,283,326,287
F:\工作\124-视频练习\1362383003_t@5980.jpg 505,288,355,306 158,278,186,157
F:\工作\124-视频练习\1362383003_t@6000.jpg 503,286,393,339
F:\工作\124-视频练习\1362383003_t@6020.jpg 499,283,435,366
F:\工作\124-视频练习\1362383003_t@6040.jpg 491,287,475,389
F:\工作\124-视频练习\1362383003_t@6060.jpg 487,289,488,398
F:\工作\124-视频练习\1362383003_t@6080.jpg 482,288,494,402
F:\工作\124-视频练习\1362383003_t@6100.jpg 476,289,495,407
F:\工作\124-视频练习\1362383003_t@6120.jpg 476,286,480,401
F:\工作\124-视频练习\1362383003_t@6140.jpg 472,288,456,380
F:\工作\124-视频练习\1362383003_t@6160.jpg 463,287,442,366
F:\工作\124-视频练习\1362383003_t@6180.jpg 453,286,429,355
F:\工作\124-视频练习\1362383003_t@6200.jpg 448,285,404,344
F:\工作\124-视频练习\1362383003_t@6220.jpg 440,289,386,330
F:\工作\124-视频练习\1362383003_t@6240.jpg 432,291,386,324
F:\工作\124-视频练习\1362383003_t@6260.jpg 428,290,390,335
F:\工作\124-视频练习\1362383003_t@6280.jpg 997,278,175,143
F:\工作\124-视频练习\1362383003_t@6300.jpg 343,278,494,411 963,274,156,132
F:\工作\124-视频练习\1362383003_t@6320.jpg 342,288,494,415 908,284,137,110
F:\工作\124-视频练习\1362383003_t@6340.jpg 336,291,502,404 873,283,117,97
F:\工作\124-视频练习\1362383003_t@6360.jpg 339,289,495,412 849,284,106,87
F:\工作\124-视频练习\1362383003_t@6380.jpg 333,290,510,410 834,282,94,76
F:\工作\124-视频练习\1362383003_t@6400.jpg 320,289,527,423 820,283,77,74
F:\工作\124-视频练习\1362383003_t@6420.jpg 314,290,539,421 800,285,72,64
F:\工作\124-视频练习\1362383003_t@6440.jpg 310,291,548,422 781,281,70,62
F:\工作\124-视频练习\1362383003_t@6460.jpg 317,286,533,419 1061,289,214,186
F:\工作\124-视频练习\1362383003_t@6480.jpg 335,290,507,420 988,284,185,167 1180,261,86,130
F:\工作\124-视频练习\1362383003_t@6500.jpg 355,285,473,390 953,284,162,145
F:\工作\124-视频练习\1362383003_t@6520.jpg 380,281,441,372 933,280,155,137
F:\工作\124-视频练习\1362383003_t@6540.jpg 406,285,419,348 945,283,134,123
F:\工作\124-视频练习\1362383003_t@6560.jpg 417,290,418,354 952,283,126,117
F:\工作\124-视频练习\1362383003_t@6580.jpg 445,291,409,349 963,290,117,107
F:\工作\124-视频练习\1362383003_t@6600.jpg 473,294,393,340 957,289,112,99
F:\工作\124-视频练习\1362383003_t@6620.jpg 490,293,388,330 949,291,99,89
F:\工作\124-视频练习\1362383003_t@6640.jpg 496,283,380,327 923,286,92,82
F:\工作\124-视频练习\1362383003_t@6660.jpg 511,288,364,312
F:\工作\124-视频练习\1362383003_t@6680.jpg 284,273,123,124 438,275,82,71 513,287,355,306
F:\工作\124-视频练习\1362383003_t@6700.jpg 259,270,128,129 512,282,335,295 412,277,90,79
F:\工作\124-视频练习\1362383003_t@6720.jpg 256,268,130,127 410,273,86,84 527,281,318,280
F:\工作\124-视频练习\1362383003_t@6740.jpg 544,278,303,267 263,265,123,127
F:\工作\124-视频练习\1362383003_t@6760.jpg 552,288,303,263 267,273,124,134
F:\工作\124-视频练习\1362383003_t@6780.jpg 547,275,330,282
F:\工作\124-视频练习\1362383003_t@6800.jpg 540,286,337,278
F:\工作\124-视频练习\1362383003_t@6820.jpg 545,286,335,279
F:\工作\124-视频练习\1362383003_t@6840.jpg 544,291,337,282
F:\工作\124-视频练习\1362383003_t@6860.jpg 548,288,331,281
F:\工作\124-视频练习\1362383003_t@6880.jpg 548,287,332,275
F:\工作\124-视频练习\1362383003_t@6900.jpg 550,285,332,283
F:\工作\124-视频练习\1362383003_t@6920.jpg 547,286,335,283
F:\工作\124-视频练习\1362383003_t@6940.jpg 548,286,328,275
F:\工作\124-视频练习\1362383003_t@6960.jpg 552,287,322,270
F:\工作\124-视频练习\1362383003_t@6980.jpg 551,285,315,265
F:\工作\124-视频练习\1362383003_t@7000.jpg 20,279,243,219 554,288,306,258
F:\工作\124-视频练习\1362383003_t@7020.jpg 61,280,226,201 562,287,292,251
F:\工作\124-视频练习\1362383003_t@7040.jpg 110,281,208,188 577,287,266,224
F:\工作\124-视频练习\1362383003_t@7060.jpg 124,279,201,182 579,291,240,202
F:\工作\124-视频练习\1362383003_t@7080.jpg 120,290,199,180 597,292,225,188
F:\工作\124-视频练习\1362383003_t@7100.jpg 65,283,232,207
F:\工作\124-视频练习\1362383003_t@7220.jpg 2,270,265,242
F:\工作\124-视频练习\1362383003_t@7240.jpg 62,268,242,221
F:\工作\124-视频练习\1362383003_t@7260.jpg 108,281,217,195
F:\工作\124-视频练习\1362383003_t@7280.jpg 138,277,211,190
F:\工作\124-视频练习\1362383003_t@7300.jpg 164,281,200,175
F:\工作\124-视频练习\1362383003_t@7320.jpg 184,279,188,172
F:\工作\124-视频练习\1362383003_t@7340.jpg 200,282,181,167
F:\工作\124-视频练习\1362383003_t@7360.jpg 216,280,176,165 614,284,635,432
F:\工作\124-视频练习\1362383003_t@7380.jpg 595,283,592,430
F:\工作\124-视频练习\1362383003_t@7400.jpg 574,286,535,428
F:\工作\124-视频练习\1362383003_t@7420.jpg 558,282,512,416
F:\工作\124-视频练习\1362383003_t@7440.jpg 534,283,512,431
F:\工作\124-视频练习\1362383003_t@7460.jpg 527,284,506,428
F:\工作\124-视频练习\1362383003_t@7480.jpg 207,279,189,175 491,284,536,431
F:\工作\124-视频练习\1362383003_t@7500.jpg 457,280,575,438 190,273,196,178
F:\工作\124-视频练习\1362383003_t@7520.jpg 183,274,199,181 442,281,594,438
F:\工作\124-视频练习\1362383003_t@7540.jpg 440,285,576,433 184,279,199,181
F:\工作\124-视频练习\1362383003_t@7560.jpg 173,281,203,184 429,283,571,435
F:\工作\124-视频练习\1362383003_t@7580.jpg 407,278,586,439 144,276,216,193
F:\工作\124-视频练习\1362383003_t@7600.jpg 114,275,227,201 395,278,599,433
F:\工作\124-视频练习\1362383003_t@7620.jpg 409,279,584,433 96,268,233,217
F:\工作\124-视频练习\1362383003_t@7640.jpg 74,274,248,224 405,276,584,439
F:\工作\124-视频练习\1362383003_t@7660.jpg 40,272,259,230 388,271,592,443
F:\工作\124-视频练习\1362383003_t@7680.jpg 397,273,570,435 7,274,270,236
F:\工作\124-视频练习\1362383003_t@7700.jpg 5,273,267,247 397,273,578,442
F:\工作\124-视频练习\1362383003_t@7720.jpg 385,273,606,445 2,276,274,244
F:\工作\124-视频练习\1362383003_t@7740.jpg 3,277,264,241 377,273,611,443
F:\工作\124-视频练习\1362383003_t@7760.jpg 380,279,622,434 22,274,270,233
F:\工作\124-视频练习\1362383003_t@7780.jpg 76,270,256,221 380,275,617,441
F:\工作\124-视频练习\1362383003_t@7800.jpg 371,275,625,434 124,273,229,204
F:\工作\124-视频练习\1362383003_t@7820.jpg 154,274,214,189 373,276,626,440
F:\工作\124-视频练习\1362383003_t@7840.jpg 379,275,628,439 173,274,203,181
F:\工作\124-视频练习\1362383003_t@7860.jpg 187,278,203,176 371,280,636,431
F:\工作\124-视频练习\1362383003_t@7880.jpg 378,277,622,438 187,278,200,181
F:\工作\124-视频练习\1362383003_t@7900.jpg 374,275,621,441 187,278,193,176
F:\工作\124-视频练习\1362383003_t@7920.jpg 183,275,201,181 368,277,630,437
F:\工作\124-视频练习\1362383003_t@7940.jpg 193,273,187,180 365,276,638,441
F:\工作\124-视频练习\1362383003_t@7960.jpg 207,276,190,171 373,275,632,440
F:\工作\124-视频练习\1362383003_t@7980.jpg 378,276,628,442 230,277,176,167
F:\工作\124-视频练习\1362383003_t@8000.jpg 367,273,634,441
F:\工作\124-视频练习\1362383003_t@8020.jpg 373,274,628,439
F:\工作\124-视频练习\1362383003_t@8040.jpg 368,273,631,440
F:\工作\124-视频练习\1362383003_t@8060.jpg 370,271,632,440
F:\工作\124-视频练习\1362383003_t@8080.jpg 372,278,630,437
F:\工作\124-视频练习\1362383003_t@8100.jpg 375,276,629,437
F:\工作\124-视频练习\1362383003_t@8120.jpg 378,277,628,432
F:\工作\124-视频练习\1362383003_t@8140.jpg 368,276,638,437
F:\工作\124-视频练习\1362383003_t@8160.jpg 354,272,673,446
F:\工作\124-视频练习\1362383003_t@8180.jpg 356,274,685,440
F:\工作\124-视频练习\1362383003_t@8200.jpg 352,276,684,439
F:\工作\124-视频练习\1362383003_t@8220.jpg 341,276,692,436
F:\工作\124-视频练习\1362383003_t@8240.jpg 346,275,688,436
F:\工作\124-视频练习\1362383003_t@8260.jpg 343,277,700,440
F:\工作\124-视频练习\1362383003_t@8280.jpg 336,278,725,434
F:\工作\124-视频练习\1362383003_t@8300.jpg 327,280,754,434
F:\工作\124-视频练习\1362383003_t@8320.jpg 318,280,781,432
F:\工作\124-视频练习\1362383003_t@8340.jpg 307,276,789,440
F:\工作\124-视频练习\1362383003_t@8360.jpg 305,275,784,439
F:\工作\124-视频练习\1362383003_t@8380.jpg 303,277,783,438
F:\工作\124-视频练习\1362383003_t@8400.jpg 309,275,785,442
F:\工作\124-视频练习\1362383003_t@8420.jpg 312,276,782,436
F:\工作\124-视频练习\1362383003_t@8440.jpg 316,279,783,430
F:\工作\124-视频练习\1362383003_t@8500.jpg 319,277,766,438
F:\工作\124-视频练习\1362383003_t@8520.jpg 329,278,727,436
F:\工作\124-视频练习\1362383003_t@8540.jpg 339,277,696,434
F:\工作\124-视频练习\1362383003_t@8560.jpg 344,277,697,431
F:\工作\124-视频练习\1362383003_t@8600.jpg 329,277,703,438
F:\工作\124-视频练习\1362383003_t@8620.jpg 310,277,709,437
F:\工作\124-视频练习\1362383003_t@8640.jpg 1028,291,133,118 286,275,742,438 151,276,208,180
F:\工作\124-视频练习\1362383003_t@8660.jpg 144,276,213,194 281,278,745,436 1010,298,119,105
F:\工作\124-视频练习\1362383003_t@8680.jpg 141,279,210,192 297,280,684,436 998,296,111,103
F:\工作\124-视频练习\1362383003_t@8700.jpg 108,281,223,197 310,286,622,424
F:\工作\124-视频练习\1362383003_t@8720.jpg 62,277,241,213 313,282,608,433
F:\工作\124-视频练习\1362383003_t@8740.jpg 16,276,263,228 308,280,598,436
F:\工作\124-视频练习\1362383003_t@8760.jpg 312,278,571,433
F:\工作\124-视频练习\1362383003_t@8780.jpg 314,279,552,438
F:\工作\124-视频练习\1362383003_t@8800.jpg 308,270,547,437
F:\工作\124-视频练习\1362383003_t@8820.jpg 317,276,538,431
F:\工作\124-视频练习\1362383003_t@8840.jpg 292,274,563,439
F:\工作\124-视频练习\1362383003_t@8860.jpg 269,270,606,435
F:\工作\124-视频练习\1362383003_t@8880.jpg 237,271,647,445
F:\工作\124-视频练习\1362383003_t@8900.jpg 242,280,649,431
F:\工作\124-视频练习\1362383003_t@8920.jpg 243,276,644,436
F:\工作\124-视频练习\1362383003_t@8940.jpg 239,276,651,439
F:\工作\124-视频练习\1362383003_t@8960.jpg 36,271,239,208 246,276,646,439
F:\工作\124-视频练习\1362383003_t@8980.jpg 87,270,220,197 241,275,643,443
F:\工作\124-视频练习\1362383003_t@9000.jpg 119,274,208,178 246,276,628,436
F:\工作\124-视频练习\1362383003_t@9020.jpg 147,276,195,174 240,280,647,435
F:\工作\124-视频练习\1362383003_t@9040.jpg 168,279,180,149
F:\工作\124-视频练习\1362383003_t@9060.jpg 227,272,667,444
F:\工作\124-视频练习\1362383003_t@9080.jpg 216,274,685,444
F:\工作\124-视频练习\1362383003_t@9100.jpg 211,276,689,438
F:\工作\124-视频练习\1362383003_t@9120.jpg 207,276,698,440
F:\工作\124-视频练习\1362383003_t@9140.jpg 218,274,676,440
F:\工作\124-视频练习\1362383003_t@9160.jpg 212,274,693,440
F:\工作\124-视频练习\1362383003_t@9180.jpg 217,275,695,443
F:\工作\124-视频练习\1362383003_t@9200.jpg 186,277,725,434
F:\工作\124-视频练习\1362383003_t@9220.jpg 210,275,688,439
F:\工作\124-视频练习\1362383003_t@9240.jpg 276,279,587,431
F:\工作\124-视频练习\1362383003_t@9260.jpg 318,277,523,431
F:\工作\124-视频练习\1362383003_t@9280.jpg 333,279,492,409
F:\工作\124-视频练习\1362383003_t@9300.jpg 353,283,452,382
F:\工作\124-视频练习\1362383003_t@9320.jpg 359,280,429,365
F:\工作\124-视频练习\1362383003_t@9340.jpg 355,285,436,369
F:\工作\124-视频练习\1362383003_t@9360.jpg 350,277,443,376
F:\工作\124-视频练习\1362383003_t@9380.jpg 359,274,425,365
F:\工作\124-视频练习\1362383003_t@9400.jpg 97,284,213,193 352,287,425,366
F:\工作\124-视频练习\1362383003_t@9420.jpg 344,279,428,360
F:\工作\124-视频练习\1362383003_t@9440.jpg 372,275,385,330
F:\工作\124-视频练习\1362383003_t@9460.jpg 335,277,106,110 409,283,336,292
F:\工作\124-视频练习\1362383003_t@9480.jpg 320,278,112,116 175,265,107,100 427,283,312,276
F:\工作\124-视频练习\1362383003_t@9500.jpg 182,260,103,99 298,269,121,127 430,279,312,277
F:\工作\124-视频练习\1362383003_t@9520.jpg 201,259,94,98 286,270,132,127 424,276,331,293
F:\工作\124-视频练习\1362383003_t@9540.jpg 272,274,135,136 403,283,347,298
F:\工作\124-视频练习\1362383003_t@9560.jpg 383,275,329,284 265,270,143,148 1058,288,116,102
F:\工作\124-视频练习\1362383003_t@9580.jpg 47,269,135,115 340,269,320,279 647,272,130,122
F:\工作\124-视频练习\1362383003_t@9600.jpg 121,282,378,325 43,283,122,114 597,293,135,125 1057,304,138,122
F:\工作\124-视频练习\1362383003_t@9620.jpg 479,280,151,131 242,276,117,102 980,290,148,127
F:\工作\124-视频练习\1362383003_t@9640.jpg 235,286,118,105 466,291,163,137 788,293,80,75
F:\工作\124-视频练习\1362383003_t@9660.jpg 268,284,129,114 496,289,186,163
F:\工作\124-视频练习\1362383003_t@9680.jpg 298,281,143,128 524,288,228,199 152,282,110,99
F:\工作\124-视频练习\1362383003_t@9700.jpg 323,276,164,146 560,281,282,244
F:\工作\124-视频练习\1362383003_t@9720.jpg 319,272,184,167 569,285,338,284 1083,280,103,95
F:\工作\124-视频练习\1362383003_t@9740.jpg 298,279,197,179 558,293,367,313
F:\工作\124-视频练习\1362383003_t@9760.jpg 532,283,425,360 259,271,224,192
F:\工作\124-视频练习\1362383003_t@9780.jpg 56,263,170,147 242,274,231,200 518,283,468,388
F:\工作\124-视频练习\1362383003_t@9800.jpg 273,279,232,201 551,287,493,410
F:\工作\124-视频练习\1362383003_t@9820.jpg 592,286,512,421 315,277,220,190
F:\工作\124-视频练习\1362383003_t@9840.jpg 363,273,216,200 649,290,516,425
F:\工作\124-视频练习\1362383003_t@9860.jpg 122,269,148,152 398,278,199,184 676,292,508,413
F:\工作\124-视频练习\1362383003_t@9880.jpg 434,281,193,176 235,275,123,121 703,290,483,396
F:\工作\124-视频练习\1362383003_t@9900.jpg 40,276,227,196 511,283,185,169 786,299,466,383
F:\工作\124-视频练习\1362383003_t@9920.jpg 273,271,184,162 627,284,177,156
F:\工作\124-视频练习\1362383003_t@9940.jpg 395,271,148,137 687,280,170,150
F:\工作\124-视频练习\1362383003_t@9960.jpg 416,266,137,123 689,269,157,136
F:\工作\124-视频练习\1362383003_t@9980.jpg 76,275,230,208 395,274,132,117 858,280,419,352
F:\工作\124-视频练习\1362383003_t@10000.jpg 758,291,385,333 337,281,135,114 29,276,215,194
F:\工作\124-视频练习\1362383003_t@10020.jpg 298,277,136,119 682,288,375,332
F:\工作\124-视频练习\1362383003_t@10040.jpg 639,290,402,348 272,277,145,124
F:\工作\124-视频练习\1362383003_t@10060.jpg 272,276,146,120 612,286,441,372
F:\工作\124-视频练习\1362383003_t@10080.jpg 279,279,139,118 588,298,453,370
F:\工作\124-视频练习\1362383003_t@10100.jpg 593,293,452,388 302,277,134,109
F:\工作\124-视频练习\1362383003_t@10120.jpg 16,278,181,180 327,277,128,111 586,292,473,374
F:\工作\124-视频练习\1362383003_t@10140.jpg 593,290,467,389 85,276,167,170 348,275,118,106 509,277,60,56
F:\工作\124-视频练习\1362383003_t@10160.jpg 150,277,160,157 600,293,471,386
F:\工作\124-视频练习\1362383003_t@10180.jpg 593,286,479,399
F:\工作\124-视频练习\1362383003_t@10200.jpg 594,287,475,398
F:\工作\124-视频练习\1362383003_t@10220.jpg 589,289,455,382
F:\工作\124-视频练习\1362383003_t@10240.jpg 588,290,419,354
F:\工作\124-视频练习\1362383003_t@10260.jpg 582,286,377,322
F:\工作\124-视频练习\1362383003_t@10280.jpg 877,280,105,110 578,284,334,296
F:\工作\124-视频练习\1362383003_t@10300.jpg 25,233,234,254 576,290,314,273 878,284,102,110
F:\工作\124-视频练习\1362383003_t@10320.jpg 19,228,231,249 545,286,316,279 855,283,107,115
F:\工作\124-视频练习\1362383003_t@10340.jpg 522,290,345,293 845,284,121,123
F:\工作\124-视频练习\1362383003_t@10360.jpg 495,283,405,343 846,280,130,131
F:\工作\124-视频练习\1362383003_t@10380.jpg 439,284,540,429
F:\工作\124-视频练习\1362383003_t@10400.jpg 357,280,752,436
F:\工作\124-视频练习\1362383003_t@10460.jpg 365,297,709,418
F:\工作\124-视频练习\1362383003_t@10480.jpg 371,291,646,423
F:\工作\124-视频练习\1362383003_t@10500.jpg 376,294,593,417
F:\工作\124-视频练习\1362383003_t@10520.jpg 377,289,533,421
F:\工作\124-视频练习\1362383003_t@10540.jpg 343,286,553,431
F:\工作\124-视频练习\1362383003_t@10560.jpg 307,280,591,434 146,266,181,162
F:\工作\124-视频练习\1362383003_t@10580.jpg 128,272,190,170 311,288,580,423
F:\工作\124-视频练习\1362383003_t@10600.jpg 292,290,606,424 114,275,200,168
F:\工作\124-视频练习\1362383003_t@10620.jpg 105,272,198,173 264,290,655,415
F:\工作\124-视频练习\1362383003_t@10640.jpg 255,290,679,423 93,270,208,177
F:\工作\124-视频练习\1362383003_t@10660.jpg 99,270,200,181 250,292,685,423 935,279,339,266
F:\工作\124-视频练习\1362383003_t@10680.jpg 265,291,653,413 894,278,299,244 94,270,207,173
F:\工作\124-视频练习\1362383003_t@10700.jpg 88,272,208,177 304,290,571,419 843,281,272,226
F:\工作\124-视频练习\1362383003_t@10720.jpg 88,280,209,175 338,290,505,413 782,282,278,207
F:\工作\124-视频练习\1362383003_t@10740.jpg 67,275,215,189 342,295,478,399 773,279,250,199 998,252,187,190
F:\工作\124-视频练习\1362383003_t@10760.jpg 21,273,230,202 315,288,487,396 736,274,254,208 1003,251,206,200
F:\工作\124-视频练习\1362383003_t@10780.jpg 292,282,494,410 718,271,249,205 1016,247,223,209
F:\工作\124-视频练习\1362383003_t@10800.jpg 280,281,506,410 706,270,243,201 1040,247,227,219
F:\工作\124-视频练习\1362383003_t@10820.jpg 283,287,488,397 1053,248,223,222 709,277,228,197
F:\工作\124-视频练习\1362383003_t@10840.jpg 283,284,479,387
F:\工作\124-视频练习\1362383003_t@10860.jpg 282,289,465,378
F:\工作\124-视频练习\1362383003_t@10880.jpg 269,285,493,402
F:\工作\124-视频练习\1362383003_t@10900.jpg 192,275,579,437
F:\工作\124-视频练习\1362383003_t@10920.jpg 133,286,650,421
F:\工作\124-视频练习\1362383003_t@10940.jpg 109,283,675,424
F:\工作\124-视频练习\1362383003_t@10960.jpg 120,280,678,431
F:\工作\124-视频练习\1362383003_t@10980.jpg 110,284,681,431
F:\工作\124-视频练习\1362383003_t@11000.jpg 116,287,672,411
F:\工作\124-视频练习\1362383003_t@11020.jpg 117,286,674,424
F:\工作\124-视频练习\1362383003_t@11040.jpg 105,290,681,425
F:\工作\124-视频练习\1362383003_t@11060.jpg 117,284,669,429
F:\工作\124-视频练习\1362383003_t@11080.jpg 117,281,672,438
F:\工作\124-视频练习\1362383003_t@11100.jpg 113,280,677,428
F:\工作\124-视频练习\1362383003_t@11360.jpg 119,288,670,429
F:\工作\124-视频练习\1362383003_t@11720.jpg 107,279,680,439
