F:\工作\124-视频练习\1362384843_t@0.jpg 588,282,118,93
F:\工作\124-视频练习\1362384843_t@20.jpg 589,279,119,99
F:\工作\124-视频练习\1362384843_t@40.jpg 594,278,114,93
F:\工作\124-视频练习\1362384843_t@60.jpg 597,280,108,93
F:\工作\124-视频练习\1362384843_t@80.jpg 601,278,107,92
F:\工作\124-视频练习\1362384843_t@100.jpg 596,284,112,92
F:\工作\124-视频练习\1362384843_t@120.jpg 593,281,114,95
F:\工作\124-视频练习\1362384843_t@140.jpg 593,279,112,89
F:\工作\124-视频练习\1362384843_t@160.jpg 583,276,109,94
F:\工作\124-视频练习\1362384843_t@180.jpg 572,282,109,90
F:\工作\124-视频练习\1362384843_t@200.jpg 569,278,109,92 685,278,32,30
F:\工作\124-视频练习\1362384843_t@220.jpg 550,277,109,94 683,280,29,30
F:\工作\124-视频练习\1362384843_t@240.jpg 540,275,109,94 680,279,35,32
F:\工作\124-视频练习\1362384843_t@260.jpg 542,277,115,96 693,278,38,32
F:\工作\124-视频练习\1362384843_t@280.jpg 549,276,105,92 702,276,40,36
F:\工作\124-视频练习\1362384843_t@300.jpg 546,275,109,90 708,277,40,36
F:\工作\124-视频练习\1362384843_t@320.jpg 555,278,101,89 719,281,42,36
F:\工作\124-视频练习\1362384843_t@340.jpg 549,275,107,87 716,276,43,39
F:\工作\124-视频练习\1362384843_t@360.jpg 554,278,98,87 720,277,46,40
F:\工作\124-视频练习\1362384843_t@380.jpg 554,284,94,87 723,282,48,42
F:\工作\124-视频练习\1362384843_t@400.jpg 557,277,94,83 724,278,45,42
F:\工作\124-视频练习\1362384843_t@420.jpg 566,276,92,83 723,277,47,45
F:\工作\124-视频练习\1362384843_t@460.jpg 568,283,98,84 727,285,48,45 889,281,40,39
F:\工作\124-视频练习\1362384843_t@480.jpg 565,282,95,77 728,284,46,43 912,280,42,38 864,275,27,34
F:\工作\124-视频练习\1362384843_t@500.jpg 566,282,92,78 727,285,46,41 948,281,42,45
F:\工作\124-视频练习\1362384843_t@520.jpg 579,278,93,81 730,279,49,49 1000,278,53,53
F:\工作\124-视频练习\1362384843_t@540.jpg 576,279,92,80 726,280,49,46 783,276,33,37 1062,277,60,57
F:\工作\124-视频练习\1362384843_t@560.jpg 580,278,88,74 725,279,45,46 786,276,35,34
F:\工作\124-视频练习\1362384843_t@580.jpg 582,280,87,73 725,282,46,44 791,278,38,36
F:\工作\124-视频练习\1362384843_t@600.jpg 582,284,87,75 722,286,47,45 788,280,45,35
F:\工作\124-视频练习\1362384843_t@620.jpg 582,281,87,74 722,281,49,44 795,278,42,34
F:\工作\124-视频练习\1362384843_t@640.jpg 582,281,90,74 726,284,47,47 804,279,41,39
F:\工作\124-视频练习\1362384843_t@660.jpg 579,283,87,74 725,286,47,45 802,280,42,36
F:\工作\124-视频练习\1362384843_t@680.jpg 575,279,90,78 725,281,47,51 804,276,42,42
F:\工作\124-视频练习\1362384843_t@700.jpg 576,278,93,78 729,281,48,50 808,278,43,39
F:\工作\124-视频练习\1362384843_t@720.jpg 565,279,89,80 722,281,52,47 807,276,42,40
F:\工作\124-视频练习\1362384843_t@740.jpg 558,277,95,82 726,280,51,49 806,276,48,43
F:\工作\124-视频练习\1362384843_t@760.jpg 559,283,92,83 729,286,53,44 816,279,46,43
F:\工作\124-视频练习\1362384843_t@780.jpg 559,280,93,84 729,285,47,45 818,280,46,42
F:\工作\124-视频练习\1362384843_t@800.jpg 574,279,102,84 746,283,51,48 838,278,48,46
F:\工作\124-视频练习\1362384843_t@820.jpg 578,279,103,84 746,280,50,47 843,277,49,42
F:\工作\124-视频练习\1362384843_t@840.jpg 584,279,102,82 748,284,52,46 854,279,47,44
F:\工作\124-视频练习\1362384843_t@860.jpg 583,276,101,86 743,279,53,47 857,274,47,49
F:\工作\124-视频练习\1362384843_t@880.jpg 577,288,101,86 736,291,51,47 854,284,47,48
F:\工作\124-视频练习\1362384843_t@900.jpg 567,277,91,85 727,280,51,47 844,276,54,51
F:\工作\124-视频练习\1362384843_t@920.jpg 539,276,99,85 701,281,53,50 829,276,53,52
F:\工作\124-视频练习\1362384843_t@940.jpg 513,279,90,81 680,284,53,51 805,279,62,51
F:\工作\124-视频练习\1362384843_t@960.jpg 481,280,93,85 653,282,57,54 792,278,58,57
F:\工作\124-视频练习\1362384843_t@980.jpg 439,275,92,80 629,280,54,50 770,274,58,55
F:\工作\124-视频练习\1362384843_t@1000.jpg 423,280,91,78 617,285,58,49 767,278,58,58
F:\工作\124-视频练习\1362384843_t@1020.jpg 417,282,91,77 615,285,63,56 682,277,24,24 770,277,65,57
F:\工作\124-视频练习\1362384843_t@1040.jpg 418,279,96,76 620,281,62,56 690,277,25,22 779,273,66,56
F:\工作\124-视频练习\1362384843_t@1060.jpg 416,278,92,72 622,281,66,62 694,277,23,25 782,275,67,63
F:\工作\124-视频练习\1362384843_t@1080.jpg 403,273,85,76 600,279,75,66 679,275,29,28 771,273,72,63
F:\工作\124-视频练习\1362384843_t@1100.jpg 396,279,86,73 597,286,75,69 679,281,29,26 765,278,73,66
F:\工作\124-视频练习\1362384843_t@1120.jpg 384,274,83,74 578,279,84,81 756,273,75,66
F:\工作\124-视频练习\1362384843_t@1140.jpg 745,270,76,69 558,278,94,83 670,272,32,29 380,274,77,68
F:\工作\124-视频练习\1362384843_t@1160.jpg 372,270,80,72 543,280,98,86 669,273,29,27 736,271,82,71
F:\工作\124-视频练习\1362384843_t@1180.jpg 367,269,78,69 519,272,104,97 665,269,32,28 731,264,78,70
F:\工作\124-视频练习\1362384843_t@1200.jpg 352,278,73,64 488,284,109,92 654,278,29,30 706,275,80,73
F:\工作\124-视频练习\1362384843_t@1220.jpg 313,278,77,62 429,282,107,101 672,274,75,69
F:\工作\124-视频练习\1362384843_t@1240.jpg 372,278,121,106 654,268,78,70
F:\工作\124-视频练习\1362384843_t@1260.jpg 329,278,131,115 500,281,66,53 658,272,81,72
F:\工作\124-视频练习\1362384843_t@1280.jpg 646,271,85,74 482,280,64,52 265,282,142,120
F:\工作\124-视频练习\1362384843_t@1300.jpg 195,278,153,137 470,273,62,60 642,269,83,76
F:\工作\124-视频练习\1362384843_t@1320.jpg 109,281,178,157 459,280,68,57 642,276,84,72
F:\工作\124-视频练习\1362384843_t@1340.jpg 636,264,91,79 443,273,76,62
F:\工作\124-视频练习\1362384843_t@1360.jpg 436,274,68,64 239,271,78,65 642,267,92,81
F:\工作\124-视频练习\1362384843_t@1380.jpg 238,279,73,66 423,281,73,68 648,272,92,87
F:\工作\124-视频练习\1362384843_t@1400.jpg 242,269,76,66 408,272,78,68 651,269,97,85
F:\工作\124-视频练习\1362384843_t@1420.jpg 250,273,79,62 401,277,79,68 667,269,100,84
F:\工作\124-视频练习\1362384843_t@1440.jpg 260,268,78,60 395,272,78,71 685,263,101,89
F:\工作\124-视频练习\1362384843_t@1460.jpg 265,276,73,63 387,280,84,75 607,277,45,41 694,273,103,92
F:\工作\124-视频练习\1362384843_t@1480.jpg 685,269,108,91 589,272,46,40 358,276,89,74 252,272,75,60
F:\工作\124-视频练习\1362384843_t@1500.jpg 331,269,91,83 575,266,46,46 670,266,114,98 244,264,75,60
F:\工作\124-视频练习\1362384843_t@1520.jpg 296,273,92,84 557,270,50,45 654,266,109,99
F:\工作\124-视频练习\1362384843_t@1540.jpg 631,261,114,102 545,268,53,46 259,272,96,86
F:\工作\124-视频练习\1362384843_t@1560.jpg 265,278,100,86 568,272,52,44 640,268,117,102
F:\工作\124-视频练习\1362384843_t@1580.jpg 667,269,121,105 598,270,55,49 285,278,103,93
F:\工作\124-视频练习\1362384843_t@1600.jpg 289,277,103,93 608,270,50,49 680,268,113,109
F:\工作\124-视频练习\1362384843_t@1620.jpg 280,275,109,97 598,272,53,49 671,269,115,108
F:\工作\124-视频练习\1362384843_t@1640.jpg 285,273,106,99 600,266,56,56 665,264,115,113
F:\工作\124-视频练习\1362384843_t@1660.jpg 660,263,115,106 291,272,108,91 600,265,56,53
F:\工作\124-视频练习\1362384843_t@1680.jpg 638,262,120,108 289,273,109,94
F:\工作\124-视频练习\1362384843_t@1700.jpg 297,272,106,96 629,261,115,106
F:\工作\124-视频练习\1362384843_t@1720.jpg 622,262,112,103 740,268,55,50 310,274,107,93 453,269,39,37
F:\工作\124-视频练习\1362384843_t@1740.jpg 612,266,117,114 768,274,68,68 323,275,108,94 477,272,37,32
F:\工作\124-视频练习\1362384843_t@1760.jpg 352,278,104,93 612,265,119,114 828,270,94,88
F:\工作\124-视频练习\1362384843_t@1780.jpg 8,276,262,209 372,270,100,96 603,257,128,119 930,267,148,125
F:\工作\124-视频练习\1362384843_t@1800.jpg 40,272,242,215 373,273,102,87 596,259,137,129
F:\工作\124-视频练习\1362384843_t@1820.jpg 572,266,158,138 363,281,94,84 13,282,234,204
F:\工作\124-视频练习\1362384843_t@1840.jpg 356,274,97,82 578,258,162,150
F:\工作\124-视频练习\1362384843_t@1860.jpg 1,276,211,181 360,277,90,83 602,263,172,154
F:\工作\124-视频练习\1362384843_t@1880.jpg 45,275,187,163 362,276,86,75 638,266,184,161
F:\工作\124-视频练习\1362384843_t@1900.jpg 688,261,190,171 368,275,79,71 97,279,159,144
F:\工作\124-视频练习\1362384843_t@1920.jpg 542,264,116,97 697,260,193,179 343,273,81,67 98,273,147,135
F:\工作\124-视频练习\1362384843_t@1940.jpg 90,272,131,116 311,270,77,63 497,264,113,99 683,265,202,171
F:\工作\124-视频练习\1362384843_t@1960.jpg 661,257,190,180 455,262,121,103 295,270,68,61 87,271,112,104
F:\工作\124-视频练习\1362384843_t@1980.jpg 85,279,111,89 278,274,54,58 406,264,120,110 617,260,192,170
F:\工作\124-视频练习\1362384843_t@2000.jpg 594,261,188,169 383,260,119,117 104,271,101,98 283,273,65,59
F:\工作\124-视频练习\1362384843_t@2020.jpg 592,257,184,166 386,252,126,122 142,270,97,86 311,271,59,54
F:\工作\124-视频练习\1362384843_t@2040.jpg 167,279,94,78 380,261,129,120 592,258,178,152
F:\工作\124-视频练习\1362384843_t@2060.jpg 585,263,173,138 364,261,134,123 181,280,88,77
F:\工作\124-视频练习\1362384843_t@2080.jpg 195,274,88,81 357,257,139,128 584,259,167,144
F:\工作\124-视频练习\1362384843_t@2100.jpg 587,259,160,141 358,255,148,130 205,274,91,75
F:\工作\124-视频练习\1362384843_t@2120.jpg 210,273,86,78 351,255,149,135 592,261,157,144
F:\工作\124-视频练习\1362384843_t@2140.jpg 582,262,156,141 335,256,156,141 203,271,85,79
F:\工作\124-视频练习\1362384843_t@2160.jpg 318,253,167,160 577,265,156,133 195,277,91,78
F:\工作\124-视频练习\1362384843_t@2180.jpg 569,262,154,138 254,250,187,173
F:\工作\124-视频练习\1362384843_t@2200.jpg 139,250,232,201 557,264,159,140
F:\工作\124-视频练习\1362384843_t@2220.jpg 536,263,157,140
F:\工作\124-视频练习\1362384843_t@2240.jpg 538,262,160,147 332,278,55,50
F:\工作\124-视频练习\1362384843_t@2260.jpg 530,250,162,147
F:\工作\124-视频练习\1362384843_t@2280.jpg 518,259,161,150 327,275,57,53
F:\工作\124-视频练习\1362384843_t@2300.jpg 517,271,162,144 34,282,121,99 331,284,61,51
F:\工作\124-视频练习\1362384843_t@2320.jpg 20,270,119,103 345,269,60,53 525,253,165,154
F:\工作\124-视频练习\1362384843_t@2340.jpg 495,264,172,158 328,284,59,52
F:\工作\124-视频练习\1362384843_t@2360.jpg 320,284,57,56 477,265,188,173
F:\工作\124-视频练习\1362384843_t@2380.jpg 467,252,204,182 323,272,61,54
F:\工作\124-视频练习\1362384843_t@2400.jpg 453,244,209,189 317,270,59,52
F:\工作\124-视频练习\1362384843_t@2420.jpg 447,242,216,196
F:\工作\124-视频练习\1362384843_t@2440.jpg 450,242,208,193
F:\工作\124-视频练习\1362384843_t@2460.jpg 468,269,205,182 352,293,56,49
F:\工作\124-视频练习\1362384843_t@2480.jpg 479,242,198,172
F:\工作\124-视频练习\1362384843_t@2500.jpg 498,256,185,158
F:\工作\124-视频练习\1362384843_t@2520.jpg 518,262,169,152
F:\工作\124-视频练习\1362384843_t@2540.jpg 58,226,438,365
F:\工作\124-视频练习\1362384843_t@2560.jpg 208,234,367,326
F:\工作\124-视频练习\1362384843_t@2580.jpg 329,238,312,287
F:\工作\124-视频练习\1362384843_t@2600.jpg 44,242,225,214 430,245,275,251
F:\工作\124-视频练习\1362384843_t@2620.jpg 486,259,250,213 216,259,178,162
F:\工作\124-视频练习\1362384843_t@2640.jpg 293,255,152,137 506,254,222,190
F:\工作\124-视频练习\1362384843_t@2660.jpg 350,255,132,130 526,254,205,186 243,280,91,75
F:\工作\124-视频练习\1362384843_t@2680.jpg 370,260,128,124 522,255,195,170 250,278,91,73
F:\工作\124-视频练习\1362384843_t@2700.jpg 397,257,122,120 535,254,189,174 273,275,80,69
F:\工作\124-视频练习\1362384843_t@2720.jpg 419,259,117,115 542,256,191,175 297,278,72,64
F:\工作\124-视频练习\1362384843_t@2740.jpg 419,251,117,115 537,248,196,174 301,271,69,55
F:\工作\124-视频练习\1362384843_t@2760.jpg 539,256,198,182
F:\工作\124-视频练习\1362384843_t@2780.jpg 536,252,201,174 355,276,61,53
F:\工作\124-视频练习\1362384843_t@2800.jpg 539,248,192,174
F:\工作\124-视频练习\1362384843_t@2820.jpg 563,258,187,168
F:\工作\124-视频练习\1362384843_t@2840.jpg 555,252,184,168
F:\工作\124-视频练习\1362384843_t@2860.jpg 556,253,180,167
F:\工作\124-视频练习\1362384843_t@2880.jpg 562,251,168,156 5,226,386,352
F:\工作\124-视频练习\1362384843_t@2900.jpg 97,234,383,354 578,257,160,144
F:\工作\124-视频练习\1362384843_t@2920.jpg 178,240,364,336 584,256,143,133
F:\工作\124-视频练习\1362384843_t@2940.jpg 261,247,321,297
F:\工作\124-视频练习\1362384843_t@2960.jpg 300,264,282,257 600,275,121,111
F:\工作\124-视频练习\1362384843_t@2980.jpg 582,259,115,99 720,269,52,43 293,252,257,229
F:\工作\124-视频练习\1362384843_t@3000.jpg 275,249,236,216 552,261,110,93 696,272,51,40
F:\工作\124-视频练习\1362384843_t@3020.jpg 269,257,214,206 540,264,100,98 688,273,46,43
F:\工作\124-视频练习\1362384843_t@3040.jpg 231,257,213,199 517,264,101,92 667,274,48,42
F:\工作\124-视频练习\1362384843_t@3060.jpg 215,243,213,204 516,258,93,91 654,261,50,44
F:\工作\124-视频练习\1362384843_t@3080.jpg 244,260,204,201 543,268,97,88 678,274,46,40
F:\工作\124-视频练习\1362384843_t@3100.jpg 234,267,209,194 548,272,92,83 681,275,47,38
F:\工作\124-视频练习\1362384843_t@3120.jpg 218,245,209,201 527,258,88,85 658,264,44,39
F:\工作\124-视频练习\1362384843_t@3140.jpg 237,255,211,203 549,262,93,83 673,265,47,41
F:\工作\124-视频练习\1362384843_t@3160.jpg 221,256,215,205 541,264,90,82 662,272,40,40
F:\工作\124-视频练习\1362384843_t@3180.jpg 232,251,216,206 538,265,91,86 649,271,43,39
F:\工作\124-视频练习\1362384843_t@3200.jpg 256,257,215,201 547,266,93,85 656,276,44,39
F:\工作\124-视频练习\1362384843_t@3220.jpg 240,254,215,212 529,263,97,92 642,274,46,46
F:\工作\124-视频练习\1362384843_t@3240.jpg 216,254,221,216 511,266,94,85 622,276,48,45
F:\工作\124-视频练习\1362384843_t@3260.jpg 183,251,225,222 498,262,94,95 618,275,48,43
F:\工作\124-视频练习\1362384843_t@3280.jpg 152,257,227,219 490,267,103,94 626,278,47,44
F:\工作\124-视频练习\1362384843_t@3300.jpg 106,248,239,226 480,260,105,100 624,272,53,45
F:\工作\124-视频练习\1362384843_t@3320.jpg 635,274,54,44 471,263,114,103 62,250,248,239
F:\工作\124-视频练习\1362384843_t@3340.jpg 441,258,126,111 630,270,52,49
F:\工作\124-视频练习\1362384843_t@3360.jpg 402,256,132,121 617,270,58,50
F:\工作\124-视频练习\1362384843_t@3380.jpg 362,252,143,132 615,270,56,49
F:\工作\124-视频练习\1362384843_t@3400.jpg 623,276,53,48 330,259,153,138
F:\工作\124-视频练习\1362384843_t@3420.jpg 287,252,162,147 626,273,56,49
F:\工作\124-视频练习\1362384843_t@3440.jpg 647,260,55,53 718,265,32,30 254,241,166,152
F:\工作\124-视频练习\1362384843_t@3460.jpg 222,258,178,163 678,277,57,57 766,282,32,29
F:\工作\124-视频练习\1362384843_t@3480.jpg 180,256,182,170 714,273,59,57 814,280,34,32
F:\工作\124-视频练习\1362384843_t@3500.jpg 396,271,78,72 128,255,196,175 757,275,63,54
F:\工作\124-视频练习\1362384843_t@3520.jpg 790,273,60,55 347,271,78,68 48,258,197,165
F:\工作\124-视频练习\1362384843_t@3540.jpg 276,261,72,70 815,272,59,59
F:\工作\124-视频练习\1362384843_t@3560.jpg 848,274,62,60 176,262,77,66
F:\工作\124-视频练习\1362384843_t@3580.jpg 838,278,64,58 3,257,76,67
F:\工作\124-视频练习\1362384843_t@3600.jpg 838,283,62,57
F:\工作\124-视频练习\1362384843_t@3620.jpg 851,291,61,62
F:\工作\124-视频练习\1362384843_t@3640.jpg 883,280,62,64
F:\工作\124-视频练习\1362384843_t@3660.jpg 873,296,61,61
F:\工作\124-视频练习\1362384843_t@3680.jpg 858,285,60,59
F:\工作\124-视频练习\1362384843_t@3720.jpg 838,291,61,60
F:\工作\124-视频练习\1362384843_t@3740.jpg 827,288,61,56
F:\工作\124-视频练习\1362384843_t@3760.jpg 834,282,60,59
F:\工作\124-视频练习\1362384843_t@3780.jpg 844,279,61,57
F:\工作\124-视频练习\1362384843_t@3800.jpg 845,279,65,58
F:\工作\124-视频练习\1362384843_t@3820.jpg 827,279,61,59
F:\工作\124-视频练习\1362384843_t@3840.jpg 814,278,66,62
F:\工作\124-视频练习\1362384843_t@3860.jpg 825,275,61,59
F:\工作\124-视频练习\1362384843_t@3880.jpg 825,286,62,58
F:\工作\124-视频练习\1362384843_t@3900.jpg 795,277,59,57
F:\工作\124-视频练习\1362384843_t@3920.jpg 1117,300,101,77 746,276,61,54
F:\工作\124-视频练习\1362384843_t@3940.jpg 1018,289,96,80 683,266,59,55
F:\工作\124-视频练习\1362384843_t@3960.jpg 663,258,59,56 945,277,100,77
F:\工作\124-视频练习\1362384843_t@3980.jpg 664,257,62,56 896,277,97,80
F:\工作\124-视频练习\1362384843_t@4000.jpg 848,274,92,71 665,254,58,55
F:\工作\124-视频练习\1362384843_t@4020.jpg 673,260,57,50 807,279,89,72
F:\工作\124-视频练习\1362384843_t@4040.jpg 761,276,90,68 667,259,57,51 166,264,71,61 364,253,44,42 501,255,26,23
F:\工作\124-视频练习\1362384843_t@4060.jpg 183,256,66,59 366,253,45,43 724,274,83,69
F:\工作\124-视频练习\1362384843_t@4080.jpg 690,278,83,65 979,285,223,199
F:\工作\124-视频练习\1362384843_t@4100.jpg 890,279,215,196 649,275,82,68 53,245,68,66 193,264,62,52
F:\工作\124-视频练习\1362384843_t@4120.jpg 617,278,79,66 840,277,202,188 201,268,65,54 373,270,42,40 95,251,61,61
F:\工作\124-视频练习\1362384843_t@4140.jpg 25,261,55,60 144,266,62,56 231,280,62,55 395,284,41,40 596,287,81,63 805,286,187,179
F:\工作\124-视频练习\1362384843_t@4160.jpg 772,283,176,168 574,287,78,61 416,288,42,38 257,287,55,49 74,271,50,56 191,274,55,55
F:\工作\124-视频练习\1362384843_t@4180.jpg 746,272,161,161 553,281,76,62 274,279,56,46 109,259,48,56 425,279,40,38
F:\工作\124-视频练习\1362384843_t@4200.jpg 722,287,152,144 533,291,79,66 625,286,50,51 436,287,39,37
F:\工作\124-视频练习\1362384843_t@4220.jpg 515,284,73,61 619,280,55,49 699,280,145,139 5,277,92,87 444,283,39,37
F:\工作\124-视频练习\1362384843_t@4240.jpg 499,282,77,62 679,278,139,133 450,281,39,40 325,281,43,39 58,275,93,79
F:\工作\124-视频练习\1362384843_t@4260.jpg 663,284,144,122 499,287,75,65 342,283,47,41 109,278,88,75
F:\工作\124-视频练习\1362384843_t@4280.jpg 662,280,137,132 502,284,75,60 362,281,40,41 157,277,74,66
F:\工作\124-视频练习\1362384843_t@4300.jpg 202,282,70,65 387,286,44,37 501,287,80,67 657,283,134,125
F:\工作\124-视频练习\1362384843_t@4320.jpg 655,279,134,123 496,283,83,72 246,277,66,65 408,284,42,36
F:\工作\124-视频练习\1362384843_t@4340.jpg 284,275,63,59 477,278,86,72 652,277,133,125
F:\工作\124-视频练习\1362384843_t@4360.jpg 642,278,137,128 448,278,87,76 312,274,64,56
F:\工作\124-视频练习\1362384843_t@4380.jpg 435,278,91,74 631,277,142,124 358,271,55,58
F:\工作\124-视频练习\1362384843_t@4400.jpg 430,278,94,74 624,277,138,128 546,277,48,43
F:\工作\124-视频练习\1362384843_t@4420.jpg 615,275,136,121 431,275,92,78 562,277,45,43
F:\工作\124-视频练习\1362384843_t@4440.jpg 604,282,139,127 429,285,98,77 379,273,49,45 570,284,45,46
F:\工作\124-视频练习\1362384843_t@4460.jpg 583,269,138,122 412,272,99,78 375,256,44,47
F:\工作\124-视频练习\1362384843_t@4480.jpg 373,276,107,80 557,274,141,127
F:\工作\124-视频练习\1362384843_t@4500.jpg 86,270,114,96 362,275,112,91 554,273,146,134
F:\工作\124-视频练习\1362384843_t@4520.jpg 38,262,83,73 192,266,94,85 365,272,114,93 559,267,143,136
F:\工作\124-视频练习\1362384843_t@4540.jpg 549,270,149,136 364,272,110,89 259,270,76,66 75,260,75,65
F:\工作\124-视频练习\1362384843_t@4560.jpg 127,269,69,60 360,275,102,93 547,273,158,141
F:\工作\124-视频练习\1362384843_t@4580.jpg 543,272,166,150 344,273,109,92 175,269,62,54
F:\工作\124-视频练习\1362384843_t@4600.jpg 229,266,57,52 343,271,101,87 545,272,170,149
F:\工作\124-视频练习\1362384843_t@4620.jpg 30,257,165,144 355,272,90,81 556,276,160,149 278,267,50,50
F:\工作\124-视频练习\1362384843_t@4640.jpg 116,258,144,130 374,273,87,72 568,273,155,139
F:\工作\124-视频练习\1362384843_t@4660.jpg 181,268,131,108 399,279,82,74 581,279,148,133
F:\工作\124-视频练习\1362384843_t@4680.jpg 221,265,122,114 406,277,79,68 574,279,159,140 530,279,41,34
F:\工作\124-视频练习\1362384843_t@4700.jpg 256,255,116,102 416,270,75,66 566,268,161,149 72,257,94,90
F:\工作\124-视频练习\1362384843_t@4720.jpg 152,265,89,83 300,262,107,105 565,269,163,145
F:\工作\124-视频练习\1362384843_t@4740.jpg 572,275,158,148 349,265,107,90 231,268,78,71
F:\工作\124-视频练习\1362384843_t@4760.jpg 269,272,67,67 375,270,92,86 546,275,167,145
F:\工作\124-视频练习\1362384843_t@4780.jpg 24,278,137,127 399,278,91,85 533,283,167,154 305,279,67,62
F:\工作\124-视频练习\1362384843_t@4800.jpg 514,271,178,165 414,270,85,83 333,275,60,58 66,273,125,112
F:\工作\124-视频练习\1362384843_t@4820.jpg 105,274,118,106 357,276,55,56 505,273,181,170 432,274,75,72
F:\工作\124-视频练习\1362384843_t@4840.jpg 504,277,187,173 379,279,52,47 151,275,103,97
F:\工作\124-视频练习\1362384843_t@4860.jpg 491,266,199,184 441,271,70,70
F:\工作\124-视频练习\1362384843_t@4880.jpg 46,277,187,164 481,270,200,182
F:\工作\124-视频练习\1362384843_t@4900.jpg 458,270,190,180 140,277,152,135
F:\工作\124-视频练习\1362384843_t@4920.jpg 235,283,126,112 444,277,187,163
F:\工作\124-视频练习\1362384843_t@4940.jpg 448,279,179,160 634,271,116,103 305,286,114,100
F:\工作\124-视频练习\1362384843_t@4960.jpg 402,276,177,163 609,272,130,116
F:\工作\124-视频练习\1362384843_t@4980.jpg 599,272,128,115 349,277,186,167
F:\工作\124-视频练习\1362384843_t@5000.jpg 292,269,188,173 596,264,137,122
F:\工作\124-视频练习\1362384843_t@5020.jpg 578,263,148,137 239,269,194,172
F:\工作\124-视频练习\1362384843_t@5040.jpg 211,278,198,176 565,272,161,144
F:\工作\124-视频练习\1362384843_t@5060.jpg 549,254,175,153 187,265,186,174
F:\工作\124-视频练习\1362384843_t@5080.jpg 553,255,177,158 196,267,184,158 4,245,89,104 415,279,76,75
F:\工作\124-视频练习\1362384843_t@5100.jpg 543,259,191,167 205,272,180,156 77,254,78,94 417,283,82,68
F:\工作\124-视频练习\1362384843_t@5120.jpg 546,262,198,173 233,274,161,148 438,284,71,63
F:\工作\124-视频练习\1362384843_t@5140.jpg 255,274,155,138 551,261,196,171
F:\工作\124-视频练习\1362384843_t@5160.jpg 544,252,199,181 271,265,141,129 130,270,98,80
F:\工作\124-视频练习\1362384843_t@5180.jpg 552,252,206,184 316,266,126,124 214,273,85,74
F:\工作\124-视频练习\1362384843_t@5200.jpg 329,271,118,112 541,253,211,186
F:\工作\124-视频练习\1362384843_t@5220.jpg 528,257,212,196 341,277,112,103
F:\工作\124-视频练习\1362384843_t@5240.jpg 532,255,214,190 373,274,103,97
F:\工作\124-视频练习\1362384843_t@5260.jpg 537,256,203,183 390,273,96,87
F:\工作\124-视频练习\1362384843_t@5280.jpg 4,192,246,274 538,253,198,191
F:\工作\124-视频练习\1362384843_t@5300.jpg 536,257,195,176 84,196,208,246 414,275,80,78
F:\工作\124-视频练习\1362384843_t@5320.jpg 153,211,184,218 433,275,79,75 546,259,194,173
F:\工作\124-视频练习\1362384843_t@5340.jpg 553,252,194,170 202,205,172,193 446,268,74,70
F:\工作\124-视频练习\1362384843_t@5360.jpg 239,217,154,182 543,256,187,174
F:\工作\124-视频练习\1362384843_t@5380.jpg 547,261,186,162 284,231,137,164
F:\工作\124-视频练习\1362384843_t@5400.jpg 315,242,129,150 547,266,181,166
F:\工作\124-视频练习\1362384843_t@5420.jpg 560,263,176,161 346,233,121,142
F:\工作\124-视频练习\1362384843_t@5440.jpg 358,237,116,142 568,267,177,163
F:\工作\124-视频练习\1362384843_t@5460.jpg 590,256,183,165 396,234,116,130
F:\工作\124-视频练习\1362384843_t@5480.jpg 546,248,191,167 386,228,112,123
F:\工作\124-视频练习\1362384843_t@5500.jpg 525,254,194,175 409,235,104,122
F:\工作\124-视频练习\1362384843_t@5540.jpg 458,259,198,177 142,277,100,88
F:\工作\124-视频练习\1362384843_t@5560.jpg 440,254,207,184 226,274,90,76
F:\工作\124-视频练习\1362384843_t@5580.jpg 445,251,212,185 290,271,81,69
F:\工作\124-视频练习\1362384843_t@5600.jpg 104,262,82,72 328,266,72,64 451,249,218,194
F:\工作\124-视频练习\1362384843_t@5620.jpg 460,253,229,196 351,270,68,62 168,269,73,61
F:\工作\124-视频练习\1362384843_t@5640.jpg 488,247,230,214 367,268,62,54 210,266,63,57
F:\工作\124-视频练习\1362384843_t@5660.jpg 285,261,58,50 408,263,57,53 551,246,226,193
F:\工作\124-视频练习\1362384843_t@5680.jpg 600,259,210,188 445,274,51,43 338,272,50,44
F:\工作\124-视频练习\1362384843_t@5700.jpg 448,274,45,41 594,263,196,165 351,270,45,43
F:\工作\124-视频练习\1362384843_t@5720.jpg 542,258,187,165
F:\工作\124-视频练习\1362384843_t@5740.jpg 510,261,182,160 0,274,127,114 413,275,41,37
F:\工作\124-视频练习\1362384843_t@5760.jpg 70,274,106,100 500,260,178,153
F:\工作\124-视频练习\1362384843_t@5780.jpg 491,258,176,157 129,271,106,93 439,271,42,35
F:\工作\124-视频练习\1362384843_t@5800.jpg 479,258,174,155 168,269,95,77
F:\工作\124-视频练习\1362384843_t@5820.jpg 481,256,176,157 217,266,92,75
F:\工作\124-视频练习\1362384843_t@5840.jpg 496,255,174,153 272,267,77,71
F:\工作\124-视频练习\1362384843_t@5860.jpg 301,270,77,65 499,255,178,161
F:\工作\124-视频练习\1362384843_t@5880.jpg 493,258,180,168 322,271,72,62
F:\工作\124-视频练习\1362384843_t@5900.jpg 499,253,181,158 354,267,66,59
F:\工作\124-视频练习\1362384843_t@5920.jpg 501,261,182,153 379,273,62,52
F:\工作\124-视频练习\1362384843_t@5940.jpg 512,262,168,138 406,275,59,47 691,260,56,65
F:\工作\124-视频练习\1362384843_t@5960.jpg 693,256,60,68 513,255,167,147 427,270,53,54
F:\工作\124-视频练习\1362384843_t@5980.jpg 513,266,161,142 696,266,59,67 445,277,49,51
F:\工作\124-视频练习\1362384843_t@6000.jpg 523,263,150,130 707,263,60,67
F:\工作\124-视频练习\1362384843_t@6020.jpg 39,270,139,111 519,261,150,132 711,259,64,72
F:\工作\124-视频练习\1362384843_t@6040.jpg 89,276,126,107 517,268,151,132 730,265,64,75
F:\工作\124-视频练习\1362384843_t@6060.jpg 130,278,119,93 521,264,140,132 749,263,68,77
F:\工作\124-视频练习\1362384843_t@6080.jpg 797,257,71,84 547,264,136,133 195,276,107,91
F:\工作\124-视频练习\1362384843_t@6100.jpg 233,271,105,89 568,263,155,137 843,259,80,87
F:\工作\124-视频练习\1362384843_t@6120.jpg 881,258,87,95 574,263,163,143 251,271,97,85
F:\工作\124-视频练习\1362384843_t@6140.jpg 261,268,93,75 580,256,164,146 928,251,95,105
F:\工作\124-视频练习\1362384843_t@6160.jpg 582,261,169,143 982,255,105,113
F:\工作\124-视频练习\1362384843_t@6180.jpg 580,265,165,143 1041,255,111,121
F:\工作\124-视频练习\1362384843_t@6200.jpg 570,260,170,146
F:\工作\124-视频练习\1362384843_t@6240.jpg 545,258,170,145
F:\工作\124-视频练习\1362384843_t@6260.jpg 538,257,171,149 329,269,65,52
F:\工作\124-视频练习\1362384843_t@6280.jpg 544,256,162,152 352,266,58,54 20,266,139,132
F:\工作\124-视频练习\1362384843_t@6300.jpg 122,271,121,109 541,262,175,152 372,271,55,53
F:\工作\124-视频练习\1362384843_t@6320.jpg 209,271,105,92 542,257,174,155 391,270,51,49
F:\工作\124-视频练习\1362384843_t@6340.jpg 279,272,90,85 544,259,175,157
F:\工作\124-视频练习\1362384843_t@6360.jpg 541,258,179,154 342,269,86,74 8,248,99,95
F:\工作\124-视频练习\1362384843_t@6380.jpg 36,252,99,96 396,271,78,70 546,255,180,161
F:\工作\124-视频练习\1362384843_t@6400.jpg 535,251,180,164 39,249,92,91 339,264,41,42 423,267,65,66
F:\工作\124-视频练习\1362384843_t@6420.jpg 533,255,176,156 447,268,64,60 338,266,42,40 52,250,90,86
F:\工作\124-视频练习\1362384843_t@6440.jpg 542,259,177,153 474,273,60,57 346,270,47,40
F:\工作\124-视频练习\1362384843_t@6460.jpg 542,267,172,148 351,274,41,35 491,279,51,48
F:\工作\124-视频练习\1362384843_t@6480.jpg 539,263,175,154 357,272,37,35 454,274,40,38
F:\工作\124-视频练习\1362384843_t@6500.jpg 85,222,212,209 539,262,173,152 459,278,43,37
F:\工作\124-视频练习\1362384843_t@6520.jpg 187,223,169,175 523,256,180,157
F:\工作\124-视频练习\1362384843_t@6540.jpg 507,260,183,159 255,238,148,150
F:\工作\124-视频练习\1362384843_t@6560.jpg 70,253,130,123 312,242,130,134 510,257,182,165
F:\工作\124-视频练习\1362384843_t@6580.jpg 517,256,187,165 362,245,113,117 140,253,111,109
F:\工作\124-视频练习\1362384843_t@6600.jpg 177,254,106,107 398,249,101,110 517,259,185,161
F:\工作\124-视频练习\1362384843_t@6620.jpg 521,258,182,163 211,258,96,96 424,252,96,102
F:\工作\124-视频练习\1362384843_t@6640.jpg 528,260,176,155 237,260,89,87
F:\工作\124-视频练习\1362384843_t@6660.jpg 526,258,171,151 258,257,87,86
F:\工作\124-视频练习\1362384843_t@6680.jpg 274,265,81,86 537,264,163,145
F:\工作\124-视频练习\1362384843_t@6700.jpg 556,264,152,132 294,264,79,78
F:\工作\124-视频练习\1362384843_t@6720.jpg 291,265,81,74 548,260,153,140
F:\工作\124-视频练习\1362384843_t@6740.jpg 554,265,149,130 301,268,84,70
F:\工作\124-视频练习\1362384843_t@6760.jpg 303,262,73,72 551,261,147,129
F:\工作\124-视频练习\1362384843_t@6780.jpg 551,266,145,128 313,269,75,69
F:\工作\124-视频练习\1362384843_t@6800.jpg 553,267,143,127 324,265,72,71
F:\工作\124-视频练习\1362384843_t@6820.jpg 549,273,149,131 327,272,73,71
F:\工作\124-视频练习\1362384843_t@6840.jpg 540,258,155,135
F:\工作\124-视频练习\1362384843_t@6860.jpg 545,266,153,129 341,273,71,65
F:\工作\124-视频练习\1362384843_t@6880.jpg 543,268,162,128 352,274,68,63 17,279,130,118
F:\工作\124-视频练习\1362384843_t@6900.jpg 18,271,129,113 350,264,67,68 538,262,168,148
F:\工作\124-视频练习\1362384843_t@6920.jpg 534,263,174,153 357,269,67,67 33,275,131,116
F:\工作\124-视频练习\1362384843_t@6940.jpg 355,271,68,66 525,264,176,153
F:\工作\124-视频练习\1362384843_t@6960.jpg 523,257,180,157 356,267,70,63
F:\工作\124-视频练习\1362384843_t@6980.jpg 524,271,180,152 359,273,67,64
F:\工作\124-视频练习\1362384843_t@7000.jpg 524,263,180,158 360,268,69,60
F:\工作\124-视频练习\1362384843_t@7020.jpg 517,258,181,161 357,270,67,60
F:\工作\124-视频练习\1362384843_t@7040.jpg 519,261,177,158 360,272,65,60
F:\工作\124-视频练习\1362384843_t@7060.jpg 41,270,223,190 528,261,176,156 365,267,69,61
F:\工作\124-视频练习\1362384843_t@7080.jpg 523,261,172,150 82,268,195,171
F:\工作\124-视频练习\1362384843_t@7100.jpg 126,273,189,166 530,263,171,150
F:\工作\124-视频练习\1362384843_t@7120.jpg 165,271,177,148 538,262,170,146
F:\工作\124-视频练习\1362384843_t@7140.jpg 550,267,167,146 207,274,164,143
F:\工作\124-视频练习\1362384843_t@7160.jpg 554,258,165,152 245,270,155,135
F:\工作\124-视频练习\1362384843_t@7180.jpg 558,265,169,143 282,273,144,124 156,275,107,94
F:\工作\124-视频练习\1362384843_t@7200.jpg 147,275,106,98 314,273,133,116 557,264,172,152
F:\工作\124-视频练习\1362384843_t@7220.jpg 560,257,168,147 345,270,127,109 139,270,109,90
F:\工作\124-视频练习\1362384843_t@7240.jpg 123,281,106,95 366,278,119,106 549,267,176,146
F:\工作\124-视频练习\1362384843_t@7260.jpg 560,259,169,145 401,270,105,93 129,270,107,97
F:\工作\124-视频练习\1362384843_t@7280.jpg 141,279,101,96 419,278,102,85 560,264,162,132
F:\工作\124-视频练习\1362384843_t@7300.jpg 548,257,158,139 442,270,91,78 150,268,108,95
F:\工作\124-视频练习\1362384843_t@7340.jpg 201,276,97,85 505,262,151,128 402,265,56,55
F:\工作\124-视频练习\1362384843_t@7360.jpg 486,258,145,130 226,274,95,82 411,262,53,59
F:\工作\124-视频练习\1362384843_t@7380.jpg 457,261,144,126 229,273,98,80
F:\工作\124-视频练习\1362384843_t@7400.jpg 443,261,138,135 261,273,89,86
F:\工作\124-视频练习\1362384843_t@7420.jpg 404,259,151,137 286,272,95,89
F:\工作\124-视频练习\1362384843_t@7440.jpg 384,252,151,136 234,248,80,78
F:\工作\124-视频练习\1362384843_t@7460.jpg 346,258,163,151 226,261,81,77 653,253,63,69 562,265,40,37
F:\工作\124-视频练习\1362384843_t@7480.jpg 264,252,182,159 613,251,81,74
F:\工作\124-视频练习\1362384843_t@7500.jpg 609,239,86,85 206,253,193,173 552,260,37,38
F:\工作\124-视频练习\1362384843_t@7520.jpg 97,243,218,189 590,233,87,91
F:\工作\124-视频练习\1362384843_t@7540.jpg 575,232,93,91 350,268,92,79 457,265,57,55 0,241,225,207
F:\工作\124-视频练习\1362384843_t@7560.jpg 371,271,84,74 475,271,57,55 580,236,101,97
F:\工作\124-视频练习\1362384843_t@7580.jpg 588,238,99,98 386,274,86,72 245,259,80,81
F:\工作\124-视频练习\1362384843_t@7600.jpg 262,257,81,77 395,272,79,72 583,235,102,108
F:\工作\124-视频练习\1362384843_t@7620.jpg 585,231,101,109 412,268,83,68 286,253,78,78
F:\工作\124-视频练习\1362384843_t@7640.jpg 318,260,73,76 433,274,79,68 584,235,109,109
F:\工作\124-视频练习\1362384843_t@7660.jpg 439,273,72,65 334,263,69,67 584,236,102,104
F:\工作\124-视频练习\1362384843_t@7680.jpg 343,262,67,67 443,274,70,63 571,236,110,108
F:\工作\124-视频练习\1362384843_t@7700.jpg 572,238,105,114 447,280,68,61 351,273,68,65
F:\工作\124-视频练习\1362384843_t@7720.jpg 356,271,66,66 219,276,59,57 446,284,70,60 563,240,113,116
F:\工作\124-视频练习\1362384843_t@7740.jpg 567,232,116,118 457,275,63,57 362,267,66,62 258,269,52,52
F:\工作\124-视频练习\1362384843_t@7760.jpg 285,273,49,52 368,270,62,61 466,280,61,59 541,232,132,124
F:\工作\124-视频练习\1362384843_t@7780.jpg 501,228,135,135 367,270,65,62 298,277,51,47
F:\工作\124-视频练习\1362384843_t@7800.jpg 363,270,64,62 436,224,149,141 611,285,42,40
F:\工作\124-视频练习\1362384843_t@7820.jpg 611,283,44,42 379,224,163,147 319,277,48,43
F:\工作\124-视频练习\1362384843_t@7840.jpg 337,219,160,156 607,284,45,44
F:\工作\124-视频练习\1362384843_t@7860.jpg 613,278,55,49 312,210,161,166
F:\工作\124-视频练习\1362384843_t@7880.jpg 266,200,178,172 482,269,56,49 610,271,53,50
F:\工作\124-视频练习\1362384843_t@7900.jpg 607,279,55,56 483,279,53,46 222,203,196,177
F:\工作\124-视频练习\1362384843_t@7920.jpg 209,202,203,181 494,281,54,47 606,280,62,59
F:\工作\124-视频练习\1362384843_t@7940.jpg 217,220,203,181 505,294,53,46 608,294,68,66
F:\工作\124-视频练习\1362384843_t@7960.jpg 598,275,72,72 502,276,45,45 245,201,176,171
F:\工作\124-视频练习\1362384843_t@7980.jpg 277,215,170,153 511,281,47,40 606,278,76,77
F:\工作\124-视频练习\1362384843_t@8000.jpg 603,280,81,88 318,221,150,147
F:\工作\124-视频练习\1362384843_t@8020.jpg 363,225,139,132 64,270,92,79 544,281,41,36 618,278,85,87
F:\工作\124-视频练习\1362384843_t@8040.jpg 612,275,85,92 402,224,118,126 558,280,37,34 156,270,79,67
F:\工作\124-视频练习\1362384843_t@8060.jpg 223,282,60,59 425,239,106,107 584,283,91,96
F:\工作\124-视频练习\1362384843_t@8080.jpg 264,280,57,50 441,242,97,96 548,280,91,96
F:\工作\124-视频练习\1362384843_t@8100.jpg 512,277,94,91 618,264,64,65 301,275,47,45
F:\工作\124-视频练习\1362384843_t@8120.jpg 327,281,41,44 464,283,99,97 611,268,69,70
F:\工作\124-视频练习\1362384843_t@8160.jpg 612,269,72,70 410,281,105,104 80,278,75,65
F:\工作\124-视频练习\1362384843_t@8180.jpg 123,279,73,65 397,282,103,110 621,265,74,83
F:\工作\124-视频练习\1362384843_t@8200.jpg 602,258,85,90 362,274,111,112 120,273,78,61
F:\工作\124-视频练习\1362384843_t@8220.jpg 139,277,72,60 352,275,111,110 598,256,90,97
F:\工作\124-视频练习\1362384843_t@8240.jpg 330,270,109,111 585,255,99,102 493,249,64,69 141,272,70,63
F:\工作\124-视频练习\1362384843_t@8260.jpg 157,280,62,59 325,278,105,113 572,260,108,114 499,260,58,63
F:\工作\124-视频练习\1362384843_t@8280.jpg 186,275,59,57 336,281,98,106 578,252,112,121
F:\工作\124-视频练习\1362384843_t@8300.jpg 575,249,122,133 344,273,100,100 205,269,65,57
F:\工作\124-视频练习\1362384843_t@8320.jpg 225,269,57,51 358,273,94,92 576,244,135,139
F:\工作\124-视频练习\1362384843_t@8340.jpg 548,239,142,144 338,269,83,83 205,265,56,47
F:\工作\124-视频练习\1362384843_t@8360.jpg 325,272,77,81 532,242,154,159 197,265,56,41
F:\工作\124-视频练习\1362384843_t@8380.jpg 37,250,101,98 208,259,50,42 328,266,72,74 526,229,169,177
F:\工作\124-视频练习\1362384843_t@8400.jpg 520,217,185,192 334,256,62,63 70,243,92,83
F:\工作\124-视频练习\1362384843_t@8420.jpg 109,253,84,78 347,262,57,59 521,226,184,193
F:\工作\124-视频练习\1362384843_t@8440.jpg 49,263,62,53 172,257,66,70 382,265,48,56 532,224,196,197
F:\工作\124-视频练习\1362384843_t@8460.jpg 529,221,205,213 396,268,47,51 206,261,67,69 97,267,60,58
F:\工作\124-视频练习\1362384843_t@8480.jpg 242,254,57,59 412,264,42,45 529,217,212,210 139,260,50,49
F:\工作\124-视频练习\1362384843_t@8500.jpg 18,268,87,88 199,267,48,46 293,261,52,54 450,268,34,41 546,220,219,220
F:\工作\124-视频练习\1362384843_t@8520.jpg 567,225,213,227 477,269,34,36 333,262,47,48 122,267,74,74 243,266,44,44
F:\工作\124-视频练习\1362384843_t@8540.jpg 170,265,68,64 335,260,47,47 468,266,36,36 553,222,226,227
F:\工作\124-视频练习\1362384843_t@8560.jpg 205,260,64,63 334,254,45,43 460,260,32,29 548,205,232,245
F:\工作\124-视频练习\1362384843_t@8580.jpg 244,268,55,57 342,264,41,42 507,275,39,37 460,268,36,33 573,225,239,245
F:\工作\124-视频练习\1362384843_t@8600.jpg 566,200,250,260 472,257,40,35 251,257,49,46 319,251,37,37
F:\工作\124-视频练习\1362384843_t@8620.jpg 556,193,257,264 1000,275,37,34 247,250,46,44 424,252,40,33
F:\工作\124-视频练习\1362384843_t@8640.jpg 434,269,96,74 233,253,42,40 378,259,36,32 560,205,262,265 981,285,44,38
F:\工作\124-视频练习\1362384843_t@8660.jpg 585,205,262,262 970,283,48,32 329,272,121,92 219,259,35,35
F:\工作\124-视频练习\1362384843_t@8680.jpg 96,278,177,144 579,215,265,269 949,296,47,46
F:\工作\124-视频练习\1362384843_t@8700.jpg 535,195,276,290 925,299,49,49
F:\工作\124-视频练习\1362384843_t@8720.jpg 487,198,278,280 935,310,60,48
F:\工作\124-视频练习\1362384843_t@8740.jpg 470,230,272,278 1011,317,68,64
F:\工作\124-视频练习\1362384843_t@8760.jpg 527,229,257,267 1177,301,84,78
F:\工作\124-视频练习\1362384843_t@8780.jpg 615,220,240,245
F:\工作\124-视频练习\1362384843_t@8800.jpg 681,217,228,235
F:\工作\124-视频练习\1362384843_t@8820.jpg 717,224,215,228
F:\工作\124-视频练习\1362384843_t@8840.jpg 755,231,204,206
F:\工作\124-视频练习\1362384843_t@8860.jpg 753,234,200,208
F:\工作\124-视频练习\1362384843_t@8880.jpg 761,232,197,207
F:\工作\124-视频练习\1362384843_t@8900.jpg 801,224,221,228
F:\工作\124-视频练习\1362384843_t@8920.jpg 931,210,267,268
F:\工作\124-视频练习\1362384843_t@8940.jpg 624,273,27,22 552,273,38,40
F:\工作\124-视频练习\1362384843_t@8960.jpg 534,265,49,52 634,268,28,20
F:\工作\124-视频练习\1362384843_t@9000.jpg 383,264,79,83 584,267,30,23
F:\工作\124-视频练习\1362384843_t@9020.jpg 269,261,114,107
F:\工作\124-视频练习\1362384843_t@9040.jpg 41,273,183,155 555,274,32,26
F:\工作\124-视频练习\1362384843_t@9060.jpg 580,278,29,25
F:\工作\124-视频练习\1362384843_t@9080.jpg 608,280,33,26
F:\工作\124-视频练习\1362384843_t@9100.jpg 628,274,37,32
F:\工作\124-视频练习\1362384843_t@9320.jpg 429,280,146,143
F:\工作\124-视频练习\1362384843_t@9340.jpg 258,271,127,118 599,274,196,195
F:\工作\124-视频练习\1362384843_t@9360.jpg 393,295,147,133 938,314,286,269
F:\工作\124-视频练习\1362384843_t@9380.jpg 569,256,169,148 20,210,181,203 206,246,122,111
F:\工作\124-视频练习\1362384843_t@9400.jpg 316,226,193,215 558,267,121,122 918,289,238,206
F:\工作\124-视频练习\1362384843_t@9420.jpg 399,222,219,233 684,267,123,129
F:\工作\124-视频练习\1362384843_t@9440.jpg 406,220,219,237 730,261,127,134
F:\工作\124-视频练习\1362384843_t@9460.jpg 417,212,250,264 780,258,139,142 205,287,107,90
F:\工作\124-视频练习\1362384843_t@9480.jpg 248,273,110,94 447,197,261,284 822,251,156,155
F:\工作\124-视频练习\1362384843_t@9500.jpg 454,203,274,303 846,260,169,167 272,279,120,103
F:\工作\124-视频练习\1362384843_t@9520.jpg 500,197,285,296 911,261,172,159
F:\工作\124-视频练习\1362384843_t@9540.jpg 498,190,309,328 911,262,190,187
F:\工作\124-视频练习\1362384843_t@9560.jpg 10,256,260,217 487,184,331,357 900,253,211,201
F:\工作\124-视频练习\1362384843_t@9580.jpg 490,166,353,378 893,249,195,195 40,260,264,211
F:\工作\124-视频练习\1362384843_t@9600.jpg 80,253,258,215 506,165,353,377
F:\工作\124-视频练习\1362384843_t@9620.jpg 116,293,246,198 521,202,343,362 416,283,86,78
F:\工作\124-视频练习\1362384843_t@9640.jpg 144,280,216,180 527,191,325,348
F:\工作\124-视频练习\1362384843_t@9660.jpg 522,200,313,329 164,284,200,167
F:\工作\124-视频练习\1362384843_t@9680.jpg 234,274,185,152 575,197,298,323
F:\工作\124-视频练习\1362384843_t@9700.jpg 597,203,296,316 293,278,168,139
F:\工作\124-视频练习\1362384843_t@9720.jpg 369,279,160,142 654,203,286,314
F:\工作\124-视频练习\1362384843_t@9740.jpg 676,200,291,315 408,277,159,136
F:\工作\124-视频练习\1362384843_t@9760.jpg 395,280,158,136 650,203,276,301
F:\工作\124-视频练习\1362384843_t@9780.jpg 606,209,269,298 350,282,163,143
F:\工作\124-视频练习\1362384843_t@9800.jpg 320,270,171,145 589,198,262,288
F:\工作\124-视频练习\1362384843_t@9820.jpg 560,201,262,285 281,273,183,147
F:\工作\124-视频练习\1362384843_t@9840.jpg 242,276,190,162 534,207,258,283 804,269,118,115
F:\工作\124-视频练习\1362384843_t@9860.jpg 795,266,129,119 210,271,206,170 529,206,255,272
F:\工作\124-视频练习\1362384843_t@9880.jpg 527,208,254,270 159,271,232,185 799,268,122,116
F:\工作\124-视频练习\1362384843_t@9900.jpg 805,275,120,112 540,218,249,266 122,279,245,210 440,285,89,79
F:\工作\124-视频练习\1362384843_t@9920.jpg 548,218,239,261 821,274,111,110 450,286,85,73 75,283,265,220
F:\工作\124-视频练习\1362384843_t@9940.jpg 537,205,244,263 820,262,109,112 9,270,291,229
F:\工作\124-视频练习\1362384843_t@9960.jpg 552,225,239,264 832,282,99,109 456,294,83,71
F:\工作\124-视频练习\1362384843_t@10000.jpg 534,212,241,261 814,273,88,94 445,282,81,68
F:\工作\124-视频练习\1362384843_t@10020.jpg 518,215,228,249 781,275,88,91 422,284,84,68
F:\工作\124-视频练习\1362384843_t@10040.jpg 520,222,219,233 776,278,80,84 435,288,75,65
F:\工作\124-视频练习\1362384843_t@10060.jpg 780,273,78,79 996,287,218,192 541,216,207,226 462,281,78,63
F:\工作\124-视频练习\1362384843_t@10080.jpg 538,231,199,217 764,286,72,75 943,297,189,164
