F:\工作\124-视频练习\1364611412@0.jpg 418,300,163,144 738,306,64,55
F:\工作\124-视频练习\1364611412@20.jpg 377,292,183,163 788,301,83,73
F:\工作\124-视频练习\1364611412@40.jpg 260,285,235,206 851,295,119,109
F:\工作\124-视频练习\1364611412@60.jpg 932,289,183,175
F:\工作\124-视频练习\1364611412@80.jpg 212,302,119,104 352,309,63,56
F:\工作\124-视频练习\1364611412@100.jpg 349,305,76,62 100,293,178,153
F:\工作\124-视频练习\1364611412@120.jpg 351,306,90,74
F:\工作\124-视频练习\1364611412@140.jpg 346,310,102,84 14,305,179,149
F:\工作\124-视频练习\1364611412@160.jpg 332,313,117,96 145,313,88,75
F:\工作\124-视频练习\1364611412@180.jpg 154,304,96,84 318,306,134,112
F:\工作\124-视频练习\1364611412@200.jpg 291,304,165,137 166,302,102,90
F:\工作\124-视频练习\1364611412@220.jpg 214,290,207,176
F:\工作\124-视频练习\1364611412@240.jpg 129,293,255,212
F:\工作\124-视频练习\1364611412@260.jpg 16,291,313,249 464,319,51,42
F:\工作\124-视频练习\1364611412@280.jpg 465,319,46,39
F:\工作\124-视频练习\1364611412@300.jpg 316,281,112,131 480,313,44,40
F:\工作\124-视频练习\1364611412@320.jpg 301,284,114,135 473,316,42,37
F:\工作\124-视频练习\1364611412@340.jpg 281,289,117,136 465,321,40,35
F:\工作\124-视频练习\1364611412@360.jpg 269,277,118,142 97,302,67,58 466,312,37,31
F:\工作\124-视频练习\1364611412@380.jpg 248,275,122,140 6,299,81,74 455,315,37,31
F:\工作\124-视频练习\1364611412@400.jpg 241,258,122,145 458,303,37,30
F:\工作\124-视频练习\1364611412@420.jpg 232,248,120,141 451,297,33,29 394,275,36,42
F:\工作\124-视频练习\1364611412@440.jpg 236,256,119,141 395,290,36,40 450,308,35,30
F:\工作\124-视频练习\1364611412@460.jpg 261,272,116,131 411,299,35,39 464,316,32,29 574,312,40,41
F:\工作\124-视频练习\1364611412@480.jpg 300,296,103,125 430,311,32,39 482,331,28,23 592,325,44,45
F:\工作\124-视频练习\1364611412@500.jpg 334,309,98,114 496,333,26,24 445,314,33,36 611,330,45,48
F:\工作\124-视频练习\1364611412@520.jpg 377,313,89,108 641,327,50,55 469,312,31,36
F:\工作\124-视频练习\1364611412@540.jpg 429,292,83,102 685,302,57,61 505,286,33,37 556,304,27,22
F:\工作\124-视频练习\1364611412@560.jpg 459,279,76,95 716,290,59,67
F:\工作\124-视频练习\1364611412@580.jpg 498,279,73,87 766,288,73,79
F:\工作\124-视频练习\1364611412@600.jpg 537,276,73,84 831,283,97,97
F:\工作\124-视频练习\1364611412@620.jpg 97,273,417,342 561,272,64,80 923,272,118,131
F:\工作\124-视频练习\1364611412@640.jpg 233,284,379,316 1090,272,162,183
F:\工作\124-视频练习\1364611412@660.jpg 325,287,346,294 969,306,130,113
F:\工作\124-视频练习\1364611412@680.jpg 368,292,320,269
F:\工作\124-视频练习\1364611412@700.jpg 374,302,321,265 848,319,93,84
F:\工作\124-视频练习\1364611412@720.jpg 373,293,323,263 934,309,130,116
F:\工作\124-视频练习\1364611412@740.jpg 411,289,316,259 831,305,96,81
F:\工作\124-视频练习\1364611412@760.jpg 468,299,305,257 956,309,134,111
F:\工作\124-视频练习\1364611412@780.jpg 514,298,298,252
F:\工作\124-视频练习\1364611412@800.jpg 539,295,301,259
F:\工作\124-视频练习\1364611412@820.jpg 588,298,310,260
F:\工作\124-视频练习\1364611412@840.jpg 600,288,325,273
F:\工作\124-视频练习\1364611412@860.jpg 599,300,336,277
F:\工作\124-视频练习\1364611412@880.jpg 727,290,360,301
F:\工作\124-视频练习\1364611412@900.jpg 872,296,396,329 667,310,38,53
F:\工作\124-视频练习\1364611412@920.jpg 681,313,40,50 891,318,63,56
F:\工作\124-视频练习\1364611412@940.jpg 959,316,79,67 679,313,42,50
F:\工作\124-视频练习\1364611412@960.jpg 1092,311,104,94 669,312,44,50
F:\工作\124-视频练习\1364611412@980.jpg 666,309,40,50 740,323,30,24
F:\工作\124-视频练习\1364611412@1000.jpg 656,309,41,52 749,321,32,28
F:\工作\124-视频练习\1364611412@1020.jpg 643,303,44,52 764,314,39,34
F:\工作\124-视频练习\1364611412@1040.jpg 636,302,48,53 800,313,46,43
F:\工作\124-视频练习\1364611412@1060.jpg 633,303,45,59 861,314,56,51
F:\工作\124-视频练习\1364611412@1080.jpg 624,306,51,61 970,318,81,72
F:\工作\124-视频练习\1364611412@1100.jpg 621,297,52,63
F:\工作\124-视频练习\1364611412@1120.jpg 616,298,53,65
F:\工作\124-视频练习\1364611412@1140.jpg 615,297,58,68
F:\工作\124-视频练习\1364611412@1160.jpg 630,296,60,71
F:\工作\124-视频练习\1364611412@1180.jpg 565,307,20,29 537,322,21,15 655,299,63,76
F:\工作\124-视频练习\1364611412@1200.jpg 667,298,67,81 565,308,21,27 534,320,24,17
F:\工作\124-视频练习\1364611412@1220.jpg 690,294,71,88 570,306,22,25 540,318,21,17
F:\工作\124-视频练习\1364611412@1240.jpg 709,290,83,100 567,305,24,30 539,318,23,18
F:\工作\124-视频练习\1364611412@1260.jpg 732,279,96,115 567,300,22,27 536,312,25,19
F:\工作\124-视频练习\1364611412@1280.jpg 769,268,112,132 571,297,22,28 540,310,26,19
F:\工作\124-视频练习\1364611412@1300.jpg 808,268,139,156 565,299,24,29 539,312,27,22
F:\工作\124-视频练习\1364611412@1320.jpg 881,259,159,195 542,313,29,21
F:\工作\124-视频练习\1364611412@1340.jpg 998,239,212,250 561,311,26,21
F:\工作\124-视频练习\1364611412@1380.jpg 579,315,29,22 523,303,24,31 554,299,24,32
F:\工作\124-视频练习\1364611412@1400.jpg 508,300,28,34 571,313,26,23
F:\工作\124-视频练习\1364611412@1420.jpg 509,297,27,37 571,311,28,25
F:\工作\124-视频练习\1364611412@1440.jpg 498,299,30,35 556,312,31,23
F:\工作\124-视频练习\1364611412@1460.jpg 496,297,30,40 547,311,31,24
F:\工作\124-视频练习\1364611412@1480.jpg 486,296,33,43 534,314,28,23
F:\工作\124-视频练习\1364611412@1500.jpg 474,296,40,45
F:\工作\124-视频练习\1364611412@1520.jpg 476,293,44,52
F:\工作\124-视频练习\1364611412@1540.jpg 462,292,46,63
F:\工作\124-视频练习\1364611412@1560.jpg 434,283,54,75
F:\工作\124-视频练习\1364611412@1580.jpg 413,268,57,94
F:\工作\124-视频练习\1364611412@1600.jpg 343,266,64,125 465,297,25,34 504,316,31,24
F:\工作\124-视频练习\1364611412@1620.jpg 137,230,97,214 483,291,31,35 516,312,31,25
F:\工作\124-视频练习\1364611412@1640.jpg 597,284,29,36 497,290,28,33 519,309,35,25
F:\工作\124-视频练习\1364611412@1680.jpg 533,305,33,25 639,278,34,46
F:\工作\124-视频练习\1364611412@1700.jpg 640,279,37,51 520,306,34,29
F:\工作\124-视频练习\1364611412@1760.jpg 695,281,54,69 523,321,35,29
F:\工作\124-视频练习\1364611412@1780.jpg 745,269,65,85 544,317,36,29
F:\工作\124-视频练习\1364611412@1800.jpg 795,261,75,103 546,320,33,29
F:\工作\124-视频练习\1364611412@1820.jpg 534,311,38,30 867,232,99,132
F:\工作\124-视频练习\1364611412@1840.jpg 1006,189,148,194 726,264,63,82 520,312,37,32
F:\工作\124-视频练习\1364611412@1860.jpg 517,312,39,33 772,250,80,99
F:\工作\124-视频练习\1364611412@1880.jpg 521,311,35,32 852,233,106,129
F:\工作\124-视频练习\1364611412@1900.jpg 497,311,42,35 982,201,152,186
F:\工作\124-视频练习\1364611412@1920.jpg 482,315,40,33
F:\工作\124-视频练习\1364611412@1940.jpg 476,315,41,36
F:\工作\124-视频练习\1364611412@1960.jpg 456,311,41,35
F:\工作\124-视频练习\1364611412@1980.jpg 486,317,41,38
F:\工作\124-视频练习\1364611412@2000.jpg 424,314,45,38
F:\工作\124-视频练习\1364611412@2020.jpg 865,167,172,229 421,309,53,40
F:\工作\124-视频练习\1364611412@2040.jpg 438,308,55,42
F:\工作\124-视频练习\1364611412@2060.jpg 421,309,57,43
F:\工作\124-视频练习\1364611412@2080.jpg 409,304,59,49 517,304,40,35 648,256,67,84
F:\工作\124-视频练习\1364611412@2100.jpg 385,301,67,59 510,303,47,44 666,247,82,100
F:\工作\124-视频练习\1364611412@2120.jpg 707,240,96,118 377,305,79,70 522,307,58,48
F:\工作\124-视频练习\1364611412@2160.jpg 286,306,114,94 508,305,80,73 788,204,145,176
F:\工作\124-视频练习\1364611412@2180.jpg 494,306,101,89 844,177,178,222 202,304,150,127
F:\工作\124-视频练习\1364611412@2200.jpg 83,295,206,174 488,300,121,109 926,138,221,270
F:\工作\124-视频练习\1364611412@2220.jpg 476,298,146,128 1020,100,258,332
F:\工作\124-视频练习\1364611412@2240.jpg 465,293,172,156
F:\工作\124-视频练习\1364611412@2260.jpg 454,302,197,168
F:\工作\124-视频练习\1364611412@2280.jpg 442,299,225,190
F:\工作\124-视频练习\1364611412@2300.jpg 427,298,261,214
F:\工作\124-视频练习\1364611412@2320.jpg 405,297,301,245
F:\工作\124-视频练习\1364611412@2340.jpg 388,294,342,277
F:\工作\124-视频练习\1364611412@2360.jpg 376,294,373,300
F:\工作\124-视频练习\1364611412@2380.jpg 359,290,405,321
F:\工作\124-视频练习\1364611412@2420.jpg 337,290,455,353
F:\工作\124-视频练习\1364611412@2460.jpg 322,291,490,375
F:\工作\124-视频练习\1364611412@2520.jpg 348,294,439,345
F:\工作\124-视频练习\1364611412@2540.jpg 374,292,382,311
F:\工作\124-视频练习\1364611412@2560.jpg 394,296,331,266
F:\工作\124-视频练习\1364611412@2580.jpg 415,300,283,232
F:\工作\124-视频练习\1364611412@2600.jpg 441,310,234,193
F:\工作\124-视频练习\1364611412@2620.jpg 456,310,201,173
F:\工作\124-视频练习\1364611412@2640.jpg 462,310,184,157
F:\工作\124-视频练习\1364611412@2660.jpg 466,323,169,145
F:\工作\124-视频练习\1364611412@2680.jpg 291,322,95,83 464,322,166,144
F:\工作\124-视频练习\1364611412@2700.jpg 456,308,171,144 280,308,95,83
F:\工作\124-视频练习\1364611412@2720.jpg 278,310,93,83 458,309,164,144
F:\工作\124-视频练习\1364611412@2740.jpg 457,312,170,140 283,314,92,82
F:\工作\124-视频练习\1364611412@2760.jpg 280,315,93,83 456,312,165,141
F:\工作\124-视频练习\1364611412@2780.jpg 459,310,172,144 291,313,92,84
F:\工作\124-视频练习\1364611412@2800.jpg 304,313,93,88 468,315,178,148
F:\工作\124-视频练习\1364611412@2820.jpg 467,304,186,151 307,307,94,82
F:\工作\124-视频练习\1364611412@2840.jpg 325,303,93,87 483,303,182,154
F:\工作\124-视频练习\1364611412@2860.jpg 474,313,176,154 309,314,97,89
F:\工作\124-视频练习\1364611412@2880.jpg 459,309,176,148 291,307,101,93 662,313,40,39
F:\工作\124-视频练习\1364611412@2900.jpg 674,317,47,41 456,315,182,149 266,313,115,100
F:\工作\124-视频练习\1364611412@2920.jpg 220,298,131,115 446,304,190,156 695,308,54,45
F:\工作\124-视频练习\1364611412@2940.jpg 424,302,195,164 127,301,158,137 700,309,65,55
F:\工作\124-视频练习\1364611412@2960.jpg 467,304,192,156 781,304,77,63 87,305,185,158
F:\工作\124-视频练习\1364611412@2980.jpg 442,309,185,159 272,312,103,85 811,308,92,84
F:\工作\124-视频练习\1364611412@3000.jpg 469,314,179,152 936,308,135,113 279,318,107,91
F:\工作\124-视频练习\1364611412@3020.jpg 248,317,117,101 467,315,168,147
F:\工作\124-视频练习\1364611412@3040.jpg 475,309,164,140 230,311,126,106
F:\工作\124-视频练习\1364611412@3060.jpg 202,319,132,116 480,319,161,142 840,303,110,109 670,315,35,42
F:\工作\124-视频练习\1364611412@3080.jpg 174,304,150,130 487,307,163,141 691,298,42,53 1030,276,186,181 442,313,35,33
F:\工作\124-视频练习\1364611412@3100.jpg 489,309,168,144 148,309,169,141 442,317,36,33 722,298,51,64
F:\工作\124-视频练习\1364611412@3120.jpg 748,298,64,76 485,316,167,141 102,315,182,151 427,322,38,33
F:\工作\124-视频练习\1364611412@3140.jpg 61,304,207,168 486,307,170,142 815,285,85,99 429,313,36,37
F:\工作\124-视频练习\1364611412@3160.jpg 474,303,170,150 934,268,119,147 1,302,221,178 417,314,37,34
F:\工作\124-视频练习\1364611412@3180.jpg 470,308,172,147 418,316,39,32
F:\工作\124-视频练习\1364611412@3200.jpg 465,306,171,152 416,315,37,33
F:\工作\124-视频练习\1364611412@3220.jpg 469,300,179,153 430,310,39,34
F:\工作\124-视频练习\1364611412@3240.jpg 482,304,180,157 654,311,50,45 448,313,36,34
F:\工作\124-视频练习\1364611412@3260.jpg 480,301,183,155 673,308,62,55 451,310,35,33
F:\工作\124-视频练习\1364611412@3280.jpg 477,313,34,32 511,304,176,155 724,306,77,65
F:\工作\124-视频练习\1364611412@3300.jpg 493,300,177,149 757,305,98,83 463,309,32,33
F:\工作\124-视频练习\1364611412@3320.jpg 437,302,35,31 482,295,162,140 823,295,146,124
F:\工作\124-视频练习\1364611412@3340.jpg 467,321,33,30 517,318,152,132
F:\工作\124-视频练习\1364611412@3360.jpg 526,313,144,127 470,318,36,33
F:\工作\124-视频练习\1364611412@3380.jpg 453,311,34,32 508,307,138,115
F:\工作\124-视频练习\1364611412@3400.jpg 446,316,38,33 508,313,129,110
F:\工作\124-视频练习\1364611412@3420.jpg 441,310,36,33 498,308,124,106
F:\工作\124-视频练习\1364611412@3440.jpg 423,314,39,32 482,310,116,102
F:\工作\124-视频练习\1364611412@3460.jpg 419,309,37,35 472,308,108,96
F:\工作\124-视频练习\1364611412@3480.jpg 418,308,39,40 467,306,103,91
F:\工作\124-视频练习\1364611412@3500.jpg 9,297,358,283 448,313,94,84
F:\工作\124-视频练习\1364611412@3520.jpg 65,291,334,277 455,310,90,82
F:\工作\124-视频练习\1364611412@3540.jpg 96,292,335,276
F:\工作\124-视频练习\1364611412@3560.jpg 171,293,329,262
F:\工作\124-视频练习\1364611412@3580.jpg 220,299,315,256
F:\工作\124-视频练习\1364611412@3600.jpg 276,299,297,244 80,310,102,98
F:\工作\124-视频练习\1364611412@3620.jpg 221,316,91,79 345,302,278,224
F:\工作\124-视频练习\1364611412@3640.jpg 387,297,258,213 98,313,119,99
F:\工作\124-视频练习\1364611412@3660.jpg 393,301,237,194
F:\工作\124-视频练习\1364611412@3680.jpg 420,308,219,186
F:\工作\124-视频练习\1364611412@3700.jpg 419,297,215,183
F:\工作\124-视频练习\1364611412@3720.jpg 420,305,212,187
F:\工作\124-视频练习\1364611412@3740.jpg 428,307,221,187
F:\工作\124-视频练习\1364611412@3760.jpg 465,300,225,193
F:\工作\124-视频练习\1364611412@3780.jpg 492,304,230,188
F:\工作\124-视频练习\1364611412@3800.jpg 542,300,240,194
F:\工作\124-视频练习\1364611412@3820.jpg 516,304,243,199
F:\工作\124-视频练习\1364611412@3840.jpg 491,301,238,198
F:\工作\124-视频练习\1364611412@3860.jpg 453,302,227,192
F:\工作\124-视频练习\1364611412@3880.jpg 428,301,216,180
F:\工作\124-视频练习\1364611412@3900.jpg 426,305,210,172
F:\工作\124-视频练习\1364611412@3920.jpg 435,305,193,161
F:\工作\124-视频练习\1364611412@3940.jpg 445,304,190,152
F:\工作\124-视频练习\1364611412@3960.jpg 453,306,178,150
F:\工作\124-视频练习\1364611412@3980.jpg 471,309,171,143
F:\工作\124-视频练习\1364611412@4000.jpg 472,307,165,141
F:\工作\124-视频练习\1364611412@4020.jpg 476,305,172,144
F:\工作\124-视频练习\1364611412@4040.jpg 477,300,176,147
F:\工作\124-视频练习\1364611412@4060.jpg 476,303,177,150
F:\工作\124-视频练习\1364611412@4080.jpg 468,300,181,151
F:\工作\124-视频练习\1364611412@4100.jpg 461,298,186,154
F:\工作\124-视频练习\1364611412@4120.jpg 465,298,174,152
F:\工作\124-视频练习\1364611412@4140.jpg 449,303,178,145
F:\工作\124-视频练习\1364611412@4160.jpg 453,302,168,137
F:\工作\124-视频练习\1364611412@4180.jpg 454,307,161,132
F:\工作\124-视频练习\1364611412@4200.jpg 468,308,154,130
F:\工作\124-视频练习\1364611412@4220.jpg 469,312,150,123
F:\工作\124-视频练习\1364611412@4240.jpg 479,305,152,119
F:\工作\124-视频练习\1364611412@4260.jpg 485,313,147,117
F:\工作\124-视频练习\1364611412@4280.jpg 471,307,142,116
F:\工作\124-视频练习\1364611412@4300.jpg 492,307,144,115
F:\工作\124-视频练习\1364611412@4320.jpg 472,303,139,113
F:\工作\124-视频练习\1364611412@4340.jpg 477,307,136,110
F:\工作\124-视频练习\1364611412@4360.jpg 475,306,134,107
F:\工作\124-视频练习\1364611412@4380.jpg 481,308,128,104
F:\工作\124-视频练习\1364611412@4400.jpg 469,308,130,102
F:\工作\124-视频练习\1364611412@4420.jpg 475,301,125,104
F:\工作\124-视频练习\1364611412@4440.jpg 485,298,125,105
F:\工作\124-视频练习\1364611412@4460.jpg 484,305,123,102
F:\工作\124-视频练习\1364611412@4480.jpg 480,309,124,102
F:\工作\124-视频练习\1364611412@4500.jpg 481,307,119,97
F:\工作\124-视频练习\1364611412@4520.jpg 462,308,118,101
F:\工作\124-视频练习\1364611412@4540.jpg 480,311,112,95
F:\工作\124-视频练习\1364611412@4560.jpg 470,307,116,93
F:\工作\124-视频练习\1364611412@4580.jpg 481,308,114,91
F:\工作\124-视频练习\1364611412@4600.jpg 472,312,113,94
F:\工作\124-视频练习\1364611412@4620.jpg 481,307,108,86
F:\工作\124-视频练习\1364611412@4640.jpg 487,310,107,90
F:\工作\124-视频练习\1364611412@4660.jpg 489,308,109,88
F:\工作\124-视频练习\1364611412@4680.jpg 491,311,109,88
F:\工作\124-视频练习\1364611412@4700.jpg 491,308,112,90
F:\工作\124-视频练习\1364611412@4720.jpg 503,301,120,98
F:\工作\124-视频练习\1364611412@4740.jpg 487,302,129,108
F:\工作\124-视频练习\1364611412@4760.jpg 480,298,142,119 449,303,39,36
F:\工作\124-视频练习\1364611412@4780.jpg 431,301,43,41 467,299,152,129
F:\工作\124-视频练习\1364611412@4800.jpg 431,310,49,46 468,309,163,133
F:\工作\124-视频练习\1364611412@4820.jpg 465,302,165,139 641,306,41,37 419,304,52,47
F:\工作\124-视频练习\1364611412@4840.jpg 406,300,57,56 463,300,171,143 670,303,40,42
F:\工作\124-视频练习\1364611412@4860.jpg 461,304,186,150 388,304,65,66
F:\工作\124-视频练习\1364611412@4880.jpg 460,299,189,158 366,302,77,70
F:\工作\124-视频练习\1364611412@4900.jpg 458,297,197,163 338,299,86,77
F:\工作\124-视频练习\1364611412@4920.jpg 461,300,208,168 319,302,94,91
F:\工作\124-视频练习\1364611412@4940.jpg 281,302,112,104 461,303,214,179
F:\工作\124-视频练习\1364611412@4960.jpg 452,295,236,194 237,292,128,118
F:\工作\124-视频练习\1364611412@4980.jpg 189,297,140,134 432,297,270,219
F:\工作\124-视频练习\1364611412@5000.jpg 418,301,303,239 140,296,160,148
F:\工作\124-视频练习\1364611412@5020.jpg 90,294,180,171 401,299,343,276
F:\工作\124-视频练习\1364611412@5040.jpg 377,294,392,310 37,290,198,188
F:\工作\124-视频练习\1364611412@5060.jpg 354,288,443,338
F:\工作\124-视频练习\1364611412@5080.jpg 331,286,490,369 3,284,200,207
F:\工作\124-视频练习\1364611412@5100.jpg 317,284,518,403
F:\工作\124-视频练习\1364611412@5120.jpg 315,281,526,391
F:\工作\124-视频练习\1364611412@5140.jpg 318,284,525,397
F:\工作\124-视频练习\1364611412@5160.jpg 313,281,527,400
F:\工作\124-视频练习\1364611412@5180.jpg 316,280,523,398
F:\工作\124-视频练习\1364611412@5200.jpg 312,282,529,394
F:\工作\124-视频练习\1364611412@5220.jpg 323,286,519,384
F:\工作\124-视频练习\1364611412@5240.jpg 962,293,187,149 323,285,514,385 23,283,222,190
F:\工作\124-视频练习\1364611412@5260.jpg 90,289,188,169 320,285,522,390 945,294,143,120
F:\工作\124-视频练习\1364611412@5280.jpg 324,284,509,382 958,295,116,102 154,290,161,141
F:\工作\124-视频练习\1364611412@5300.jpg 345,287,462,358 995,292,109,93 212,291,132,119
F:\工作\124-视频练习\1364611412@5320.jpg 260,292,107,102 371,293,406,309 1054,290,92,85
F:\工作\124-视频练习\1364611412@5340.jpg 405,296,326,257 305,295,94,87
F:\工作\124-视频练习\1364611412@5360.jpg 342,297,83,80 429,304,269,206 8,304,219,183
F:\工作\124-视频练习\1364611412@5380.jpg 118,309,172,153 372,302,75,69 967,296,244,213 455,307,221,178
F:\工作\124-视频练习\1364611412@5400.jpg 464,314,195,165 887,311,184,168 175,319,148,131 397,312,66,61
F:\工作\124-视频练习\1364611412@5420.jpg 204,319,138,123 471,319,187,154 863,313,165,145 422,319,57,55
F:\工作\124-视频练习\1364611412@5440.jpg 468,308,180,150 851,301,160,144 211,309,132,115
F:\工作\124-视频练习\1364611412@5460.jpg 245,295,120,109 473,290,177,150 861,286,163,144
F:\工作\124-视频练习\1364611412@5480.jpg 873,289,167,147 487,297,170,137 286,300,104,97
F:\工作\124-视频练习\1364611412@5500.jpg 316,322,96,83 500,314,158,132 885,312,166,148
F:\工作\124-视频练习\1364611412@5520.jpg 325,315,88,79 500,310,154,127 870,309,178,156
F:\工作\124-视频练习\1364611412@5540.jpg 887,330,197,166 517,335,150,129 349,339,85,74
F:\工作\124-视频练习\1364611412@5560.jpg 379,327,77,71 529,323,156,134 921,313,217,191
F:\工作\124-视频练习\1364611412@5580.jpg 503,308,164,137 931,302,240,208 374,316,74,68
F:\工作\124-视频练习\1364611412@5600.jpg 397,307,69,64 490,297,173,145 961,275,281,231

F:\工作\124-视频练习\1364611412@5640.jpg 450,301,185,154 995,292,277,310 734,292,101,96
F:\工作\124-视频练习\1364611412@5660.jpg 501,312,181,148 765,299,100,99
F:\工作\124-视频练习\1364611412@5680.jpg 506,314,186,151 750,302,100,99
F:\工作\124-视频练习\1364611412@5700.jpg 493,303,187,154 711,298,94,88
F:\工作\124-视频练习\1364611412@5720.jpg 486,289,188,153 674,284,90,85
F:\工作\124-视频练习\1364611412@5740.jpg 471,302,180,145
F:\工作\124-视频练习\1364611412@5760.jpg 57,296,187,156 457,297,167,139
F:\工作\124-视频练习\1364611412@5780.jpg 749,278,475,401 452,303,151,127 150,301,148,132
F:\工作\124-视频练习\1364611412@5800.jpg 236,308,120,106 465,308,135,115 677,292,397,334
F:\工作\124-视频练习\1364611412@5820.jpg 634,300,340,291 484,318,118,102 299,321,101,83
F:\工作\124-视频练习\1364611412@5840.jpg 86,305,188,164 609,290,311,266 479,310,109,93
F:\工作\124-视频练习\1364611412@5860.jpg 177,318,152,135 596,305,286,250 482,319,103,90
F:\工作\124-视频练习\1364611412@5880.jpg 576,297,271,233 228,309,132,107 483,307,91,85
F:\工作\124-视频练习\1364611412@5900.jpg 557,298,253,222 257,312,116,96
F:\工作\124-视频练习\1364611412@5920.jpg 294,317,98,87 538,301,246,216 854,315,102,89
F:\工作\124-视频练习\1364611412@5940.jpg 492,297,255,209 968,308,152,118 312,313,91,75
F:\工作\124-视频练习\1364611412@5960.jpg 338,321,79,71 495,308,239,210
F:\工作\124-视频练习\1364611412@5980.jpg 505,295,227,201 361,308,71,64
F:\工作\124-视频练习\1364611412@6000.jpg 383,303,67,59 522,290,212,188
F:\工作\124-视频练习\1364611412@6020.jpg 533,301,205,183 401,318,65,53
F:\工作\124-视频练习\1364611412@6040.jpg 511,301,201,180 388,312,63,50
F:\工作\124-视频练习\1364611412@6060.jpg 512,298,192,170 708,308,51,48 394,310,61,48
F:\工作\124-视频练习\1364611412@6080.jpg 497,303,187,166 737,310,59,60 394,313,53,45
F:\工作\124-视频练习\1364611412@6100.jpg 487,296,176,160 783,307,79,75 398,310,51,41
F:\工作\124-视频练习\1364611412@6120.jpg 504,311,170,155 902,315,111,104 429,322,46,39
F:\工作\124-视频练习\1364611412@6140.jpg 528,300,160,150 457,310,44,37 758,307,64,59
F:\工作\124-视频练习\1364611412@6160.jpg 508,302,162,145 803,312,87,76 713,313,54,48 462,314,39,34
F:\工作\124-视频练习\1364611412@6180.jpg 513,296,161,144 757,305,65,59 926,305,126,111
F:\工作\124-视频练习\1364611412@6200.jpg 528,305,159,147 834,314,87,76
F:\工作\124-视频练习\1364611412@6220.jpg 985,291,132,115 553,289,162,147
F:\工作\124-视频练习\1364611412@6240.jpg 527,290,162,149
F:\工作\124-视频练习\1364611412@6260.jpg 533,296,165,152
F:\工作\124-视频练习\1364611412@6280.jpg 545,297,168,156
F:\工作\124-视频练习\1364611412@6300.jpg 551,292,166,156
F:\工作\124-视频练习\1364611412@6320.jpg 573,294,164,154 520,310,50,39
F:\工作\124-视频练习\1364611412@6340.jpg 515,321,48,42 594,309,159,148
F:\工作\124-视频练习\1364611412@6360.jpg 602,304,151,140 511,315,49,38
F:\工作\124-视频练习\1364611412@6380.jpg 597,306,145,135 504,313,47,41
F:\工作\124-视频练习\1364611412@6400.jpg 590,308,143,129 510,317,46,38
F:\工作\124-视频练习\1364611412@6420.jpg 583,316,143,134 512,325,45,35
F:\工作\124-视频练习\1364611412@6440.jpg 583,308,148,137 513,319,44,35
F:\工作\124-视频练习\1364611412@6460.jpg 597,299,157,148 517,308,43,39
F:\工作\124-视频练习\1364611412@6480.jpg 616,307,173,156 521,315,44,37
F:\工作\124-视频练习\1364611412@6500.jpg 643,304,198,173
F:\工作\124-视频练习\1364611412@6520.jpg 805,307,249,221 571,319,43,36
F:\工作\124-视频练习\1364611412@6540.jpg 569,309,41,36
F:\工作\124-视频练习\1364611412@6560.jpg 551,327,43,36
F:\工作\124-视频练习\1364611412@6580.jpg 531,306,43,35 695,308,41,38
F:\工作\124-视频练习\1364611412@6600.jpg 720,318,53,49 524,319,44,36
F:\工作\124-视频练习\1364611412@6620.jpg 509,316,44,35 760,319,67,60
F:\工作\124-视频练习\1364611412@6640.jpg 506,309,48,35 852,305,95,84
F:\工作\124-视频练习\1364611412@6660.jpg 1035,307,161,138 487,310,45,38
F:\工作\124-视频练习\1364611412@6680.jpg 486,312,46,36
F:\工作\124-视频练习\1364611412@6700.jpg 472,314,45,34 622,318,30,25
F:\工作\124-视频练习\1364611412@6720.jpg 475,323,46,34 641,327,35,27
F:\工作\124-视频练习\1364611412@6740.jpg 678,329,36,33 493,326,43,37
F:\工作\124-视频练习\1364611412@6760.jpg 497,312,43,35 704,310,43,38
F:\工作\124-视频练习\1364611412@6780.jpg 717,307,52,49 484,308,44,34
F:\工作\124-视频练习\1364611412@6800.jpg 485,320,44,33 758,318,63,62
F:\工作\124-视频练习\1364611412@6820.jpg 803,313,86,79 467,314,42,36
F:\工作\124-视频练习\1364611412@6840.jpg 465,312,43,36 934,308,129,117
F:\工作\124-视频练习\1364611412@6860.jpg 477,307,41,33
F:\工作\124-视频练习\1364611412@6880.jpg 471,310,41,35
F:\工作\124-视频练习\1364611412@6900.jpg 482,311,39,36
F:\工作\124-视频练习\1364611412@6920.jpg 485,312,41,34
F:\工作\124-视频练习\1364611412@6940.jpg 490,318,41,33
F:\工作\124-视频练习\1364611412@6960.jpg 463,308,44,38
F:\工作\124-视频练习\1364611412@6980.jpg 461,320,45,41
F:\工作\124-视频练习\1364611412@7000.jpg 440,305,48,40
F:\工作\124-视频练习\1364611412@7020.jpg 399,303,51,41
F:\工作\124-视频练习\1364611412@7040.jpg 433,314,54,47
F:\工作\124-视频练习\1364611412@7060.jpg 438,310,58,55
F:\工作\124-视频练习\1364611412@7080.jpg 409,300,68,60
F:\工作\124-视频练习\1364611412@7100.jpg 417,299,78,72
F:\工作\124-视频练习\1364611412@7120.jpg 418,287,92,79
F:\工作\124-视频练习\1364611412@7140.jpg 420,297,107,94
F:\工作\124-视频练习\1364611412@7160.jpg 432,305,123,108
F:\工作\124-视频练习\1364611412@7180.jpg 435,306,151,128
F:\工作\124-视频练习\1364611412@7200.jpg 433,293,167,135
F:\工作\124-视频练习\1364611412@7220.jpg 448,316,172,142
F:\工作\124-视频练习\1364611412@7240.jpg 415,301,181,150
F:\工作\124-视频练习\1364611412@7260.jpg 379,299,188,150
F:\工作\124-视频练习\1364611412@7340.jpg 186,300,257,200
F:\工作\124-视频练习\1364611412@7360.jpg 106,286,291,237
F:\工作\124-视频练习\1364611412@7380.jpg 20,277,330,268
F:\工作\124-视频练习\1364611412@7400.jpg 70,289,330,297
F:\工作\124-视频练习\1364611412@7420.jpg 209,298,309,308
F:\工作\124-视频练习\1364611412@7440.jpg 401,299,298,307
F:\工作\124-视频练习\1364611412@7460.jpg 559,292,263,291
F:\工作\124-视频练习\1364611412@7480.jpg 672,307,266,275
F:\工作\124-视频练习\1364611412@7500.jpg 723,305,279,265
F:\工作\124-视频练习\1364611412@7520.jpg 681,308,302,252
F:\工作\124-视频练习\1364611412@7540.jpg 535,303,295,238
F:\工作\124-视频练习\1364611412@7560.jpg 377,305,295,251
F:\工作\124-视频练习\1364611412@7580.jpg 316,301,301,237 1110,308,143,126
F:\工作\124-视频练习\1364611412@7600.jpg 313,297,292,239
F:\工作\124-视频练习\1364611412@7620.jpg 316,302,278,224
F:\工作\124-视频练习\1364611412@7640.jpg 326,305,262,211
F:\工作\124-视频练习\1364611412@7660.jpg 331,308,246,197
F:\工作\124-视频练习\1364611412@7680.jpg 354,310,226,181
F:\工作\124-视频练习\1364611412@7700.jpg 386,314,210,168
F:\工作\124-视频练习\1364611412@7720.jpg 400,313,193,157
F:\工作\124-视频练习\1364611412@7740.jpg 412,313,184,148
F:\工作\124-视频练习\1364611412@7760.jpg 418,306,173,144
F:\工作\124-视频练习\1364611412@7780.jpg 445,303,162,133
F:\工作\124-视频练习\1364611412@7800.jpg 449,311,150,123
F:\工作\124-视频练习\1364611412@7820.jpg 464,315,143,118
F:\工作\124-视频练习\1364611412@7840.jpg 453,311,142,116
F:\工作\124-视频练习\1364611412@7860.jpg 443,312,146,116
F:\工作\124-视频练习\1364611412@7880.jpg 451,307,144,119
F:\工作\124-视频练习\1364611412@7900.jpg 451,308,146,121
F:\工作\124-视频练习\1364611412@7920.jpg 466,310,145,119
F:\工作\124-视频练习\1364611412@7940.jpg 468,309,149,122
F:\工作\124-视频练习\1364611412@7960.jpg 463,310,151,125
F:\工作\124-视频练习\1364611412@7980.jpg 465,304,153,124
F:\工作\124-视频练习\1364611412@8000.jpg 461,303,151,125
F:\工作\124-视频练习\1364611412@8020.jpg 473,311,146,118
F:\工作\124-视频练习\1364611412@8040.jpg 465,310,140,115
F:\工作\124-视频练习\1364611412@8060.jpg 461,309,140,114
F:\工作\124-视频练习\1364611412@8080.jpg 482,315,138,114
F:\工作\124-视频练习\1364611412@8100.jpg 481,310,142,116
F:\工作\124-视频练习\1364611412@8120.jpg 475,305,143,119
F:\工作\124-视频练习\1364611412@8140.jpg 474,307,148,122
F:\工作\124-视频练习\1364611412@8160.jpg 468,309,153,126
F:\工作\124-视频练习\1364611412@8180.jpg 464,309,154,130
F:\工作\124-视频练习\1364611412@8200.jpg 464,308,163,133
F:\工作\124-视频练习\1364611412@8220.jpg 467,302,170,137
F:\工作\124-视频练习\1364611412@8240.jpg 478,301,175,138
F:\工作\124-视频练习\1364611412@8260.jpg 481,306,178,143
F:\工作\124-视频练习\1364611412@8280.jpg 490,311,172,136
F:\工作\124-视频练习\1364611412@8300.jpg 480,304,168,139
F:\工作\124-视频练习\1364611412@8320.jpg 477,305,170,134
F:\工作\124-视频练习\1364611412@8340.jpg 460,305,164,131
F:\工作\124-视频练习\1364611412@8360.jpg 455,305,161,129
F:\工作\124-视频练习\1364611412@8380.jpg 464,314,155,122
F:\工作\124-视频练习\1364611412@8400.jpg 466,306,146,121
F:\工作\124-视频练习\1364611412@8420.jpg 473,307,144,117
F:\工作\124-视频练习\1364611412@8440.jpg 477,309,142,115
F:\工作\124-视频练习\1364611412@8460.jpg 477,310,140,114
F:\工作\124-视频练习\1364611412@8480.jpg 477,309,139,115
F:\工作\124-视频练习\1364611412@8500.jpg 469,316,144,113
F:\工作\124-视频练习\1364611412@8520.jpg 468,309,140,120
F:\工作\124-视频练习\1364611412@8540.jpg 453,308,146,118
F:\工作\124-视频练习\1364611412@8560.jpg 469,310,148,122
F:\工作\124-视频练习\1364611412@8580.jpg 469,307,151,122
F:\工作\124-视频练习\1364611412@8600.jpg 502,314,149,116
F:\工作\124-视频练习\1364611412@8620.jpg 478,316,146,120
F:\工作\124-视频练习\1364611412@8640.jpg 483,309,145,124
F:\工作\124-视频练习\1364611412@8660.jpg 462,311,151,123
F:\工作\124-视频练习\1364611412@8680.jpg 472,317,150,118
F:\工作\124-视频练习\1364611412@8700.jpg 465,313,150,120
F:\工作\124-视频练习\1364611412@8720.jpg 463,312,153,119
F:\工作\124-视频练习\1364611412@8740.jpg 466,307,149,121
F:\工作\124-视频练习\1364611412@8760.jpg 470,308,149,120
F:\工作\124-视频练习\1364611412@8780.jpg 453,309,150,120
F:\工作\124-视频练习\1364611412@8800.jpg 456,307,148,122
F:\工作\124-视频练习\1364611412@8820.jpg 459,308,149,117
F:\工作\124-视频练习\1364611412@8840.jpg 445,303,151,117
F:\工作\124-视频练习\1364611412@8860.jpg 436,308,151,121
F:\工作\124-视频练习\1364611412@8880.jpg 442,308,145,133
F:\工作\124-视频练习\1364611412@8900.jpg 436,303,147,117
F:\工作\124-视频练习\1364611412@8920.jpg 457,306,141,117
F:\工作\124-视频练习\1364611412@8940.jpg 449,296,139,116
F:\工作\124-视频练习\1364611412@8960.jpg 449,294,136,116
F:\工作\124-视频练习\1364611412@8980.jpg 466,296,134,110
F:\工作\124-视频练习\1364611412@9000.jpg 459,295,136,113
