F:\huangkun数据制作\20141201视频捕捉\制作\1362384151_t@0.jpg 573,262,152,140
F:\huangkun数据制作\20141201视频捕捉\制作\1362384151_t@20.jpg 576,260,161,147
F:\huangkun数据制作\20141201视频捕捉\制作\1362384151_t@40.jpg 577,266,159,145
F:\huangkun数据制作\20141201视频捕捉\制作\1362384151_t@60.jpg 585,262,162,147 527,275,62,53
F:\huangkun数据制作\20141201视频捕捉\制作\1362384151_t@80.jpg 527,275,62,51 599,260,157,154
F:\huangkun数据制作\20141201视频捕捉\制作\1362384151_t@100.jpg 510,271,63,56 592,258,162,145
F:\huangkun数据制作\20141201视频捕捉\制作\1362384151_t@120.jpg 497,277,63,54 592,264,158,149
F:\huangkun数据制作\20141201视频捕捉\制作\1362384151_t@140.jpg 483,276,63,54 578,259,170,149
F:\huangkun数据制作\20141201视频捕捉\制作\1362384151_t@160.jpg 468,272,67,63 567,256,168,155
F:\huangkun数据制作\20141201视频捕捉\制作\1362384151_t@180.jpg 460,277,69,59 555,257,176,158
F:\huangkun数据制作\20141201视频捕捉\制作\1362384151_t@200.jpg 457,275,69,60 548,259,181,161
F:\huangkun数据制作\20141201视频捕捉\制作\1362384151_t@220.jpg 459,272,69,63 554,258,173,160
F:\huangkun数据制作\20141201视频捕捉\制作\1362384151_t@240.jpg 455,273,69,56 551,259,168,154
F:\huangkun数据制作\20141201视频捕捉\制作\1362384151_t@260.jpg 455,276,68,60 547,265,166,150
F:\huangkun数据制作\20141201视频捕捉\制作\1362384151_t@280.jpg 438,275,74,65 531,260,163,149
F:\huangkun数据制作\20141201视频捕捉\制作\1362384151_t@300.jpg 419,277,75,71 512,261,165,155 676,283,34,34
F:\huangkun数据制作\20141201视频捕捉\制作\1362384151_t@320.jpg 353,274,81,72 441,259,170,152 633,281,41,35
F:\huangkun数据制作\20141201视频捕捉\制作\1362384151_t@340.jpg 281,272,89,70 357,253,182,168
F:\huangkun数据制作\20141201视频捕捉\制作\1362384151_t@360.jpg 265,250,197,188 478,263,58,69
F:\huangkun数据制作\20141201视频捕捉\制作\1362384151_t@380.jpg 164,245,231,215 475,262,56,74 592,277,49,40
F:\huangkun数据制作\20141201视频捕捉\制作\1362384151_t@400.jpg 23,229,280,257 460,257,62,72 590,276,48,39
F:\huangkun数据制作\20141201视频捕捉\制作\1362384151_t@420.jpg 269,237,81,99 447,255,68,79
F:\huangkun数据制作\20141201视频捕捉\制作\1362384151_t@440.jpg 227,238,84,100 435,257,73,83 592,281,50,43
F:\huangkun数据制作\20141201视频捕捉\制作\1362384151_t@460.jpg 166,231,96,119 405,255,83,94 572,279,52,49
F:\huangkun数据制作\20141201视频捕捉\制作\1362384151_t@480.jpg 84,221,108,137 372,246,86,107 546,275,56,50 609,276,42,39
F:\huangkun数据制作\20141201视频捕捉\制作\1362384151_t@500.jpg 2,217,115,157 334,247,103,116 529,277,63,56 609,278,50,42
F:\huangkun数据制作\20141201视频捕捉\制作\1362384151_t@520.jpg 270,237,121,135 504,272,68,53 608,273,52,44
F:\huangkun数据制作\20141201视频捕捉\制作\1362384151_t@540.jpg 197,231,143,155 488,271,67,57 609,273,56,47
F:\huangkun数据制作\20141201视频捕捉\制作\1362384151_t@560.jpg 99,218,168,197 470,272,73,62 614,274,56,52
F:\huangkun数据制作\20141201视频捕捉\制作\1362384151_t@580.jpg 303,271,69,61 451,274,72,60 604,274,68,57
F:\huangkun数据制作\20141201视频捕捉\制作\1362384151_t@600.jpg 294,272,72,61 452,274,72,64 617,280,70,60
F:\huangkun数据制作\20141201视频捕捉\制作\1362384151_t@620.jpg 278,264,77,62 439,268,79,67 613,272,81,71
F:\huangkun数据制作\20141201视频捕捉\制作\1362384151_t@640.jpg 263,269,81,66 437,272,83,71 610,277,91,77
F:\huangkun数据制作\20141201视频捕捉\制作\1362384151_t@660.jpg 243,258,88,71 435,265,82,69 603,265,95,85
F:\huangkun数据制作\20141201视频捕捉\制作\1362384151_t@680.jpg 240,258,88,71 443,265,81,77 600,265,107,101
F:\huangkun数据制作\20141201视频捕捉\制作\1362384151_t@700.jpg 252,270,82,75 446,272,85,73 600,273,125,109
F:\huangkun数据制作\20141201视频捕捉\制作\1362384151_t@720.jpg 253,262,85,68 448,265,84,67 589,265,135,120
F:\huangkun数据制作\20141201视频捕捉\制作\1362384151_t@740.jpg 275,267,79,66 455,268,77,69 579,272,149,128
F:\huangkun数据制作\20141201视频捕捉\制作\1362384151_t@760.jpg 288,271,74,62 453,270,78,68 563,271,157,139
F:\huangkun数据制作\20141201视频捕捉\制作\1362384151_t@780.jpg 313,265,73,57 464,266,76,62 560,268,165,142
F:\huangkun数据制作\20141201视频捕捉\制作\1362384151_t@800.jpg 338,268,63,55 475,272,68,60 555,271,163,148
F:\huangkun数据制作\20141201视频捕捉\制作\1362384151_t@820.jpg 355,271,60,49 477,276,61,53 546,272,165,141
F:\huangkun数据制作\20141201视频捕捉\制作\1362384151_t@840.jpg 383,275,52,44 493,275,59,51 548,274,165,147 707,251,67,69
F:\huangkun数据制作\20141201视频捕捉\制作\1362384151_t@860.jpg 401,275,49,45 498,281,61,43 545,278,163,140 718,248,76,83
F:\huangkun数据制作\20141201视频捕捉\制作\1362384151_t@880.jpg 18,220,197,211 412,275,46,40 499,274,55,48 539,274,160,137 720,241,99,92
F:\huangkun数据制作\20141201视频捕捉\制作\1362384151_t@900.jpg 86,222,170,196 434,273,47,38 516,273,50,48 545,275,159,140 750,231,126,114
F:\huangkun数据制作\20141201视频捕捉\制作\1362384151_t@920.jpg 121,228,163,172 534,275,164,143 784,222,175,156
F:\huangkun数据制作\20141201视频捕捉\制作\1362384151_t@940.jpg 157,228,144,166 531,272,167,146 862,193,287,232
F:\huangkun数据制作\20141201视频捕捉\制作\1362384151_t@960.jpg 16,217,129,154 199,233,139,153 538,273,158,142 476,273,39,33
F:\huangkun数据制作\20141201视频捕捉\制作\1362384151_t@980.jpg 83,223,115,142 234,239,124,139 483,273,35,32 536,274,159,135
F:\huangkun数据制作\20141201视频捕捉\制作\1362384151_t@1000.jpg 140,230,95,116 260,238,122,134 534,272,155,133
F:\huangkun数据制作\20141201视频捕捉\制作\1362384151_t@1020.jpg 203,231,86,111 304,240,111,123 545,271,147,132
F:\huangkun数据制作\20141201视频捕捉\制作\1362384151_t@1040.jpg 234,241,81,97 323,247,111,117 547,272,144,130
F:\huangkun数据制作\20141201视频捕捉\制作\1362384151_t@1060.jpg 287,247,75,90 365,250,100,115 572,283,142,122
F:\huangkun数据制作\20141201视频捕捉\制作\1362384151_t@1080.jpg 307,246,68,88 375,250,96,107 573,278,144,129
F:\huangkun数据制作\20141201视频捕捉\制作\1362384151_t@1100.jpg 313,243,64,81 375,247,90,103 567,275,154,135
F:\huangkun数据制作\20141201视频捕捉\制作\1362384151_t@1120.jpg 23,267,126,100 369,247,93,104 571,270,157,136
F:\huangkun数据制作\20141201视频捕捉\制作\1362384151_t@1140.jpg 95,270,106,98 380,251,93,99 588,276,161,142
F:\huangkun数据制作\20141201视频捕捉\制作\1362384151_t@1160.jpg 141,273,101,85 390,254,84,96 550,277,45,43 600,275,163,145
F:\huangkun数据制作\20141201视频捕捉\制作\1362384151_t@1180.jpg 173,277,95,80 385,257,87,98 546,283,45,43 605,284,171,148
F:\huangkun数据制作\20141201视频捕捉\制作\1362384151_t@1200.jpg 203,266,91,77 392,246,88,95 543,270,47,40 614,270,181,156
F:\huangkun数据制作\20141201视频捕捉\制作\1362384151_t@1220.jpg 224,271,85,71 391,253,83,93 611,273,180,165
F:\huangkun数据制作\20141201视频捕捉\制作\1362384151_t@1240.jpg 253,267,79,72 407,249,85,96 545,274,42,40 609,269,182,168
F:\huangkun数据制作\20141201视频捕捉\制作\1362384151_t@1260.jpg 279,273,78,62 419,254,80,89 598,275,196,168
F:\huangkun数据制作\20141201视频捕捉\制作\1362384151_t@1280.jpg 0,241,242,247 421,252,82,94 595,275,186,172
F:\huangkun数据制作\20141201视频捕捉\制作\1362384151_t@1300.jpg 14,240,262,234 427,252,77,94 587,279,196,167
F:\huangkun数据制作\20141201视频捕捉\制作\1362384151_t@1320.jpg 61,247,240,214 433,253,76,91 585,279,198,174
F:\huangkun数据制作\20141201视频捕捉\制作\1362384151_t@1340.jpg 81,241,226,207 428,249,77,89 573,270,203,183
F:\huangkun数据制作\20141201视频捕捉\制作\1362384151_t@1360.jpg 97,240,217,194 425,251,78,90 570,274,205,180
F:\huangkun数据制作\20141201视频捕捉\制作\1362384151_t@1380.jpg 116,245,213,191 424,254,75,85 567,277,205,175
F:\huangkun数据制作\20141201视频捕捉\制作\1362384151_t@1400.jpg 133,244,200,185 422,251,76,83 564,269,208,184
F:\huangkun数据制作\20141201视频捕捉\制作\1362384151_t@1420.jpg 147,240,199,190 419,249,78,88 564,271,199,174
F:\huangkun数据制作\20141201视频捕捉\制作\1362384151_t@1440.jpg 178,240,182,181 425,254,74,82 567,270,202,176
F:\huangkun数据制作\20141201视频捕捉\制作\1362384151_t@1460.jpg 193,244,175,174 429,253,69,86 571,271,201,179
F:\huangkun数据制作\20141201视频捕捉\制作\1362384151_t@1480.jpg 213,248,171,168 436,257,74,82 580,274,204,180
F:\huangkun数据制作\20141201视频捕捉\制作\1362384151_t@1500.jpg 218,246,169,162 445,252,70,80 587,266,209,186
F:\huangkun数据制作\20141201视频捕捉\制作\1362384151_t@1520.jpg 232,248,168,158 452,255,75,81 605,272,219,189
F:\huangkun数据制作\20141201视频捕捉\制作\1362384151_t@1540.jpg 244,246,162,161 462,255,70,79 620,270,229,207
F:\huangkun数据制作\20141201视频捕捉\制作\1362384151_t@1560.jpg 264,242,155,157 476,251,65,79 631,264,235,214
F:\huangkun数据制作\20141201视频捕捉\制作\1362384151_t@1580.jpg 302,248,154,154 499,255,63,80 658,269,248,221
F:\huangkun数据制作\20141201视频捕捉\制作\1362384151_t@1600.jpg 365,258,142,133 528,259,69,77 701,271,260,229
F:\huangkun数据制作\20141201视频捕捉\制作\1362384151_t@1620.jpg 438,259,132,124 577,262,56,68 785,274,262,228
F:\huangkun数据制作\20141201视频捕捉\制作\1362384151_t@1640.jpg 524,266,115,113 798,281,75,59 883,279,270,225
F:\huangkun数据制作\20141201视频捕捉\制作\1362384151_t@1660.jpg 586,268,106,104 837,283,79,66 996,281,278,254 1,287,386,360
F:\huangkun数据制作\20141201视频捕捉\制作\1362384151_t@1680.jpg 181,279,371,304 592,265,109,100 836,284,87,68
F:\huangkun数据制作\20141201视频捕捉\制作\1362384151_t@1700.jpg 323,279,310,252 838,282,88,78
F:\huangkun数据制作\20141201视频捕捉\制作\1362384151_t@1720.jpg 397,282,271,215 844,288,89,78
F:\huangkun数据制作\20141201视频捕捉\制作\1362384151_t@1740.jpg 433,300,237,199 839,303,101,84 762,296,54,51
F:\huangkun数据制作\20141201视频捕捉\制作\1362384151_t@1760.jpg 459,287,220,168 753,279,61,48 857,283,107,91
F:\huangkun数据制作\20141201视频捕捉\制作\1362384151_t@1780.jpg 490,286,201,171 776,283,63,54 906,288,123,100
F:\huangkun数据制作\20141201视频捕捉\制作\1362384151_t@1800.jpg 491,283,195,160 771,276,66,58 949,284,138,117
F:\huangkun数据制作\20141201视频捕捉\制作\1362384151_t@1820.jpg 510,286,188,150 787,284,71,61 733,280,39,37 1031,291,174,143
F:\huangkun数据制作\20141201视频捕捉\制作\1362384151_t@1840.jpg 508,283,189,149 796,284,71,69
F:\huangkun数据制作\20141201视频捕捉\制作\1362384151_t@1860.jpg 510,292,179,139 802,290,85,69
F:\huangkun数据制作\20141201视频捕捉\制作\1362384151_t@1880.jpg 504,282,183,153 815,278,96,76
F:\huangkun数据制作\20141201视频捕捉\制作\1362384151_t@1900.jpg 488,279,189,149 721,277,54,45 825,282,104,90
F:\huangkun数据制作\20141201视频捕捉\制作\1362384151_t@1920.jpg 487,282,196,153 731,277,57,48 851,279,130,106
F:\huangkun数据制作\20141201视频捕捉\制作\1362384151_t@1940.jpg 475,282,201,159 737,276,59,54 891,280,144,120
F:\huangkun数据制作\20141201视频捕捉\制作\1362384151_t@1960.jpg 479,280,193,159 742,276,63,58 934,278,170,144
F:\huangkun数据制作\20141201视频捕捉\制作\1362384151_t@1980.jpg 499,284,185,157 762,278,76,63 1026,280,205,179
F:\huangkun数据制作\20141201视频捕捉\制作\1362384151_t@2000.jpg 60,212,181,215 510,283,180,146 782,281,82,62
F:\huangkun数据制作\20141201视频捕捉\制作\1362384151_t@2020.jpg 102,219,157,201 512,285,180,142 806,281,86,75
F:\huangkun数据制作\20141201视频捕捉\制作\1362384151_t@2040.jpg 138,217,152,190 530,280,178,138 833,275,106,88
F:\huangkun数据制作\20141201视频捕捉\制作\1362384151_t@2060.jpg 163,226,146,181 542,279,169,142 872,280,117,101
F:\huangkun数据制作\20141201视频捕捉\制作\1362384151_t@2080.jpg 179,232,140,171 542,286,167,137 911,285,151,127 812,269,88,79
F:\huangkun数据制作\20141201视频捕捉\制作\1362384151_t@2100.jpg 197,232,137,167 542,283,168,140 838,268,90,84 986,281,193,163
F:\huangkun数据制作\20141201视频捕捉\制作\1362384151_t@2120.jpg 216,233,130,162 537,284,173,139 689,237,43,63 759,276,46,36 869,267,101,90
F:\huangkun数据制作\20141201视频捕捉\制作\1362384151_t@2140.jpg 225,229,123,158 525,281,174,143 682,230,46,69 760,273,54,42 897,262,110,98
F:\huangkun数据制作\20141201视频捕捉\制作\1362384151_t@2160.jpg 249,231,115,151 526,282,175,144 690,229,50,70 943,263,124,109
F:\huangkun数据制作\20141201视频捕捉\制作\1362384151_t@2180.jpg 262,235,110,136 513,279,176,145 689,227,54,76 983,264,136,118
F:\huangkun数据制作\20141201视频捕捉\制作\1362384151_t@2200.jpg 274,235,106,133 510,280,173,145 684,225,58,75 813,273,56,42 1040,261,147,126
F:\huangkun数据制作\20141201视频捕捉\制作\1362384151_t@2220.jpg 290,236,105,128 504,279,175,144 689,221,62,84 844,274,57,43 979,280,72,59 1114,256,160,143
F:\huangkun数据制作\20141201视频捕捉\制作\1362384151_t@2240.jpg 320,239,92,124 504,280,172,138 697,228,58,81 879,277,57,44 1029,285,80,59
F:\huangkun数据制作\20141201视频捕捉\制作\1362384151_t@2260.jpg 330,243,94,115 489,280,172,143 695,226,60,84 906,281,60,43 1082,286,84,70
F:\huangkun数据制作\20141201视频捕捉\制作\1362384151_t@2280.jpg 347,248,85,102 479,285,176,141 690,225,65,94 938,284,65,47 1148,291,93,74
F:\huangkun数据制作\20141201视频捕捉\制作\1362384151_t@2300.jpg 361,245,82,103 466,277,178,150 690,220,71,100 977,283,67,51
F:\huangkun数据制作\20141201视频捕捉\制作\1362384151_t@2320.jpg 372,250,75,95 461,281,181,149 693,219,73,101 1026,282,64,52
F:\huangkun数据制作\20141201视频捕捉\制作\1362384151_t@2340.jpg 387,250,75,94 474,282,181,144 702,216,77,106
F:\huangkun数据制作\20141201视频捕捉\制作\1362384151_t@2360.jpg 415,255,67,86 490,284,179,145 717,212,80,115
F:\huangkun数据制作\20141201视频捕捉\制作\1362384151_t@2380.jpg 431,256,60,77 495,284,179,140 719,208,87,119
F:\huangkun数据制作\20141201视频捕捉\制作\1362384151_t@2400.jpg 449,254,59,76 502,283,181,143 728,204,89,128
F:\huangkun数据制作\20141201视频捕捉\制作\1362384151_t@2420.jpg 2,269,184,186 513,283,174,145 737,198,96,141
F:\huangkun数据制作\20141201视频捕捉\制作\1362384151_t@2440.jpg 42,268,194,166 522,284,174,136 745,190,105,149
F:\huangkun数据制作\20141201视频捕捉\制作\1362384151_t@2460.jpg 93,270,177,144 458,268,82,74 535,283,167,141 760,184,115,159
F:\huangkun数据制作\20141201视频捕捉\制作\1362384151_t@2480.jpg 134,274,163,137 458,268,79,67 549,287,163,140 779,176,125,176
F:\huangkun数据制作\20141201视频捕捉\制作\1362384151_t@2500.jpg 166,274,151,130 461,268,73,76 561,287,158,131 798,161,147,203
F:\huangkun数据制作\20141201视频捕捉\制作\1362384151_t@2520.jpg 183,271,151,124 454,268,74,71 562,284,165,136 825,137,170,232
F:\huangkun数据制作\20141201视频捕捉\制作\1362384151_t@2540.jpg 211,274,144,121 468,270,70,65 574,287,159,130 877,111,190,282
F:\huangkun数据制作\20141201视频捕捉\制作\1362384151_t@2560.jpg 220,274,147,117 466,270,70,67 568,286,163,140 935,62,257,361
F:\huangkun数据制作\20141201视频捕捉\制作\1362384151_t@2580.jpg 229,272,145,123 475,271,62,62 565,283,161,129
F:\huangkun数据制作\20141201视频捕捉\制作\1362384151_t@2600.jpg 256,275,139,121 492,275,64,60 578,286,156,131
F:\huangkun数据制作\20141201视频捕捉\制作\1362384151_t@2620.jpg 250,273,138,118 491,272,64,61 564,286,161,132
F:\huangkun数据制作\20141201视频捕捉\制作\1362384151_t@2640.jpg 250,274,136,117 495,271,63,58 570,285,157,128
F:\huangkun数据制作\20141201视频捕捉\制作\1362384151_t@2660.jpg 229,270,145,119 489,269,65,59
F:\huangkun数据制作\20141201视频捕捉\制作\1362384151_t@2680.jpg 226,264,140,122 488,265,60,56 570,279,157,123
F:\huangkun数据制作\20141201视频捕捉\制作\1362384151_t@2700.jpg 234,271,139,121 508,272,60,56 592,286,150,118
F:\huangkun数据制作\20141201视频捕捉\制作\1362384151_t@2720.jpg 228,270,141,119 512,273,59,52 592,285,149,116
F:\huangkun数据制作\20141201视频捕捉\制作\1362384151_t@2740.jpg 224,273,144,119 524,280,57,48 601,290,141,113
F:\huangkun数据制作\20141201视频捕捉\制作\1362384151_t@2760.jpg 233,272,140,112 545,272,54,50 620,283,138,111
F:\huangkun数据制作\20141201视频捕捉\制作\1362384151_t@2780.jpg 220,275,148,127 557,275,58,50 627,285,137,111
F:\huangkun数据制作\20141201视频捕捉\制作\1362384151_t@2800.jpg 194,269,155,127 643,284,134,108 568,273,53,46
F:\huangkun数据制作\20141201视频捕捉\制作\1362384151_t@2820.jpg 176,273,154,133 610,263,77,80 678,287,131,106
F:\huangkun数据制作\20141201视频捕捉\制作\1362384151_t@2840.jpg 141,271,160,144 603,257,79,93 712,283,131,106
F:\huangkun数据制作\20141201视频捕捉\制作\1362384151_t@2860.jpg 96,274,168,150 586,255,85,101 739,285,126,103
F:\huangkun数据制作\20141201视频捕捉\制作\1362384151_t@2880.jpg 95,267,173,140 586,248,97,108 773,279,123,101
F:\huangkun数据制作\20141201视频捕捉\制作\1362384151_t@2900.jpg 109,273,171,136 582,253,104,115 691,257,46,58 795,285,112,93
F:\huangkun数据制作\20141201视频捕捉\制作\1362384151_t@2940.jpg 164,267,160,139 565,245,117,135 697,249,52,62 764,283,93,75
F:\huangkun数据制作\20141201视频捕捉\制作\1362384151_t@2960.jpg 202,267,151,120 553,242,123,142 716,284,88,70
F:\huangkun数据制作\20141201视频捕捉\制作\1362384151_t@2980.jpg 258,268,132,113 556,241,130,144 688,279,80,68
F:\huangkun数据制作\20141201视频捕捉\制作\1362384151_t@3000.jpg 301,264,123,109 563,233,137,156
F:\huangkun数据制作\20141201视频捕捉\制作\1362384151_t@3020.jpg 351,270,113,102 588,237,138,164 734,239,60,84
F:\huangkun数据制作\20141201视频捕捉\制作\1362384151_t@3040.jpg 344,263,106,86 555,226,147,166 710,230,70,84
F:\huangkun数据制作\20141201视频捕捉\制作\1362384151_t@3060.jpg 363,270,92,81 539,235,144,170 707,232,76,89 2,260,251,206
F:\huangkun数据制作\20141201视频捕捉\制作\1362384151_t@3080.jpg 134,268,195,174 391,273,87,75 537,237,147,166 719,232,79,98
F:\huangkun数据制作\20141201视频捕捉\制作\1362384151_t@3100.jpg 201,263,166,143 402,271,82,69 523,231,147,173 722,227,82,104
F:\huangkun数据制作\20141201视频捕捉\制作\1362384151_t@3120.jpg 258,269,144,124 517,234,157,177 729,221,98,113 1017,248,262,249
F:\huangkun数据制作\20141201视频捕捉\制作\1362384151_t@3140.jpg 290,266,124,109 511,230,157,181 744,213,100,120 909,246,227,220
F:\huangkun数据制作\20141201视频捕捉\制作\1362384151_t@3160.jpg 309,265,121,104 491,226,161,181 835,253,183,181
F:\huangkun数据制作\20141201视频捕捉\制作\1362384151_t@3180.jpg 357,278,101,88 496,237,161,179 781,264,170,161
F:\huangkun数据制作\20141201视频捕捉\制作\1362384151_t@3200.jpg 371,270,94,81 481,230,153,178 724,258,151,148
F:\huangkun数据制作\20141201视频捕捉\制作\1362384151_t@3220.jpg 485,234,157,179 699,266,136,127 806,184,150,192
F:\huangkun数据制作\20141201视频捕捉\制作\1362384151_t@3240.jpg 470,233,158,182 669,264,124,119 841,163,169,216
F:\huangkun数据制作\20141201视频捕捉\制作\1362384151_t@3260.jpg 445,227,172,187 639,256,121,124 876,133,227,268
F:\huangkun数据制作\20141201视频捕捉\制作\1362384151_t@3280.jpg 453,228,176,196 643,265,111,107 962,96,295,344
F:\huangkun数据制作\20141201视频捕捉\制作\1362384151_t@3300.jpg 456,220,181,209 646,263,100,94
F:\huangkun数据制作\20141201视频捕捉\制作\1362384151_t@3320.jpg 468,223,184,209 657,264,90,88
F:\huangkun数据制作\20141201视频捕捉\制作\1362384151_t@3340.jpg 475,221,181,216 662,267,80,82
F:\huangkun数据制作\20141201视频捕捉\制作\1362384151_t@3360.jpg 476,223,184,217 669,269,75,72 1060,179,117,184
F:\huangkun数据制作\20141201视频捕捉\制作\1362384151_t@3380.jpg 481,223,189,214 671,268,70,66 1071,166,133,200
F:\huangkun数据制作\20141201视频捕捉\制作\1362384151_t@3400.jpg 492,221,185,211 669,265,57,62 1077,150,145,221
F:\huangkun数据制作\20141201视频捕捉\制作\1362384151_t@3420.jpg 498,220,182,205
F:\huangkun数据制作\20141201视频捕捉\制作\1362384151_t@3440.jpg 509,227,179,205 1062,117,186,275
F:\huangkun数据制作\20141201视频捕捉\制作\1362384151_t@3460.jpg 513,225,178,202 1050,96,206,307
F:\huangkun数据制作\20141201视频捕捉\制作\1362384151_t@3480.jpg 530,225,181,201 1062,66,216,348
F:\huangkun数据制作\20141201视频捕捉\制作\1362384151_t@3500.jpg 541,222,180,212
F:\huangkun数据制作\20141201视频捕捉\制作\1362384151_t@3520.jpg 525,223,189,222
F:\huangkun数据制作\20141201视频捕捉\制作\1362384151_t@3540.jpg 531,223,197,231
F:\huangkun数据制作\20141201视频捕捉\制作\1362384151_t@3560.jpg 538,215,205,243
F:\huangkun数据制作\20141201视频捕捉\制作\1362384151_t@3580.jpg 541,213,210,245
F:\huangkun数据制作\20141201视频捕捉\制作\1362384151_t@3600.jpg 535,209,214,253
F:\huangkun数据制作\20141201视频捕捉\制作\1362384151_t@3620.jpg 532,212,222,256
F:\huangkun数据制作\20141201视频捕捉\制作\1362384151_t@3640.jpg 543,212,226,260
F:\huangkun数据制作\20141201视频捕捉\制作\1362384151_t@3680.jpg 524,207,234,269
F:\huangkun数据制作\20141201视频捕捉\制作\1362384151_t@3700.jpg 509,200,238,274
F:\huangkun数据制作\20141201视频捕捉\制作\1362384151_t@3720.jpg 515,212,242,268
F:\huangkun数据制作\20141201视频捕捉\制作\1362384151_t@3740.jpg 517,206,229,255
F:\huangkun数据制作\20141201视频捕捉\制作\1362384151_t@3760.jpg 510,204,221,259
F:\huangkun数据制作\20141201视频捕捉\制作\1362384151_t@3780.jpg 502,214,221,240
F:\huangkun数据制作\20141201视频捕捉\制作\1362384151_t@3800.jpg 519,218,213,244
F:\huangkun数据制作\20141201视频捕捉\制作\1362384151_t@3820.jpg 523,217,205,236
F:\huangkun数据制作\20141201视频捕捉\制作\1362384151_t@3840.jpg 522,219,216,249 18,268,216,186
F:\huangkun数据制作\20141201视频捕捉\制作\1362384151_t@3860.jpg 206,263,157,135 521,210,230,255
F:\huangkun数据制作\20141201视频捕捉\制作\1362384151_t@3880.jpg 316,265,124,110 533,206,240,270
F:\huangkun数据制作\20141201视频捕捉\制作\1362384151_t@3900.jpg 372,261,100,90 530,197,246,280
F:\huangkun数据制作\20141201视频捕捉\制作\1362384151_t@3920.jpg 422,269,80,70 526,202,248,278
F:\huangkun数据制作\20141201视频捕捉\制作\1362384151_t@3940.jpg 446,270,68,58 511,207,243,268
F:\huangkun数据制作\20141201视频捕捉\制作\1362384151_t@3960.jpg 498,211,229,256
F:\huangkun数据制作\20141201视频捕捉\制作\1362384151_t@3980.jpg 486,211,223,253
F:\huangkun数据制作\20141201视频捕捉\制作\1362384151_t@4000.jpg 6,262,219,187 473,211,224,247
F:\huangkun数据制作\20141201视频捕捉\制作\1362384151_t@4020.jpg 217,267,151,135 471,211,218,246
F:\huangkun数据制作\20141201视频捕捉\制作\1362384151_t@4040.jpg 318,266,113,105 458,212,212,239
F:\huangkun数据制作\20141201视频捕捉\制作\1362384151_t@4060.jpg 449,216,208,232
F:\huangkun数据制作\20141201视频捕捉\制作\1362384151_t@4080.jpg 452,216,200,232
F:\huangkun数据制作\20141201视频捕捉\制作\1362384151_t@4100.jpg 438,215,205,226 711,271,32,31
F:\huangkun数据制作\20141201视频捕捉\制作\1362384151_t@4140.jpg 49,266,169,140 428,217,206,230 741,267,35,38
F:\huangkun数据制作\20141201视频捕捉\制作\1362384151_t@4160.jpg 209,272,120,107 436,222,195,217 762,271,40,43 936,24,296,421
F:\huangkun数据制作\20141201视频捕捉\制作\1362384151_t@4180.jpg 309,278,92,85 437,222,202,227 889,59,262,371
F:\huangkun数据制作\20141201视频捕捉\制作\1362384151_t@4200.jpg 440,217,201,232 857,75,228,331
F:\huangkun数据制作\20141201视频捕捉\制作\1362384151_t@4220.jpg 438,213,203,228 824,97,203,299
F:\huangkun数据制作\20141201视频捕捉\制作\1362384151_t@4240.jpg 444,219,202,229 797,122,182,266 986,260,103,111
F:\huangkun数据制作\20141201视频捕捉\制作\1362384151_t@4260.jpg 461,219,205,230 786,138,165,241
F:\huangkun数据制作\20141201视频捕捉\制作\1362384151_t@4280.jpg 454,217,212,234 786,146,154,228
F:\huangkun数据制作\20141201视频捕捉\制作\1362384151_t@4300.jpg 420,216,213,245 761,153,141,211
F:\huangkun数据制作\20141201视频捕捉\制作\1362384151_t@4320.jpg 392,208,226,257 756,160,133,194
F:\huangkun数据制作\20141201视频捕捉\制作\1362384151_t@4340.jpg 353,202,245,277 743,168,129,191 1034,275,243,222
F:\huangkun数据制作\20141201视频捕捉\制作\1362384151_t@4360.jpg 337,198,253,284 729,172,121,179 954,273,218,194
F:\huangkun数据制作\20141201视频捕捉\制作\1362384151_t@4380.jpg 353,199,246,279 725,176,110,167 893,269,186,164
F:\huangkun数据制作\20141201视频捕捉\制作\1362384151_t@4400.jpg 5,260,196,166 369,200,242,272 728,185,100,154 858,274,152,135
F:\huangkun数据制作\20141201视频捕捉\制作\1362384151_t@4420.jpg 239,274,133,117 403,214,227,261 737,202,93,138 839,281,134,120
F:\huangkun数据制作\20141201视频捕捉\制作\1362384151_t@4440.jpg 407,207,235,265 727,198,88,133 813,271,115,108
F:\huangkun数据制作\20141201视频捕捉\制作\1362384151_t@4460.jpg 141,187,183,228 384,205,235,269 692,208,87,121 760,276,108,101
F:\huangkun数据制作\20141201视频捕捉\制作\1362384151_t@4480.jpg 303,204,252,282 647,213,80,115 693,277,97,89
F:\huangkun数据制作\20141201视频捕捉\制作\1362384151_t@4500.jpg 174,198,279,301 642,278,91,85 934,289,296,247
F:\huangkun数据制作\20141201视频捕捉\制作\1362384151_t@4520.jpg 1,169,306,356 599,277,87,79 792,288,246,210
F:\huangkun数据制作\20141201视频捕捉\制作\1362384151_t@4540.jpg 382,248,68,84 576,273,86,76 710,284,211,180
F:\huangkun数据制作\20141201视频捕捉\制作\1362384151_t@4560.jpg 422,252,60,76 569,279,86,66 645,281,192,164
F:\huangkun数据制作\20141201视频捕捉\制作\1362384151_t@4580.jpg 459,263,56,64 608,287,183,156
F:\huangkun数据制作\20141201视频捕捉\制作\1362384151_t@4600.jpg 499,253,51,61 611,274,171,152
F:\huangkun数据制作\20141201视频捕捉\制作\1362384151_t@4620.jpg 526,261,42,60 620,282,169,147
F:\huangkun数据制作\20141201视频捕捉\制作\1362384151_t@4640.jpg 553,263,45,57 642,286,166,147
F:\huangkun数据制作\20141201视频捕捉\制作\1362384151_t@4660.jpg 554,258,43,53 632,282,175,151
F:\huangkun数据制作\20141201视频捕捉\制作\1362384151_t@4680.jpg 552,255,39,53 623,278,178,160
F:\huangkun数据制作\20141201视频捕捉\制作\1362384151_t@4700.jpg 557,256,39,50 628,273,183,156
F:\huangkun数据制作\20141201视频捕捉\制作\1362384151_t@4720.jpg 586,259,38,51 658,282,188,167
F:\huangkun数据制作\20141201视频捕捉\制作\1362384151_t@4740.jpg 625,263,38,43 739,280,192,168
F:\huangkun数据制作\20141201视频捕捉\制作\1362384151_t@4760.jpg 657,262,43,46 604,273,37,30 746,279,96,77 834,286,212,178
F:\huangkun数据制作\20141201视频捕捉\制作\1362384151_t@4780.jpg 615,279,33,28 677,264,34,42 788,283,96,84 947,293,239,202
F:\huangkun数据制作\20141201视频捕捉\制作\1362384151_t@4800.jpg 606,272,33,31 677,260,36,44 756,208,83,120 819,276,108,99
F:\huangkun数据制作\20141201视频捕捉\制作\1362384151_t@4840.jpg 576,279,35,29 670,265,36,44 752,201,89,136 862,276,137,125
F:\huangkun数据制作\20141201视频捕捉\制作\1362384151_t@4860.jpg 754,194,99,145 912,278,159,147
F:\huangkun数据制作\20141201视频捕捉\制作\1362384151_t@4880.jpg 752,189,114,162 977,279,211,181 679,266,37,46 566,278,37,34
F:\huangkun数据制作\20141201视频捕捉\制作\1362384151_t@4900.jpg 569,277,41,33 685,261,39,49 765,178,123,185
F:\huangkun数据制作\20141201视频捕捉\制作\1362384151_t@4920.jpg 804,150,143,213 593,270,40,34 707,258,41,46
F:\huangkun数据制作\20141201视频捕捉\制作\1362384151_t@4940.jpg 714,262,44,53 846,128,184,261
F:\huangkun数据制作\20141201视频捕捉\制作\1362384151_t@4960.jpg 875,76,235,331 702,255,43,53 583,266,44,38
F:\huangkun数据制作\20141201视频捕捉\制作\1362384151_t@4980.jpg 598,270,46,39 728,255,48,56
F:\huangkun数据制作\20141201视频捕捉\制作\1362384151_t@5000.jpg 604,268,46,39 751,250,51,59
F:\huangkun数据制作\20141201视频捕捉\制作\1362384151_t@5020.jpg 622,268,46,39 790,250,53,66
F:\huangkun数据制作\20141201视频捕捉\制作\1362384151_t@5040.jpg 588,270,52,41 780,250,62,66
F:\huangkun数据制作\20141201视频捕捉\制作\1362384151_t@5060.jpg 610,266,46,42 816,247,70,74
F:\huangkun数据制作\20141201视频捕捉\制作\1362384151_t@5080.jpg 628,268,52,42 877,248,66,79
F:\huangkun数据制作\20141201视频捕捉\制作\1362384151_t@5100.jpg 635,274,53,47 920,252,67,79 553,272,39,29
F:\huangkun数据制作\20141201视频捕捉\制作\1362384151_t@5120.jpg 544,273,38,33 637,271,54,47 967,249,74,90 889,277,44,34
F:\huangkun数据制作\20141201视频捕捉\制作\1362384151_t@5140.jpg 537,273,39,40 642,277,55,42 1014,249,77,95
F:\huangkun数据制作\20141201视频捕捉\制作\1362384151_t@5160.jpg 534,278,38,34 656,281,52,42 1070,250,87,100
F:\huangkun数据制作\20141201视频捕捉\制作\1362384151_t@5180.jpg 547,274,36,34 679,277,59,52 1161,248,92,104
F:\huangkun数据制作\20141201视频捕捉\制作\1362384151_t@5200.jpg 550,274,36,35 699,277,50,48
F:\huangkun数据制作\20141201视频捕捉\制作\1362384151_t@5220.jpg 558,277,37,35 717,278,56,50
F:\huangkun数据制作\20141201视频捕捉\制作\1362384151_t@5240.jpg 571,276,40,36 739,278,59,51
F:\huangkun数据制作\20141201视频捕捉\制作\1362384151_t@5260.jpg 569,278,41,37 753,282,55,50
F:\huangkun数据制作\20141201视频捕捉\制作\1362384151_t@5280.jpg 582,274,40,36 769,278,65,53
F:\huangkun数据制作\20141201视频捕捉\制作\1362384151_t@5300.jpg 576,273,44,39 779,276,63,60
F:\huangkun数据制作\20141201视频捕捉\制作\1362384151_t@5320.jpg 561,277,44,37 652,279,50,46 775,282,63,55
F:\huangkun数据制作\20141201视频捕捉\制作\1362384151_t@5340.jpg 550,275,42,33 639,277,57,47 770,277,71,64
F:\huangkun数据制作\20141201视频捕捉\制作\1362384151_t@5360.jpg 526,273,43,40 618,277,64,53 757,278,75,64
F:\huangkun数据制作\20141201视频捕捉\制作\1362384151_t@5380.jpg 525,274,45,41 620,275,67,57 766,276,81,74
F:\huangkun数据制作\20141201视频捕捉\制作\1362384151_t@5400.jpg 640,278,70,61 804,278,86,78 730,247,69,73 550,278,45,37
F:\huangkun数据制作\20141201视频捕捉\制作\1362384151_t@5420.jpg 555,278,44,36 639,277,76,70 729,243,77,74 822,278,92,87
F:\huangkun数据制作\20141201视频捕捉\制作\1362384151_t@5440.jpg 557,277,43,38 631,282,78,66 727,246,80,80 833,284,97,89
F:\huangkun数据制作\20141201视频捕捉\制作\1362384151_t@5460.jpg 566,275,43,41 626,280,81,74 731,239,79,88 841,282,114,97
F:\huangkun数据制作\20141201视频捕捉\制作\1362384151_t@5480.jpg 582,269,42,37 631,274,88,80 741,234,86,81 859,275,125,106
F:\huangkun数据制作\20141201视频捕捉\制作\1362384151_t@5500.jpg 588,276,35,37 623,272,91,84 737,236,93,86 861,280,129,120
F:\huangkun数据制作\20141201视频捕捉\制作\1362384151_t@5520.jpg 626,269,93,78 748,234,86,89 866,268,138,125
F:\huangkun数据制作\20141201视频捕捉\制作\1362384151_t@5540.jpg 635,305,94,83 747,263,96,93 858,305,145,133
F:\huangkun数据制作\20141201视频捕捉\制作\1362384151_t@5560.jpg 620,281,96,85 813,282,152,139
F:\huangkun数据制作\20141201视频捕捉\制作\1362384151_t@5580.jpg 627,279,99,80 770,281,167,155
F:\huangkun数据制作\20141201视频捕捉\制作\1362384151_t@5600.jpg 719,275,177,165
F:\huangkun数据制作\20141201视频捕捉\制作\1362384151_t@5620.jpg 642,274,181,166
F:\huangkun数据制作\20141201视频捕捉\制作\1362384151_t@5640.jpg 559,271,200,166 777,233,108,103
F:\huangkun数据制作\20141201视频捕捉\制作\1362384151_t@5660.jpg 494,271,191,162 668,277,95,85 793,235,106,106
F:\huangkun数据制作\20141201视频捕捉\制作\1362384151_t@5680.jpg 430,273,191,165 671,285,94,78 792,239,110,111
F:\huangkun数据制作\20141201视频捕捉\制作\1362384151_t@5700.jpg 386,266,176,164 666,277,87,83 625,277,32,31 789,231,113,117
F:\huangkun数据制作\20141201视频捕捉\制作\1362384151_t@5720.jpg 352,272,169,151 644,283,93,75 786,230,111,122
F:\huangkun数据制作\20141201视频捕捉\制作\1362384151_t@5740.jpg 337,274,160,135 629,280,87,78 781,233,117,120
F:\huangkun数据制作\20141201视频捕捉\制作\1362384151_t@5760.jpg 316,277,158,128 610,281,86,76 773,227,124,129
F:\huangkun数据制作\20141201视频捕捉\制作\1362384151_t@5780.jpg 311,269,152,126 596,281,86,71 777,228,124,125
F:\huangkun数据制作\20141201视频捕捉\制作\1362384151_t@5800.jpg 312,268,143,126 586,276,84,76 782,218,140,139
F:\huangkun数据制作\20141201视频捕捉\制作\1362384151_t@5820.jpg 322,275,144,127 598,284,85,77 806,216,161,158
F:\huangkun数据制作\20141201视频捕捉\制作\1362384151_t@5840.jpg 326,267,139,126 601,278,86,82 828,201,194,188
F:\huangkun数据制作\20141201视频捕捉\制作\1362384151_t@5860.jpg 609,279,94,81 858,185,236,217
F:\huangkun数据制作\20141201视频捕捉\制作\1362384151_t@5880.jpg 182,233,288,263 882,169,301,262
F:\huangkun数据制作\20141201视频捕捉\制作\1362384151_t@5900.jpg 312,207,253,228 651,243,94,86 893,107,386,330
F:\huangkun数据制作\20141201视频捕捉\制作\1362384151_t@5920.jpg 420,223,209,196 685,259,90,84
F:\huangkun数据制作\20141201视频捕捉\制作\1362384151_t@5940.jpg 471,242,183,159 675,268,87,80
F:\huangkun数据制作\20141201视频捕捉\制作\1362384151_t@5960.jpg 490,257,150,131 809,120,468,398
F:\huangkun数据制作\20141201视频捕捉\制作\1362384151_t@5980.jpg 484,261,129,116 664,122,564,410
F:\huangkun数据制作\20141201视频捕捉\制作\1362384151_t@6000.jpg 552,112,552,401
F:\huangkun数据制作\20141201视频捕捉\制作\1362384151_t@6020.jpg 494,120,544,396
F:\huangkun数据制作\20141201视频捕捉\制作\1362384151_t@6040.jpg 470,122,534,387
F:\huangkun数据制作\20141201视频捕捉\制作\1362384151_t@6060.jpg 1078,284,118,109 458,127,511,371
F:\huangkun数据制作\20141201视频捕捉\制作\1362384151_t@6080.jpg 465,128,489,362 1071,286,117,109
F:\huangkun数据制作\20141201视频捕捉\制作\1362384151_t@6100.jpg 459,135,459,336 1032,282,114,99
F:\huangkun数据制作\20141201视频捕捉\制作\1362384151_t@6120.jpg 479,137,410,332 1002,286,104,93
F:\huangkun数据制作\20141201视频捕捉\制作\1362384151_t@6140.jpg 498,151,373,302 990,288,91,83
F:\huangkun数据制作\20141201视频捕捉\制作\1362384151_t@6160.jpg 507,157,341,276 970,285,89,76
F:\huangkun数据制作\20141201视频捕捉\制作\1362384151_t@6180.jpg 494,161,323,273 940,283,81,73
F:\huangkun数据制作\20141201视频捕捉\制作\1362384151_t@6200.jpg 499,168,306,257 923,291,75,67
F:\huangkun数据制作\20141201视频捕捉\制作\1362384151_t@6220.jpg 502,165,299,265 906,287,66,61
F:\huangkun数据制作\20141201视频捕捉\制作\1362384151_t@6240.jpg 508,165,289,248 886,280,65,60
F:\huangkun数据制作\20141201视频捕捉\制作\1362384151_t@6260.jpg 510,169,278,241 867,280,60,57
F:\huangkun数据制作\20141201视频捕捉\制作\1362384151_t@6280.jpg 507,174,271,235 843,286,56,52
F:\huangkun数据制作\20141201视频捕捉\制作\1362384151_t@6300.jpg 499,169,277,246 812,283,56,49
F:\huangkun数据制作\20141201视频捕捉\制作\1362384151_t@6320.jpg 480,155,291,257 784,271,56,50
F:\huangkun数据制作\20141201视频捕捉\制作\1362384151_t@6340.jpg 482,153,302,264
F:\huangkun数据制作\20141201视频捕捉\制作\1362384151_t@6360.jpg 476,156,299,258 833,265,41,49
F:\huangkun数据制作\20141201视频捕捉\制作\1362384151_t@6380.jpg 483,161,290,250 846,267,48,51
F:\huangkun数据制作\20141201视频捕捉\制作\1362384151_t@6400.jpg 487,167,274,236 866,265,54,61
F:\huangkun数据制作\20141201视频捕捉\制作\1362384151_t@6420.jpg 500,175,255,223 892,268,63,67 2,201,189,249
F:\huangkun数据制作\20141201视频捕捉\制作\1362384151_t@6440.jpg 173,221,161,182 496,179,251,225 936,270,69,82
F:\huangkun数据制作\20141201视频捕捉\制作\1362384151_t@6460.jpg 283,238,130,141 499,185,247,220 1013,266,86,99
F:\huangkun数据制作\20141201视频捕捉\制作\1362384151_t@6480.jpg 346,245,112,131 506,189,239,218 1147,259,118,137
F:\huangkun数据制作\20141201视频捕捉\制作\1362384151_t@6500.jpg 371,234,103,112 502,174,235,216
F:\huangkun数据制作\20141201视频捕捉\制作\1362384151_t@6520.jpg 404,236,94,108 511,177,231,211
F:\huangkun数据制作\20141201视频捕捉\制作\1362384151_t@6540.jpg 425,244,96,106 525,187,225,208
F:\huangkun数据制作\20141201视频捕捉\制作\1362384151_t@6560.jpg 445,239,89,105 540,175,226,212
F:\huangkun数据制作\20141201视频捕捉\制作\1362384151_t@6580.jpg 455,239,82,94 544,174,237,223
F:\huangkun数据制作\20141201视频捕捉\制作\1362384151_t@6600.jpg 478,246,80,97 556,171,257,231
F:\huangkun数据制作\20141201视频捕捉\制作\1362384151_t@6620.jpg 576,257,82,85 663,176,276,244
F:\huangkun数据制作\20141201视频捕捉\制作\1362384151_t@6640.jpg 688,259,85,91 828,169,330,275
F:\huangkun数据制作\20141201视频捕捉\制作\1362384151_t@6660.jpg 725,262,88,100 978,161,300,313
F:\huangkun数据制作\20141201视频捕捉\制作\1362384151_t@6680.jpg 701,258,88,97
F:\huangkun数据制作\20141201视频捕捉\制作\1362384151_t@6700.jpg 643,248,99,119
F:\huangkun数据制作\20141201视频捕捉\制作\1362384151_t@6720.jpg 616,235,111,125 934,152,180,260
F:\huangkun数据制作\20141201视频捕捉\制作\1362384151_t@6740.jpg 600,225,125,142 1001,112,223,318
F:\huangkun数据制作\20141201视频捕捉\制作\1362384151_t@6760.jpg 578,222,136,161 826,269,105,95
F:\huangkun数据制作\20141201视频捕捉\制作\1362384151_t@6780.jpg 546,222,147,167 822,269,114,101
F:\huangkun数据制作\20141201视频捕捉\制作\1362384151_t@6800.jpg 526,227,154,170 830,276,125,111
F:\huangkun数据制作\20141201视频捕捉\制作\1362384151_t@6820.jpg 509,224,167,186 855,275,150,133
F:\huangkun数据制作\20141201视频捕捉\制作\1362384151_t@6840.jpg 501,216,177,208 902,276,184,154 1064,271,66,57
F:\huangkun数据制作\20141201视频捕捉\制作\1362384151_t@6860.jpg 492,217,185,211 983,281,224,195
F:\huangkun数据制作\20141201视频捕捉\制作\1362384151_t@6880.jpg 489,215,193,220 723,259,46,57 780,258,84,92
F:\huangkun数据制作\20141201视频捕捉\制作\1362384151_t@6900.jpg 493,212,197,229 734,258,44,59 795,256,86,95 943,292,165,124
F:\huangkun数据制作\20141201视频捕捉\制作\1362384151_t@6920.jpg 498,210,205,229 742,258,51,63 807,258,85,98 987,291,175,145
F:\huangkun数据制作\20141201视频捕捉\制作\1362384151_t@6940.jpg 501,211,212,233 811,257,90,100 1021,293,190,155 745,260,50,61
F:\huangkun数据制作\20141201视频捕捉\制作\1362384151_t@6960.jpg 514,218,209,229 746,263,50,60 825,260,78,98 1059,300,208,165
F:\huangkun数据制作\20141201视频捕捉\制作\1362384151_t@6980.jpg 527,213,209,232 749,262,49,60 823,259,83,95 1094,296,185,179
F:\huangkun数据制作\20141201视频捕捉\制作\1362384151_t@7000.jpg 535,211,210,235 751,259,49,63 822,260,80,97
F:\huangkun数据制作\20141201视频捕捉\制作\1362384151_t@7020.jpg 534,219,207,225 742,260,48,63 809,261,80,93 1103,300,176,184
F:\huangkun数据制作\20141201视频捕捉\制作\1362384151_t@7040.jpg 524,219,202,217 727,264,48,60 793,261,74,90 1065,301,211,175
F:\huangkun数据制作\20141201视频捕捉\制作\1362384151_t@7060.jpg 501,221,194,212 700,264,53,58 766,260,70,94 1020,300,217,176
F:\huangkun数据制作\20141201视频捕捉\制作\1362384151_t@7080.jpg 482,223,188,204 742,261,78,91 993,297,220,178
F:\huangkun数据制作\20141201视频捕捉\制作\1362384151_t@7100.jpg 469,224,182,201 732,261,77,90 992,297,221,189
F:\huangkun数据制作\20141201视频捕捉\制作\1362384151_t@7120.jpg 439,224,171,194 702,259,81,93 956,298,233,199
F:\huangkun数据制作\20141201视频捕捉\制作\1362384151_t@7140.jpg 414,221,162,183 679,258,83,97 920,296,235,192
F:\huangkun数据制作\20141201视频捕捉\制作\1362384151_t@7160.jpg 384,223,157,169 643,254,84,97 866,293,241,198
F:\huangkun数据制作\20141201视频捕捉\制作\1362384151_t@7180.jpg 368,233,140,156 616,257,82,95 723,270,57,45 816,299,249,203
F:\huangkun数据制作\20141201视频捕捉\制作\1362384151_t@7200.jpg 336,231,136,152 587,253,88,105 755,294,268,220
F:\huangkun数据制作\20141201视频捕捉\制作\1362384151_t@7220.jpg 315,236,136,141 574,250,88,108 720,297,282,232
F:\huangkun数据制作\20141201视频捕捉\制作\1362384151_t@7240.jpg 314,229,127,139 459,267,59,50 569,245,97,108 678,291,320,261
F:\huangkun数据制作\20141201视频捕捉\制作\1362384151_t@7260.jpg 326,235,116,129 459,267,56,52 568,251,93,107 635,297,348,279
F:\huangkun数据制作\20141201视频捕捉\制作\1362384151_t@7280.jpg 335,238,107,121 593,299,346,287 914,290,212,157
F:\huangkun数据制作\20141201视频捕捉\制作\1362384151_t@7300.jpg 349,237,103,113 535,297,358,289 927,289,246,187
F:\huangkun数据制作\20141201视频捕捉\制作\1362384151_t@7320.jpg 370,243,94,104 487,300,343,270 962,289,284,217
F:\huangkun数据制作\20141201视频捕捉\制作\1362384151_t@7340.jpg 396,246,89,97 463,295,317,261 723,273,53,38 1027,292,252,242
F:\huangkun数据制作\20141201视频捕捉\制作\1362384151_t@7360.jpg 424,246,88,100 478,296,303,256 892,275,149,121 745,277,53,38
F:\huangkun数据制作\20141201视频捕捉\制作\1362384151_t@7380.jpg 445,249,91,91 498,296,299,248 917,275,157,130
F:\huangkun数据制作\20141201视频捕捉\制作\1362384151_t@7400.jpg 458,250,88,93 521,294,291,247 934,279,162,136
F:\huangkun数据制作\20141201视频捕捉\制作\1362384151_t@7420.jpg 530,292,303,249 949,276,170,142
F:\huangkun数据制作\20141201视频捕捉\制作\1362384151_t@7440.jpg 484,245,110,131 554,293,312,258 969,270,180,150
F:\huangkun数据制作\20141201视频捕捉\制作\1362384151_t@7460.jpg 453,245,113,127 568,292,327,265 984,268,187,157
F:\huangkun数据制作\20141201视频捕捉\制作\1362384151_t@7480.jpg 427,245,121,139 602,296,323,273 997,275,191,161
F:\huangkun数据制作\20141201视频捕捉\制作\1362384151_t@7500.jpg 394,244,118,135 597,299,326,267 980,276,195,163
F:\huangkun数据制作\20141201视频捕捉\制作\1362384151_t@7520.jpg 356,247,117,135 573,298,321,266 963,276,189,169
F:\huangkun数据制作\20141201视频捕捉\制作\1362384151_t@7540.jpg 316,244,123,134 542,295,313,266 943,277,187,161
F:\huangkun数据制作\20141201视频捕捉\制作\1362384151_t@7560.jpg 288,246,127,132 513,294,311,255 916,275,199,166
F:\huangkun数据制作\20141201视频捕捉\制作\1362384151_t@7580.jpg 266,250,126,134 498,298,297,240 902,280,198,162
F:\huangkun数据制作\20141201视频捕捉\制作\1362384151_t@7600.jpg 243,245,137,138 484,291,291,238 905,275,200,169
F:\huangkun数据制作\20141201视频捕捉\制作\1362384151_t@7640.jpg 220,247,143,153 401,253,85,93 478,293,266,216 899,278,215,171
F:\huangkun数据制作\20141201视频捕捉\制作\1362384151_t@7660.jpg 223,246,145,154 423,255,82,93 482,297,270,219 736,282,49,39 921,276,232,186
F:\huangkun数据制作\20141201视频捕捉\制作\1362384151_t@7680.jpg 227,239,149,166 443,249,79,100 493,293,274,230 750,279,51,41 961,272,244,201
F:\huangkun数据制作\20141201视频捕捉\制作\1362384151_t@7700.jpg 227,240,153,165 457,253,78,85 500,295,275,224 752,282,43,37 985,278,265,209
F:\huangkun数据制作\20141201视频捕捉\制作\1362384151_t@7720.jpg 216,245,159,162 465,255,71,84 511,294,263,221 1001,277,278,224
F:\huangkun数据制作\20141201视频捕捉\制作\1362384151_t@7740.jpg 215,247,155,157 467,254,69,85 521,294,248,211 867,257,110,108 1029,276,250,229
F:\huangkun数据制作\20141201视频捕捉\制作\1362384151_t@7760.jpg 233,239,142,157 474,253,67,76 533,292,227,184 864,262,100,100
F:\huangkun数据制作\20141201视频捕捉\制作\1362384151_t@7780.jpg 251,247,137,146 476,260,66,72 549,294,202,167 853,262,91,101 1032,281,247,210
F:\huangkun数据制作\20141201视频捕捉\制作\1362384151_t@7800.jpg 267,247,132,137 480,257,61,78 551,291,188,156 834,263,90,97 1007,279,244,198
F:\huangkun数据制作\20141201视频捕捉\制作\1362384151_t@7820.jpg 291,249,123,133 483,262,61,66 557,292,172,149 825,263,86,92 995,279,226,183
F:\huangkun数据制作\20141201视频捕捉\制作\1362384151_t@7840.jpg 305,255,115,119 481,265,61,67 546,293,175,139 812,265,85,93 968,281,216,175
F:\huangkun数据制作\20141201视频捕捉\制作\1362384151_t@7860.jpg 310,253,111,122 479,262,56,67 543,291,176,148 802,265,90,88 946,280,203,172
F:\huangkun数据制作\20141201视频捕捉\制作\1362384151_t@7880.jpg 310,253,111,121 542,292,176,149 798,266,90,93 941,284,188,164 710,282,40,35
F:\huangkun数据制作\20141201视频捕捉\制作\1362384151_t@7900.jpg 303,252,104,117 471,259,55,63 528,289,182,152 702,280,42,32 792,260,89,93 915,277,201,165
F:\huangkun数据制作\20141201视频捕捉\制作\1362384151_t@7920.jpg 299,254,108,113 468,259,56,67 525,291,186,151 702,280,43,32 794,258,86,97 911,279,202,166
F:\huangkun数据制作\20141201视频捕捉\制作\1362384151_t@7940.jpg 310,253,103,117 532,291,183,156 719,281,41,33 804,260,101,97 919,278,207,174
F:\huangkun数据制作\20141201视频捕捉\制作\1362384151_t@7960.jpg 314,251,108,116 500,260,64,73 531,288,184,153 692,248,40,55 815,256,103,98 934,274,227,181
F:\huangkun数据制作\20141201视频捕捉\制作\1362384151_t@7980.jpg 318,254,103,117 482,261,64,77 533,290,186,157 695,252,40,57 828,260,107,102 744,283,41,31 973,280,245,194
F:\huangkun数据制作\20141201视频捕捉\制作\1362384151_t@8000.jpg 309,255,110,116 471,262,58,74 525,296,191,153 699,253,39,57 749,286,43,31 843,260,109,110 1018,279,259,224
F:\huangkun数据制作\20141201视频捕捉\制作\1362384151_t@8020.jpg 307,250,112,116 464,262,62,74 531,291,195,159 704,252,41,57 759,282,43,32 865,257,114,116
F:\huangkun数据制作\20141201视频捕捉\制作\1362384151_t@8040.jpg 281,248,112,126 451,259,61,75 516,290,202,166 699,248,41,63 758,283,37,31 874,254,122,132
F:\huangkun数据制作\20141201视频捕捉\制作\1362384151_t@8060.jpg 259,244,121,140 446,255,65,82 521,289,198,165 698,249,42,62 756,283,37,33 895,254,129,137
F:\huangkun数据制作\20141201视频捕捉\制作\1362384151_t@8080.jpg 240,249,127,136 452,261,61,76 528,293,198,168 700,252,45,62 760,288,36,26 922,256,139,144
F:\huangkun数据制作\20141201视频捕捉\制作\1362384151_t@8100.jpg 221,240,135,154 457,258,62,82 536,289,199,166 706,248,42,61 765,284,34,27 946,249,151,155
F:\huangkun数据制作\20141201视频捕捉\制作\1362384151_t@8120.jpg 199,247,143,151 454,262,65,76 531,291,195,162 698,251,42,63 960,249,155,163
F:\huangkun数据制作\20141201视频捕捉\制作\1362384151_t@8140.jpg 177,240,148,156 453,260,62,75 526,287,193,160 688,249,47,62 958,242,173,177
F:\huangkun数据制作\20141201视频捕捉\制作\1362384151_t@8160.jpg 175,245,144,156 457,265,66,76 530,293,187,155 695,252,44,60 983,246,177,183
F:\huangkun数据制作\20141201视频捕捉\制作\1362384151_t@8180.jpg 156,237,150,159 449,257,64,75 525,290,190,162 687,245,45,65 999,237,193,206
F:\huangkun数据制作\20141201视频捕捉\制作\1362384151_t@8200.jpg 157,241,155,158 462,261,58,78 525,289,194,159 698,246,48,68 1040,232,215,227
F:\huangkun数据制作\20141201视频捕捉\制作\1362384151_t@8220.jpg 144,239,148,166 446,265,61,77 511,292,197,166 689,247,48,72 1069,229,209,251
F:\huangkun数据制作\20141201视频捕捉\制作\1362384151_t@8240.jpg 131,236,155,158 440,260,60,74 509,287,199,156 685,244,53,69
F:\huangkun数据制作\20141201视频捕捉\制作\1362384151_t@8260.jpg 159,253,150,172 471,277,61,75 528,303,205,175 712,261,49,68
F:\huangkun数据制作\20141201视频捕捉\制作\1362384151_t@8280.jpg 152,243,144,159 464,263,52,69 514,295,213,177 698,245,50,69
F:\huangkun数据制作\20141201视频捕捉\制作\1362384151_t@8300.jpg 149,231,146,157 460,257,55,66 503,285,220,179 691,236,50,74
F:\huangkun数据制作\20141201视频捕捉\制作\1362384151_t@8320.jpg 185,246,141,150 475,264,56,63 516,290,210,179 699,245,54,71
F:\huangkun数据制作\20141201视频捕捉\制作\1362384151_t@8340.jpg 199,249,134,148 476,269,47,61 499,296,201,171 693,248,49,74
F:\huangkun数据制作\20141201视频捕捉\制作\1362384151_t@8360.jpg 229,246,126,136 480,265,51,62
F:\huangkun数据制作\20141201视频捕捉\制作\1362384151_t@8380.jpg 276,254,119,123 499,268,48,64 511,292,197,164 696,242,58,76
F:\huangkun数据制作\20141201视频捕捉\制作\1362384151_t@8400.jpg 297,253,114,122 500,270,50,57 506,293,199,171 697,240,54,78
F:\huangkun数据制作\20141201视频捕捉\制作\1362384151_t@8420.jpg 312,252,110,120 502,269,47,54 507,291,198,165
F:\huangkun数据制作\20141201视频捕捉\制作\1362384151_t@8440.jpg 322,248,100,116 501,288,201,170
F:\huangkun数据制作\20141201视频捕捉\制作\1362384151_t@8460.jpg 324,254,100,108 492,294,208,171
F:\huangkun数据制作\20141201视频捕捉\制作\1362384151_t@8480.jpg 319,254,95,101 472,294,216,180
F:\huangkun数据制作\20141201视频捕捉\制作\1362384151_t@8500.jpg 246,249,99,107 372,291,232,188
F:\huangkun数据制作\20141201视频捕捉\制作\1362384151_t@8520.jpg 199,255,96,105 246,296,269,215 469,182,118,168
F:\huangkun数据制作\20141201视频捕捉\制作\1362384151_t@8540.jpg 48,291,336,270 422,168,129,183
F:\huangkun数据制作\20141201视频捕捉\制作\1362384151_t@8560.jpg 369,153,146,207
F:\huangkun数据制作\20141201视频捕捉\制作\1362384151_t@8580.jpg 310,131,175,241
F:\huangkun数据制作\20141201视频捕捉\制作\1362384151_t@8600.jpg 204,95,230,295
F:\huangkun数据制作\20141201视频捕捉\制作\1362384151_t@8620.jpg 24,20,310,397 440,191,102,142
F:\huangkun数据制作\20141201视频捕捉\制作\1362384151_t@8640.jpg 413,182,120,155
F:\huangkun数据制作\20141201视频捕捉\制作\1362384151_t@8660.jpg 297,251,69,78 373,163,133,183 524,271,58,52 586,269,41,39
F:\huangkun数据制作\20141201视频捕捉\制作\1362384151_t@8680.jpg 237,245,83,91 319,145,153,212 516,273,57,57 583,269,48,41
F:\huangkun数据制作\20141201视频捕捉\制作\1362384151_t@8700.jpg 243,109,193,261 497,270,69,58 583,268,50,45
F:\huangkun数据制作\20141201视频捕捉\制作\1362384151_t@8720.jpg 114,63,255,332 478,270,78,70 579,268,54,47
F:\huangkun数据制作\20141201视频捕捉\制作\1362384151_t@8740.jpg 426,259,47,48 465,269,86,72 578,266,60,54
F:\huangkun数据制作\20141201视频捕捉\制作\1362384151_t@8760.jpg 411,254,52,50 455,266,95,83 579,262,66,60
F:\huangkun数据制作\20141201视频捕捉\制作\1362384151_t@8780.jpg 377,249,56,60 437,262,109,96 575,258,69,65
F:\huangkun数据制作\20141201视频捕捉\制作\1362384151_t@8800.jpg 128,255,95,86 344,245,65,69 428,258,122,104 572,254,80,76
F:\huangkun数据制作\20141201视频捕捉\制作\1362384151_t@8820.jpg 12,266,115,105 294,250,71,78 415,268,131,117 569,264,80,74
F:\huangkun数据制作\20141201视频捕捉\制作\1362384151_t@8840.jpg 254,246,89,99 427,265,145,133 583,262,88,84
F:\huangkun数据制作\20141201视频捕捉\制作\1362384151_t@8860.jpg 178,239,103,114 420,264,162,147 586,261,88,93
F:\huangkun数据制作\20141201视频捕捉\制作\1362384151_t@8880.jpg 94,235,121,131 418,267,180,161 592,260,89,95
F:\huangkun数据制作\20141201视频捕捉\制作\1362384151_t@8900.jpg 1,234,121,142 340,271,105,95 415,269,193,175 596,260,94,105
F:\huangkun数据制作\20141201视频捕捉\制作\1362384151_t@8920.jpg 302,266,114,98 399,261,215,192
F:\huangkun数据制作\20141201视频捕捉\制作\1362384151_t@8940.jpg 281,271,123,115 386,266,239,206
F:\huangkun数据制作\20141201视频捕捉\制作\1362384151_t@8960.jpg 258,271,140,120 377,266,263,213
F:\huangkun数据制作\20141201视频捕捉\制作\1362384151_t@8980.jpg 239,272,143,124 384,262,277,230
F:\huangkun数据制作\20141201视频捕捉\制作\1362384151_t@9000.jpg 219,273,153,136 385,265,291,250
F:\huangkun数据制作\20141201视频捕捉\制作\1362384151_t@9020.jpg 190,267,168,147 386,260,307,269
F:\huangkun数据制作\20141201视频捕捉\制作\1362384151_t@9040.jpg 170,263,181,152 397,259,313,276
F:\huangkun数据制作\20141201视频捕捉\制作\1362384151_t@9060.jpg 147,266,188,160 404,261,305,262 856,250,154,157
F:\huangkun数据制作\20141201视频捕捉\制作\1362384151_t@9080.jpg 144,276,175,153 421,266,293,249 782,265,106,103
F:\huangkun数据制作\20141201视频捕捉\制作\1362384151_t@9100.jpg 123,272,178,156 421,273,273,235 359,159,143,194 747,268,76,82
F:\huangkun数据制作\20141201视频捕捉\制作\1362384151_t@9120.jpg 118,275,180,156 355,159,140,192 436,266,269,234 723,270,69,63
F:\huangkun数据制作\20141201视频捕捉\制作\1362384151_t@9140.jpg 113,272,185,162 358,155,141,199 448,266,273,232 717,270,57,55
F:\huangkun数据制作\20141201视频捕捉\制作\1362384151_t@9160.jpg 99,274,196,168 361,153,148,206 460,269,264,231 714,273,51,43
F:\huangkun数据制作\20141201视频捕捉\制作\1362384151_t@9180.jpg 99,271,199,176 368,150,144,197 481,264,262,232
F:\huangkun数据制作\20141201视频捕捉\制作\1362384151_t@9200.jpg 97,264,202,179 373,150,144,199 494,264,254,220
F:\huangkun数据制作\20141201视频捕捉\制作\1362384151_t@9220.jpg 81,267,211,179 360,150,150,205 508,267,237,211
F:\huangkun数据制作\20141201视频捕捉\制作\1362384151_t@9240.jpg 78,277,217,177 362,156,146,200 527,276,222,192
F:\huangkun数据制作\20141201视频捕捉\制作\1362384151_t@9260.jpg 71,271,213,196 354,154,151,203 538,272,213,187
F:\huangkun数据制作\20141201视频捕捉\制作\1362384151_t@9280.jpg 38,272,228,192 352,157,150,196 553,268,199,184
F:\huangkun数据制作\20141201视频捕捉\制作\1362384151_t@9300.jpg 2,271,220,213 342,149,152,208 544,273,201,183
F:\huangkun数据制作\20141201视频捕捉\制作\1362384151_t@9320.jpg 334,145,154,207 543,269,205,187
F:\huangkun数据制作\20141201视频捕捉\制作\1362384151_t@9340.jpg 335,141,154,216 548,267,206,178
F:\huangkun数据制作\20141201视频捕捉\制作\1362384151_t@9360.jpg 336,144,155,209 552,271,197,178
F:\huangkun数据制作\20141201视频捕捉\制作\1362384151_t@9380.jpg 209,274,85,69 338,146,156,214 559,274,192,169
F:\huangkun数据制作\20141201视频捕捉\制作\1362384151_t@9400.jpg 220,266,81,73 334,139,157,220 564,264,181,173
F:\huangkun数据制作\20141201视频捕捉\制作\1362384151_t@9420.jpg 221,273,88,71 327,139,157,226 562,274,182,160
F:\huangkun数据制作\20141201视频捕捉\制作\1362384151_t@9440.jpg 222,272,81,70 307,134,166,226 565,271,172,160
F:\huangkun数据制作\20141201视频捕捉\制作\1362384151_t@9460.jpg 211,273,77,64 283,128,175,236 554,271,172,156
F:\huangkun数据制作\20141201视频捕捉\制作\1362384151_t@9480.jpg 262,120,180,251 553,274,175,158
F:\huangkun数据制作\20141201视频捕捉\制作\1362384151_t@9500.jpg 234,104,186,261 456,176,83,145 545,263,178,161
F:\huangkun数据制作\20141201视频捕捉\制作\1362384151_t@9520.jpg 210,103,198,276 133,270,91,79 444,180,82,145 545,272,175,158
F:\huangkun数据制作\20141201视频捕捉\制作\1362384151_t@9540.jpg 105,272,92,83 193,94,209,288 443,179,99,148 559,270,173,155 985,267,260,236
F:\huangkun数据制作\20141201视频捕捉\制作\1362384151_t@9560.jpg 61,269,106,89 172,83,217,296 443,172,95,154 558,268,181,160 848,268,154,148
F:\huangkun数据制作\20141201视频捕捉\制作\1362384151_t@9580.jpg 17,266,109,98 143,71,234,313 434,168,99,157 562,266,183,166 793,271,109,105
F:\huangkun数据制作\20141201视频捕捉\制作\1362384151_t@9600.jpg 129,67,236,324 436,169,94,157 562,269,187,172 761,272,80,79
F:\huangkun数据制作\20141201视频捕捉\制作\1362384151_t@9620.jpg 118,61,243,333 440,166,92,159 570,268,184,168 745,274,63,62
F:\huangkun数据制作\20141201视频捕捉\制作\1362384151_t@9640.jpg 119,64,243,331 437,170,105,158 575,268,184,165
F:\huangkun数据制作\20141201视频捕捉\制作\1362384151_t@9660.jpg 109,59,250,344 435,166,101,167 575,269,181,165
F:\huangkun数据制作\20141201视频捕捉\制作\1362384151_t@9680.jpg 111,56,258,346 436,166,99,169 577,271,182,161
F:\huangkun数据制作\20141201视频捕捉\制作\1362384151_t@9700.jpg 113,56,264,351 454,164,93,170 595,274,173,165
F:\huangkun数据制作\20141201视频捕捉\制作\1362384151_t@9720.jpg 91,42,272,362 432,156,104,179 585,269,185,166
F:\huangkun数据制作\20141201视频捕捉\制作\1362384151_t@9740.jpg 56,32,283,379 422,156,102,187 578,273,190,168
F:\huangkun数据制作\20141201视频捕捉\制作\1362384151_t@9760.jpg 18,19,304,396 397,142,110,202 571,268,192,175
