F:\huangkun数据制作\20141201视频捕捉\制作\1362909815_t@0.jpg 582,276,333,301
F:\huangkun数据制作\20141201视频捕捉\制作\1362909815_t@20.jpg 581,282,316,287
F:\huangkun数据制作\20141201视频捕捉\制作\1362909815_t@40.jpg 563,281,320,287
F:\huangkun数据制作\20141201视频捕捉\制作\1362909815_t@60.jpg 549,279,316,282
F:\huangkun数据制作\20141201视频捕捉\制作\1362909815_t@80.jpg 523,270,322,291
F:\huangkun数据制作\20141201视频捕捉\制作\1362909815_t@100.jpg 518,269,317,289
F:\huangkun数据制作\20141201视频捕捉\制作\1362909815_t@120.jpg 512,265,313,289
F:\huangkun数据制作\20141201视频捕捉\制作\1362909815_t@140.jpg 501,267,323,282
F:\huangkun数据制作\20141201视频捕捉\制作\1362909815_t@160.jpg 496,266,324,289
F:\huangkun数据制作\20141201视频捕捉\制作\1362909815_t@180.jpg 487,263,332,293
F:\huangkun数据制作\20141201视频捕捉\制作\1362909815_t@200.jpg 485,266,327,293
F:\huangkun数据制作\20141201视频捕捉\制作\1362909815_t@220.jpg 472,265,337,302
F:\huangkun数据制作\20141201视频捕捉\制作\1362909815_t@240.jpg 460,265,342,301 762,164,253,291
F:\huangkun数据制作\20141201视频捕捉\制作\1362909815_t@260.jpg 449,263,357,319 758,158,276,308
F:\huangkun数据制作\20141201视频捕捉\制作\1362909815_t@280.jpg 422,253,388,345 771,150,281,324
F:\huangkun数据制作\20141201视频捕捉\制作\1362909815_t@300.jpg 405,250,414,369 773,140,296,349
F:\huangkun数据制作\20141201视频捕捉\制作\1362909815_t@320.jpg 395,247,427,383 774,134,302,353
F:\huangkun数据制作\20141201视频捕捉\制作\1362909815_t@340.jpg 390,244,439,400 774,134,306,348
F:\huangkun数据制作\20141201视频捕捉\制作\1362909815_t@360.jpg 386,247,436,388 778,135,300,342
F:\huangkun数据制作\20141201视频捕捉\制作\1362909815_t@400.jpg 384,244,446,396 776,137,304,341
F:\huangkun数据制作\20141201视频捕捉\制作\1362909815_t@420.jpg 347,238,441,398 743,131,298,351
F:\huangkun数据制作\20141201视频捕捉\制作\1362909815_t@440.jpg 302,241,447,398 706,138,294,344
F:\huangkun数据制作\20141201视频捕捉\制作\1362909815_t@460.jpg 231,225,450,401 644,138,293,341
F:\huangkun数据制作\20141201视频捕捉\制作\1362909815_t@480.jpg 303,233,452,408 710,133,301,344
F:\huangkun数据制作\20141201视频捕捉\制作\1362909815_t@500.jpg 314,236,439,402 706,135,301,352
F:\huangkun数据制作\20141201视频捕捉\制作\1362909815_t@520.jpg 309,236,448,402 708,136,294,349
F:\huangkun数据制作\20141201视频捕捉\制作\1362909815_t@540.jpg 314,240,440,396 708,138,298,347
F:\huangkun数据制作\20141201视频捕捉\制作\1362909815_t@560.jpg 317,237,436,394 713,140,288,339
F:\huangkun数据制作\20141201视频捕捉\制作\1362909815_t@580.jpg 309,236,446,397 714,138,289,342
F:\huangkun数据制作\20141201视频捕捉\制作\1362909815_t@600.jpg 315,238,438,398 706,138,297,345
F:\huangkun数据制作\20141201视频捕捉\制作\1362909815_t@620.jpg 315,239,438,394 709,134,294,352
F:\huangkun数据制作\20141201视频捕捉\制作\1362909815_t@640.jpg 311,240,444,396 708,138,295,343
F:\huangkun数据制作\20141201视频捕捉\制作\1362909815_t@660.jpg 312,237,443,390 709,136,296,340
F:\huangkun数据制作\20141201视频捕捉\制作\1362909815_t@680.jpg 317,236,442,404 710,135,294,343
F:\huangkun数据制作\20141201视频捕捉\制作\1362909815_t@700.jpg 318,237,437,394 710,141,297,342
F:\huangkun数据制作\20141201视频捕捉\制作\1362909815_t@780.jpg 311,239,445,391 712,150,290,328
F:\huangkun数据制作\20141201视频捕捉\制作\1362909815_t@800.jpg 308,241,442,390 719,158,269,301
F:\huangkun数据制作\20141201视频捕捉\制作\1362909815_t@820.jpg 314,242,445,389 729,162,246,293
F:\huangkun数据制作\20141201视频捕捉\制作\1362909815_t@840.jpg 311,239,446,400 731,176,230,271
F:\huangkun数据制作\20141201视频捕捉\制作\1362909815_t@860.jpg 319,240,430,377 730,192,207,242
F:\huangkun数据制作\20141201视频捕捉\制作\1362909815_t@880.jpg 333,246,409,373 726,208,181,221
F:\huangkun数据制作\20141201视频捕捉\制作\1362909815_t@900.jpg 333,255,399,348 721,218,169,198
F:\huangkun数据制作\20141201视频捕捉\制作\1362909815_t@920.jpg 349,258,373,338 712,236,149,183
F:\huangkun数据制作\20141201视频捕捉\制作\1362909815_t@940.jpg 707,237,136,171 350,259,363,334
F:\huangkun数据制作\20141201视频捕捉\制作\1362909815_t@960.jpg 336,257,380,338 699,245,127,151
F:\huangkun数据制作\20141201视频捕捉\制作\1362909815_t@980.jpg 918,319,114,97 687,241,125,149 301,238,431,382
F:\huangkun数据制作\20141201视频捕捉\制作\1362909815_t@1000.jpg 258,234,489,426 692,245,113,144 911,323,104,96
F:\huangkun数据制作\20141201视频捕捉\制作\1362909815_t@1020.jpg 191,211,576,497 880,313,98,85
F:\huangkun数据制作\20141201视频捕捉\制作\1362909815_t@1040.jpg 173,203,596,505 842,318,89,80
F:\huangkun数据制作\20141201视频捕捉\制作\1362909815_t@1060.jpg 173,192,583,512 806,312,77,71
F:\huangkun数据制作\20141201视频捕捉\制作\1362909815_t@1080.jpg 205,207,527,465 765,310,77,65 1062,319,156,137
F:\huangkun数据制作\20141201视频捕捉\制作\1362909815_t@1100.jpg 245,251,448,383 732,323,63,56 954,326,126,117
F:\huangkun数据制作\20141201视频捕捉\制作\1362909815_t@1120.jpg 295,271,363,315 704,330,55,57 871,334,103,93
F:\huangkun数据制作\20141201视频捕捉\制作\1362909815_t@1140.jpg 326,284,311,271 676,342,56,47 814,339,88,87
F:\huangkun数据制作\20141201视频捕捉\制作\1362909815_t@1160.jpg 353,276,284,250 666,329,50,45 773,327,78,70 1061,331,177,142
F:\huangkun数据制作\20141201视频捕捉\制作\1362909815_t@1180.jpg 396,276,265,236 750,322,75,72 824,324,63,59 1006,325,154,134
F:\huangkun数据制作\20141201视频捕捉\制作\1362909815_t@1200.jpg 458,278,245,229 743,323,69,59 818,325,62,48 970,317,144,124
F:\huangkun数据制作\20141201视频捕捉\制作\1362909815_t@1220.jpg 464,291,220,191 694,331,62,58 769,337,61,49 886,328,128,108
F:\huangkun数据制作\20141201视频捕捉\制作\1362909815_t@1280.jpg 444,302,175,158 740,334,95,86 974,340,113,96
F:\huangkun数据制作\20141201视频捕捉\制作\1362909815_t@1300.jpg 474,299,162,157 750,331,96,85 972,335,116,98
F:\huangkun数据制作\20141201视频捕捉\制作\1362909815_t@1320.jpg 495,305,153,142 764,340,86,77 969,348,110,95
F:\huangkun数据制作\20141201视频捕捉\制作\1362909815_t@1340.jpg 505,312,149,134 775,344,85,74 967,350,108,91
F:\huangkun数据制作\20141201视频捕捉\制作\1362909815_t@1360.jpg 508,319,144,130 787,348,82,66 722,349,46,33 965,352,109,90
F:\huangkun数据制作\20141201视频捕捉\制作\1362909815_t@1380.jpg 490,313,146,135 794,348,80,66 966,350,110,91
F:\huangkun数据制作\20141201视频捕捉\制作\1362909815_t@1400.jpg 471,291,148,141 617,314,96,88 805,320,82,73 975,326,113,95
F:\huangkun数据制作\20141201视频捕捉\制作\1362909815_t@1420.jpg 457,297,160,140 632,321,102,92 824,329,80,74 994,332,120,105
F:\huangkun数据制作\20141201视频捕捉\制作\1362909815_t@1440.jpg 449,294,161,147 643,320,109,95 827,328,77,70 1010,331,124,110
F:\huangkun数据制作\20141201视频捕捉\制作\1362909815_t@1460.jpg 439,295,153,143 642,318,114,99 817,324,79,74 1005,331,127,111
F:\huangkun数据制作\20141201视频捕捉\制作\1362909815_t@1480.jpg 450,296,150,133 661,315,116,110 825,327,79,67 1015,334,138,112
F:\huangkun数据制作\20141201视频捕捉\制作\1362909815_t@1500.jpg 477,307,144,121 690,325,123,111 844,333,80,71 1042,338,142,119
F:\huangkun数据制作\20141201视频捕捉\制作\1362909815_t@1520.jpg 487,300,127,118 693,317,132,121 850,328,78,72 1044,329,146,125
F:\huangkun数据制作\20141201视频捕捉\制作\1362909815_t@1540.jpg 443,305,124,109 652,321,146,127 809,331,75,70 993,336,151,122
F:\huangkun数据制作\20141201视频捕捉\制作\1362909815_t@1560.jpg 397,304,120,103 610,315,153,143 766,327,75,67 938,328,148,134
F:\huangkun数据制作\20141201视频捕捉\制作\1362909815_t@1580.jpg 393,298,109,102 580,310,179,149 760,319,77,68 909,319,152,130
F:\huangkun数据制作\20141201视频捕捉\制作\1362909815_t@1600.jpg 399,307,107,96 566,311,200,172 759,326,73,67 897,328,145,132
F:\huangkun数据制作\20141201视频捕捉\制作\1362909815_t@1620.jpg 411,303,105,89 567,305,218,193 884,325,148,122
F:\huangkun数据制作\20141201视频捕捉\制作\1362909815_t@1640.jpg 430,302,102,92 582,308,257,223 879,327,142,128
F:\huangkun数据制作\20141201视频捕捉\制作\1362909815_t@1660.jpg 445,307,92,90 660,305,288,239
F:\huangkun数据制作\20141201视频捕捉\制作\1362909815_t@1700.jpg 484,307,92,86 564,321,138,116 753,326,85,74
F:\huangkun数据制作\20141201视频捕捉\制作\1362909815_t@1720.jpg 561,319,144,131 753,329,86,72 927,325,195,167
F:\huangkun数据制作\20141201视频捕捉\制作\1362909815_t@1740.jpg 548,318,159,138 747,323,89,80 939,322,215,181
F:\huangkun数据制作\20141201视频捕捉\制作\1362909815_t@1760.jpg 538,315,168,150 960,319,230,197
F:\huangkun数据制作\20141201视频捕捉\制作\1362909815_t@1780.jpg 990,324,256,222 542,316,183,156 745,326,90,81
F:\huangkun数据制作\20141201视频捕捉\制作\1362909815_t@1800.jpg 536,311,193,166 739,320,93,85 1011,315,267,223
F:\huangkun数据制作\20141201视频捕捉\制作\1362909815_t@1840.jpg 522,312,213,184 746,325,97,86
F:\huangkun数据制作\20141201视频捕捉\制作\1362909815_t@1860.jpg 514,308,218,198 754,322,97,87
F:\huangkun数据制作\20141201视频捕捉\制作\1362909815_t@1880.jpg 513,310,233,195 768,319,108,96
F:\huangkun数据制作\20141201视频捕捉\制作\1362909815_t@1900.jpg 514,305,241,215
F:\huangkun数据制作\20141201视频捕捉\制作\1362909815_t@1920.jpg 502,307,252,209 779,319,117,100
F:\huangkun数据制作\20141201视频捕捉\制作\1362909815_t@1940.jpg 503,305,245,214 777,317,127,108
F:\huangkun数据制作\20141201视频捕捉\制作\1362909815_t@1960.jpg 516,311,238,196 796,321,131,108
F:\huangkun数据制作\20141201视频捕捉\制作\1362909815_t@1980.jpg 511,310,240,199 801,321,140,119
F:\huangkun数据制作\20141201视频捕捉\制作\1362909815_t@2000.jpg 498,313,256,209 811,320,156,126
F:\huangkun数据制作\20141201视频捕捉\制作\1362909815_t@2020.jpg 483,300,292,239 833,310,171,150
F:\huangkun数据制作\20141201视频捕捉\制作\1362909815_t@2040.jpg 465,297,340,274 854,311,180,154
F:\huangkun数据制作\20141201视频捕捉\制作\1362909815_t@2060.jpg 453,299,376,304 864,312,188,159
F:\huangkun数据制作\20141201视频捕捉\制作\1362909815_t@2080.jpg 453,299,387,330 872,314,189,158
F:\huangkun数据制作\20141201视频捕捉\制作\1362909815_t@2100.jpg 450,299,394,328
F:\huangkun数据制作\20141201视频捕捉\制作\1362909815_t@2120.jpg 453,300,391,337
F:\huangkun数据制作\20141201视频捕捉\制作\1362909815_t@2140.jpg 454,301,391,337
F:\huangkun数据制作\20141201视频捕捉\制作\1362909815_t@2160.jpg 446,301,403,331
F:\huangkun数据制作\20141201视频捕捉\制作\1362909815_t@3180.jpg 452,303,383,316
F:\huangkun数据制作\20141201视频捕捉\制作\1362909815_t@3200.jpg 460,302,360,306
F:\huangkun数据制作\20141201视频捕捉\制作\1362909815_t@3220.jpg 465,306,341,284
F:\huangkun数据制作\20141201视频捕捉\制作\1362909815_t@3240.jpg 470,310,319,254
F:\huangkun数据制作\20141201视频捕捉\制作\1362909815_t@3260.jpg 490,311,278,235 804,325,149,126
F:\huangkun数据制作\20141201视频捕捉\制作\1362909815_t@3280.jpg 493,323,266,222 780,336,128,114
F:\huangkun数据制作\20141201视频捕捉\制作\1362909815_t@3300.jpg 499,327,254,211 761,340,120,100
F:\huangkun数据制作\20141201视频捕捉\制作\1362909815_t@3320.jpg 496,310,253,216 750,324,111,99
F:\huangkun数据制作\20141201视频捕捉\制作\1362909815_t@3340.jpg 506,306,234,203 742,321,106,95
F:\huangkun数据制作\20141201视频捕捉\制作\1362909815_t@3360.jpg 507,317,216,188 732,324,97,95
F:\huangkun数据制作\20141201视频捕捉\制作\1362909815_t@3380.jpg 507,323,206,174 726,334,95,82 1003,330,273,242
F:\huangkun数据制作\20141201视频捕捉\制作\1362909815_t@3400.jpg 514,323,201,166 727,332,92,83 817,337,72,62 1003,332,273,234
F:\huangkun数据制作\20141201视频捕捉\制作\1362909815_t@3420.jpg 518,311,196,171 724,321,89,81
F:\huangkun数据制作\20141201视频捕捉\制作\1362909815_t@3440.jpg 524,307,191,169 731,319,90,78
F:\huangkun数据制作\20141201视频捕捉\制作\1362909815_t@3460.jpg 535,322,181,153 744,329,86,79
F:\huangkun数据制作\20141201视频捕捉\制作\1362909815_t@3480.jpg 542,325,173,153 748,334,89,77
F:\huangkun数据制作\20141201视频捕捉\制作\1362909815_t@3500.jpg 535,328,177,152 754,338,86,75 1023,330,255,254
F:\huangkun数据制作\20141201视频捕捉\制作\1362909815_t@3520.jpg 537,326,175,154 760,335,94,79 1042,325,234,260
F:\huangkun数据制作\20141201视频捕捉\制作\1362909815_t@3540.jpg 513,316,181,155 759,325,99,85
F:\huangkun数据制作\20141201视频捕捉\制作\1362909815_t@3580.jpg 514,317,189,166 807,325,121,106
F:\huangkun数据制作\20141201视频捕捉\制作\1362909815_t@3600.jpg 527,316,185,161 840,324,133,119
F:\huangkun数据制作\20141201视频捕捉\制作\1362909815_t@3620.jpg 532,312,186,157 867,322,140,122
F:\huangkun数据制作\20141201视频捕捉\制作\1362909815_t@3640.jpg 537,323,186,158 883,331,153,134 1155,348,80,70
F:\huangkun数据制作\20141201视频捕捉\制作\1362909815_t@3660.jpg 538,320,194,166 909,332,160,141
F:\huangkun数据制作\20141201视频捕捉\制作\1362909815_t@3680.jpg 533,317,205,171 929,327,170,148
F:\huangkun数据制作\20141201视频捕捉\制作\1362909815_t@3700.jpg 541,313,207,183 944,324,180,153
F:\huangkun数据制作\20141201视频捕捉\制作\1362909815_t@3720.jpg 529,313,213,184 937,323,189,163
F:\huangkun数据制作\20141201视频捕捉\制作\1362909815_t@3740.jpg 531,316,205,178 915,322,191,161
F:\huangkun数据制作\20141201视频捕捉\制作\1362909815_t@3780.jpg 515,318,194,167 832,324,168,147
F:\huangkun数据制作\20141201视频捕捉\制作\1362909815_t@3820.jpg 496,315,199,170 797,319,155,140
F:\huangkun数据制作\20141201视频捕捉\制作\1362909815_t@3840.jpg 484,314,212,178 792,321,157,133
F:\huangkun数据制作\20141201视频捕捉\制作\1362909815_t@3860.jpg 474,314,223,186 786,321,144,125
F:\huangkun数据制作\20141201视频捕捉\制作\1362909815_t@3880.jpg 485,310,232,204 789,320,141,125
F:\huangkun数据制作\20141201视频捕捉\制作\1362909815_t@3900.jpg 489,312,239,207 790,324,141,129
F:\huangkun数据制作\20141201视频捕捉\制作\1362909815_t@3920.jpg 496,312,249,211 799,320,137,121
F:\huangkun数据制作\20141201视频捕捉\制作\1362909815_t@3980.jpg 504,307,248,207 818,320,145,118
F:\huangkun数据制作\20141201视频捕捉\制作\1362909815_t@4000.jpg 497,309,245,200 820,318,142,123
F:\huangkun数据制作\20141201视频捕捉\制作\1362909815_t@4020.jpg 503,307,244,206 837,319,141,122
F:\huangkun数据制作\20141201视频捕捉\制作\1362909815_t@4040.jpg 497,310,242,203 844,322,141,129
F:\huangkun数据制作\20141201视频捕捉\制作\1362909815_t@4060.jpg 487,305,240,210 842,319,142,126
F:\huangkun数据制作\20141201视频捕捉\制作\1362909815_t@4080.jpg 470,304,247,203 845,318,138,122
F:\huangkun数据制作\20141201视频捕捉\制作\1362909815_t@4100.jpg 469,314,241,204 850,325,144,122
F:\huangkun数据制作\20141201视频捕捉\制作\1362909815_t@4120.jpg 449,309,244,203 848,320,140,125
F:\huangkun数据制作\20141201视频捕捉\制作\1362909815_t@4140.jpg 445,311,236,191 701,306,53,69 845,320,140,118
F:\huangkun数据制作\20141201视频捕捉\制作\1362909815_t@4160.jpg 422,303,235,197 687,300,58,73 830,315,137,124
F:\huangkun数据制作\20141201视频捕捉\制作\1362909815_t@4180.jpg 392,307,230,196 669,305,60,77 805,320,134,116
F:\huangkun数据制作\20141201视频捕捉\制作\1362909815_t@4200.jpg 378,310,224,187 660,304,63,80 793,321,141,121
F:\huangkun数据制作\20141201视频捕捉\制作\1362909815_t@4220.jpg 401,312,215,184 679,304,60,82 810,321,144,132
F:\huangkun数据制作\20141201视频捕捉\制作\1362909815_t@4240.jpg 427,306,212,186 696,299,65,81 833,315,147,127
F:\huangkun数据制作\20141201视频捕捉\制作\1362909815_t@4260.jpg 438,310,203,175 699,303,63,83 841,317,156,136
F:\huangkun数据制作\20141201视频捕捉\制作\1362909815_t@4280.jpg 453,308,192,166 705,302,66,88 862,317,160,138
F:\huangkun数据制作\20141201视频捕捉\制作\1362909815_t@4300.jpg 454,312,185,161 696,301,67,97 872,321,164,139
F:\huangkun数据制作\20141201视频捕捉\制作\1362909815_t@4320.jpg 464,311,171,150 696,303,75,95 887,321,163,140
F:\huangkun数据制作\20141201视频捕捉\制作\1362909815_t@4340.jpg 479,317,162,143 704,302,73,98 913,319,171,149
F:\huangkun数据制作\20141201视频捕捉\制作\1362909815_t@4360.jpg 487,321,157,127 704,303,81,104 931,328,187,157
F:\huangkun数据制作\20141201视频捕捉\制作\1362909815_t@4380.jpg 505,323,150,127 730,302,82,107 873,327,55,48 991,326,208,168
F:\huangkun数据制作\20141201视频捕捉\制作\1362909815_t@4400.jpg 513,319,148,128 658,325,58,53 750,299,86,119 921,330,66,57 1081,325,196,178
F:\huangkun数据制作\20141201视频捕捉\制作\1362909815_t@4420.jpg 517,317,154,129 674,324,58,52 780,290,98,134 994,326,77,58
F:\huangkun数据制作\20141201视频捕捉\制作\1362909815_t@4440.jpg 499,311,158,137 670,323,56,49 796,283,116,151 1082,321,100,80
F:\huangkun数据制作\20141201视频捕捉\制作\1362909815_t@4460.jpg 488,314,162,145 668,320,61,60 834,276,136,180
F:\huangkun数据制作\20141201视频捕捉\制作\1362909815_t@4480.jpg 472,310,180,155 665,320,61,58 891,265,165,217
F:\huangkun数据制作\20141201视频捕捉\制作\1362909815_t@4500.jpg 466,311,190,161 665,324,59,53 968,242,226,278
F:\huangkun数据制作\20141201视频捕捉\制作\1362909815_t@4520.jpg 461,311,197,170 658,322,62,60
F:\huangkun数据制作\20141201视频捕捉\制作\1362909815_t@4540.jpg 450,312,215,182 647,324,63,57
F:\huangkun数据制作\20141201视频捕捉\制作\1362909815_t@4560.jpg 451,310,223,188
F:\huangkun数据制作\20141201视频捕捉\制作\1362909815_t@4580.jpg 451,308,229,198
F:\huangkun数据制作\20141201视频捕捉\制作\1362909815_t@4600.jpg 1148,315,90,76 469,314,229,199
F:\huangkun数据制作\20141201视频捕捉\制作\1362909815_t@4620.jpg 498,310,229,197
F:\huangkun数据制作\20141201视频捕捉\制作\1362909815_t@4640.jpg 522,310,224,191
F:\huangkun数据制作\20141201视频捕捉\制作\1362909815_t@4660.jpg 527,319,214,180
F:\huangkun数据制作\20141201视频捕捉\制作\1362909815_t@4680.jpg 490,325,75,60 557,323,203,173
F:\huangkun数据制作\20141201视频捕捉\制作\1362909815_t@4700.jpg 487,324,80,64 593,323,207,179
F:\huangkun数据制作\20141201视频捕捉\制作\1362909815_t@4720.jpg 478,324,75,65 569,329,53,45 618,323,204,175
F:\huangkun数据制作\20141201视频捕捉\制作\1362909815_t@4740.jpg 497,324,83,65 584,327,53,52 683,320,196,176
F:\huangkun数据制作\20141201视频捕捉\制作\1362909815_t@4780.jpg 539,328,76,63 823,330,242,196
F:\huangkun数据制作\20141201视频捕捉\制作\1362909815_t@4820.jpg 545,315,82,71 938,315,277,234
F:\huangkun数据制作\20141201视频捕捉\制作\1362909815_t@4840.jpg 552,315,87,72 963,310,284,242
F:\huangkun数据制作\20141201视频捕捉\制作\1362909815_t@4900.jpg 548,319,96,76 946,317,260,214
F:\huangkun数据制作\20141201视频捕捉\制作\1362909815_t@4920.jpg 907,315,246,210 536,320,93,77 770,279,79,96
F:\huangkun数据制作\20141201视频捕捉\制作\1362909815_t@4940.jpg 539,316,90,83 894,318,223,197 483,320,54,47
F:\huangkun数据制作\20141201视频捕捉\制作\1362909815_t@4960.jpg 484,323,48,48 537,320,94,75 870,321,218,194
F:\huangkun数据制作\20141201视频捕捉\制作\1362909815_t@4980.jpg 484,323,51,44 541,322,95,81 863,322,200,183
F:\huangkun数据制作\20141201视频捕捉\制作\1362909815_t@5000.jpg 858,322,194,176 547,320,100,83 488,322,51,45
F:\huangkun数据制作\20141201视频捕捉\制作\1362909815_t@5020.jpg 482,322,49,45 546,320,101,85 853,324,184,166
F:\huangkun数据制作\20141201视频捕捉\制作\1362909815_t@5040.jpg 474,322,50,45 538,320,109,88 847,322,180,163
F:\huangkun数据制作\20141201视频捕捉\制作\1362909815_t@5060.jpg 464,322,49,43 529,320,112,91 639,324,66,61 844,322,187,166
F:\huangkun数据制作\20141201视频捕捉\制作\1362909815_t@5080.jpg 463,322,50,46 521,318,120,102 660,324,72,66 859,323,195,172
F:\huangkun数据制作\20141201视频捕捉\制作\1362909815_t@5100.jpg 500,311,138,113 684,322,84,74 906,318,218,188
F:\huangkun数据制作\20141201视频捕捉\制作\1362909815_t@5120.jpg 493,314,154,118 720,323,95,83
F:\huangkun数据制作\20141201视频捕捉\制作\1362909815_t@5140.jpg 493,309,167,133 755,322,125,102
F:\huangkun数据制作\20141201视频捕捉\制作\1362909815_t@5160.jpg 504,316,177,144 828,326,134,118
F:\huangkun数据制作\20141201视频捕捉\制作\1362909815_t@5180.jpg 521,307,181,148 912,322,171,146
F:\huangkun数据制作\20141201视频捕捉\制作\1362909815_t@5200.jpg 522,312,199,163 1020,326,230,182 2,291,225,208
F:\huangkun数据制作\20141201视频捕捉\制作\1362909815_t@5220.jpg 50,297,220,178 531,311,215,175 908,322,147,131
F:\huangkun数据制作\20141201视频捕捉\制作\1362909815_t@5240.jpg 158,295,184,154 501,315,49,48 585,304,248,202 991,313,179,156
F:\huangkun数据制作\20141201视频捕捉\制作\1362909815_t@5260.jpg 300,308,152,124 546,322,52,46 681,310,313,241
F:\huangkun数据制作\20141201视频捕捉\制作\1362909815_t@5280.jpg 3,266,326,323 558,320,47,47 769,300,413,315
F:\huangkun数据制作\20141201视频捕捉\制作\1362909815_t@5300.jpg 225,272,234,228 729,325,63,57
F:\huangkun数据制作\20141201视频捕捉\制作\1362909815_t@5320.jpg 357,291,175,157 716,320,69,57
F:\huangkun数据制作\20141201视频捕捉\制作\1362909815_t@5340.jpg 438,311,129,114 715,328,69,59
F:\huangkun数据制作\20141201视频捕捉\制作\1362909815_t@5360.jpg 474,311,107,101 703,326,66,60
F:\huangkun数据制作\20141201视频捕捉\制作\1362909815_t@5380.jpg 491,314,90,85 689,325,64,61
F:\huangkun数据制作\20141201视频捕捉\制作\1362909815_t@5400.jpg 178,301,257,206 489,315,81,74 660,321,65,63 804,303,445,333
F:\huangkun数据制作\20141201视频捕捉\制作\1362909815_t@5420.jpg 311,312,183,152 700,313,344,267
F:\huangkun数据制作\20141201视频捕捉\制作\1362909815_t@5440.jpg 341,320,150,119 639,319,288,228
F:\huangkun数据制作\20141201视频捕捉\制作\1362909815_t@5460.jpg 347,323,135,100 608,319,253,205
F:\huangkun数据制作\20141201视频捕捉\制作\1362909815_t@5480.jpg 355,316,121,95 591,309,240,199 872,308,126,118 2,301,199,207
F:\huangkun数据制作\20141201视频捕捉\制作\1362909815_t@5500.jpg 61,308,213,177 360,317,109,98 579,314,228,179 920,309,143,133
F:\huangkun数据制作\20141201视频捕捉\制作\1362909815_t@5520.jpg 124,313,189,156 362,322,106,90 563,322,219,173
F:\huangkun数据制作\20141201视频捕捉\制作\1362909815_t@5540.jpg 1070,300,205,183 560,311,210,177 362,315,102,86 152,310,182,146
F:\huangkun数据制作\20141201视频捕捉\制作\1362909815_t@5580.jpg 120,304,177,142 548,310,234,196 800,317,126,107
F:\huangkun数据制作\20141201视频捕捉\制作\1362909815_t@5600.jpg 105,306,185,148 330,316,110,101 446,317,66,68 576,313,256,202 857,326,140,115
F:\huangkun数据制作\20141201视频捕捉\制作\1362909815_t@5620.jpg 49,302,204,162 575,310,275,212 894,325,152,130 424,315,72,65 296,312,119,102
F:\huangkun数据制作\20141201视频捕捉\制作\1362909815_t@5640.jpg 1,300,212,179 265,312,142,109 421,314,76,67 586,309,276,215 946,325,171,141
F:\huangkun数据制作\20141201视频捕捉\制作\1362909815_t@5680.jpg 162,309,177,144 398,316,88,79 567,326,69,58 617,315,242,193 1089,331,188,172
F:\huangkun数据制作\20141201视频捕捉\制作\1362909815_t@5700.jpg 117,308,206,156 411,314,95,81 596,324,66,60 680,316,213,177
F:\huangkun数据制作\20141201视频捕捉\制作\1362909815_t@5720.jpg 41,302,243,191 615,324,73,63 720,317,204,158
F:\huangkun数据制作\20141201视频捕捉\制作\1362909815_t@5740.jpg 0,303,252,231 655,328,73,69 776,319,179,149
F:\huangkun数据制作\20141201视频捕捉\制作\1362909815_t@5760.jpg 447,306,130,116 810,318,185,155
F:\huangkun数据制作\20141201视频捕捉\制作\1362909815_t@5780.jpg 462,305,142,127 847,318,190,156
F:\huangkun数据制作\20141201视频捕捉\制作\1362909815_t@5800.jpg 475,302,168,150 903,316,209,161
F:\huangkun数据制作\20141201视频捕捉\制作\1362909815_t@5820.jpg 484,303,184,175
F:\huangkun数据制作\20141201视频捕捉\制作\1362909815_t@5840.jpg 456,300,230,197
F:\huangkun数据制作\20141201视频捕捉\制作\1362909815_t@5860.jpg 450,298,251,229
F:\huangkun数据制作\20141201视频捕捉\制作\1362909815_t@5880.jpg 435,293,283,246
F:\huangkun数据制作\20141201视频捕捉\制作\1362909815_t@5900.jpg 430,283,302,269
F:\huangkun数据制作\20141201视频捕捉\制作\1362909815_t@5920.jpg 425,282,312,270
F:\huangkun数据制作\20141201视频捕捉\制作\1362909815_t@5940.jpg 418,282,323,280
F:\huangkun数据制作\20141201视频捕捉\制作\1362909815_t@5960.jpg 422,279,320,286
F:\huangkun数据制作\20141201视频捕捉\制作\1362909815_t@7500.jpg 417,283,320,272
F:\huangkun数据制作\20141201视频捕捉\制作\1362909815_t@7520.jpg 433,285,287,255
F:\huangkun数据制作\20141201视频捕捉\制作\1362909815_t@7540.jpg 451,291,242,213
F:\huangkun数据制作\20141201视频捕捉\制作\1362909815_t@7560.jpg 458,300,206,187
F:\huangkun数据制作\20141201视频捕捉\制作\1362909815_t@7580.jpg 449,308,177,163 868,333,135,121
F:\huangkun数据制作\20141201视频捕捉\制作\1362909815_t@7600.jpg 429,309,153,142 849,333,117,114
F:\huangkun数据制作\20141201视频捕捉\制作\1362909815_t@7620.jpg 400,315,143,138 846,339,115,102
F:\huangkun数据制作\20141201视频捕捉\制作\1362909815_t@7640.jpg 383,301,130,126 888,325,115,102 1016,331,97,83
F:\huangkun数据制作\20141201视频捕捉\制作\1362909815_t@7660.jpg 370,300,133,121 972,326,110,99 1088,336,87,74
F:\huangkun数据制作\20141201视频捕捉\制作\1362909815_t@7680.jpg 381,317,126,117 1099,344,111,99
F:\huangkun数据制作\20141201视频捕捉\制作\1362909815_t@7700.jpg 406,322,115,113
F:\huangkun数据制作\20141201视频捕捉\制作\1362909815_t@7720.jpg 413,320,114,119
F:\huangkun数据制作\20141201视频捕捉\制作\1362909815_t@7740.jpg 411,306,118,113
F:\huangkun数据制作\20141201视频捕捉\制作\1362909815_t@7760.jpg 442,293,119,115
F:\huangkun数据制作\20141201视频捕捉\制作\1362909815_t@7800.jpg 476,307,127,114
F:\huangkun数据制作\20141201视频捕捉\制作\1362909815_t@7840.jpg 446,294,128,120 723,321,60,58
F:\huangkun数据制作\20141201视频捕捉\制作\1362909815_t@7860.jpg 460,300,122,113 779,321,80,68
F:\huangkun数据制作\20141201视频捕捉\制作\1362909815_t@7880.jpg 477,307,112,107 838,324,88,79
F:\huangkun数据制作\20141201视频捕捉\制作\1362909815_t@7900.jpg 476,315,100,101 878,328,105,98
F:\huangkun数据制作\20141201视频捕捉\制作\1362909815_t@7920.jpg 500,324,96,98 975,339,149,125
F:\huangkun数据制作\20141201视频捕捉\制作\1362909815_t@7940.jpg 507,312,85,91
F:\huangkun数据制作\20141201视频捕捉\制作\1362909815_t@7960.jpg 494,299,92,85
F:\huangkun数据制作\20141201视频捕捉\制作\1362909815_t@7980.jpg 503,319,80,78
F:\huangkun数据制作\20141201视频捕捉\制作\1362909815_t@8000.jpg 502,319,75,76
F:\huangkun数据制作\20141201视频捕捉\制作\1362909815_t@8040.jpg 452,315,79,72 1030,303,162,152
F:\huangkun数据制作\20141201视频捕捉\制作\1362909815_t@8060.jpg 840,342,87,83 449,331,76,71
F:\huangkun数据制作\20141201视频捕捉\制作\1362909815_t@8080.jpg 463,325,70,67 955,329,123,108
F:\huangkun数据制作\20141201视频捕捉\制作\1362909815_t@8100.jpg 485,324,72,67
F:\huangkun数据制作\20141201视频捕捉\制作\1362909815_t@8120.jpg 509,317,72,67 925,328,105,84
F:\huangkun数据制作\20141201视频捕捉\制作\1362909815_t@8140.jpg 527,326,68,60 643,315,46,57 1119,331,158,120
F:\huangkun数据制作\20141201视频捕捉\制作\1362909815_t@8160.jpg 893,336,82,66 664,313,46,56 555,323,66,66
F:\huangkun数据制作\20141201视频捕捉\制作\1362909815_t@8180.jpg 569,325,67,62 673,311,49,62 1016,336,114,88
F:\huangkun数据制作\20141201视频捕捉\制作\1362909815_t@8200.jpg 580,323,61,62 676,309,51,65
F:\huangkun数据制作\20141201视频捕捉\制作\1362909815_t@8220.jpg 590,325,61,57 686,305,54,68
F:\huangkun数据制作\20141201视频捕捉\制作\1362909815_t@8240.jpg 590,324,63,59 688,301,58,75
F:\huangkun数据制作\20141201视频捕捉\制作\1362909815_t@8260.jpg 587,329,65,64 692,304,63,78
F:\huangkun数据制作\20141201视频捕捉\制作\1362909815_t@8280.jpg 968,340,85,66 1107,344,113,94 841,341,52,43 700,302,66,85 584,328,67,64
F:\huangkun数据制作\20141201视频捕捉\制作\1362909815_t@8300.jpg 570,324,70,64 697,292,76,102 895,336,65,55 1149,336,129,107
F:\huangkun数据制作\20141201视频捕捉\制作\1362909815_t@8320.jpg 575,321,70,64 718,283,84,102 1021,330,98,76
F:\huangkun数据制作\20141201视频捕捉\制作\1362909815_t@8360.jpg 557,315,74,72 735,264,107,131 993,332,83,71
F:\huangkun数据制作\20141201视频捕捉\制作\1362909815_t@8380.jpg 560,318,74,68 760,255,124,157
F:\huangkun数据制作\20141201视频捕捉\制作\1362909815_t@8400.jpg 780,243,146,180 1030,330,102,81 561,316,71,70
F:\huangkun数据制作\20141201视频捕捉\制作\1362909815_t@8420.jpg 554,315,72,68 789,225,183,219 1098,329,107,107
F:\huangkun数据制作\20141201视频捕捉\制作\1362909815_t@8440.jpg 836,204,214,261 564,318,71,66
F:\huangkun数据制作\20141201视频捕捉\制作\1362909815_t@8460.jpg 899,167,266,320 576,314,67,65
F:\huangkun数据制作\20141201视频捕捉\制作\1362909815_t@8480.jpg 596,322,68,68 677,330,40,35
F:\huangkun数据制作\20141201视频捕捉\制作\1362909815_t@8500.jpg 612,318,63,59
F:\huangkun数据制作\20141201视频捕捉\制作\1362909815_t@8520.jpg 629,315,61,57 837,324,43,38
F:\huangkun数据制作\20141201视频捕捉\制作\1362909815_t@8540.jpg 650,311,60,57 888,321,53,47
F:\huangkun数据制作\20141201视频捕捉\制作\1362909815_t@8560.jpg 655,327,57,57 954,338,65,60
F:\huangkun数据制作\20141201视频捕捉\制作\1362909815_t@8580.jpg 645,326,61,54 1071,340,97,81
F:\huangkun数据制作\20141201视频捕捉\制作\1362909815_t@8640.jpg 639,320,55,55 737,328,51,45
F:\huangkun数据制作\20141201视频捕捉\制作\1362909815_t@8660.jpg 623,318,64,57 732,324,52,50
F:\huangkun数据制作\20141201视频捕捉\制作\1362909815_t@8680.jpg 631,315,63,57 747,323,56,52
F:\huangkun数据制作\20141201视频捕捉\制作\1362909815_t@8700.jpg 639,323,59,56 763,333,61,57
F:\huangkun数据制作\20141201视频捕捉\制作\1362909815_t@8720.jpg 632,315,63,59 760,326,69,62
F:\huangkun数据制作\20141201视频捕捉\制作\1362909815_t@8740.jpg 645,317,63,58 782,323,76,66
F:\huangkun数据制作\20141201视频捕捉\制作\1362909815_t@8760.jpg 645,314,61,59 790,324,87,81
F:\huangkun数据制作\20141201视频捕捉\制作\1362909815_t@8780.jpg 817,329,97,86 651,317,70,63
F:\huangkun数据制作\20141201视频捕捉\制作\1362909815_t@8800.jpg 673,318,69,63 859,325,115,99
F:\huangkun数据制作\20141201视频捕捉\制作\1362909815_t@8820.jpg 689,320,65,65 906,329,137,119
F:\huangkun数据制作\20141201视频捕捉\制作\1362909815_t@8840.jpg 696,317,73,67 963,328,167,143
F:\huangkun数据制作\20141201视频捕捉\制作\1362909815_t@8860.jpg 701,318,70,67 1029,329,210,175
F:\huangkun数据制作\20141201视频捕捉\制作\1362909815_t@8880.jpg 715,316,69,63
F:\huangkun数据制作\20141201视频捕捉\制作\1362909815_t@8900.jpg 728,320,68,62
F:\huangkun数据制作\20141201视频捕捉\制作\1362909815_t@8920.jpg 716,322,65,63
F:\huangkun数据制作\20141201视频捕捉\制作\1362909815_t@8940.jpg 717,318,74,62
F:\huangkun数据制作\20141201视频捕捉\制作\1362909815_t@8960.jpg 714,321,69,62
F:\huangkun数据制作\20141201视频捕捉\制作\1362909815_t@8980.jpg 710,330,69,59
F:\huangkun数据制作\20141201视频捕捉\制作\1362909815_t@9000.jpg 698,328,70,61
