F:\huangkun数据制作\20141201视频捕捉\制作\1363323851@0.jpg 1068,289,98,81 820,295,44,35
F:\huangkun数据制作\20141201视频捕捉\制作\1363323851@20.jpg 859,288,50,48
F:\huangkun数据制作\20141201视频捕捉\制作\1363323851@40.jpg 908,294,66,56
F:\huangkun数据制作\20141201视频捕捉\制作\1363323851@60.jpg 1013,291,88,76
F:\huangkun数据制作\20141201视频捕捉\制作\1363323851@140.jpg 752,291,37,34
F:\huangkun数据制作\20141201视频捕捉\制作\1363323851@160.jpg 769,297,42,37
F:\huangkun数据制作\20141201视频捕捉\制作\1363323851@180.jpg 799,297,47,43
F:\huangkun数据制作\20141201视频捕捉\制作\1363323851@200.jpg 842,295,52,48
F:\huangkun数据制作\20141201视频捕捉\制作\1363323851@220.jpg 894,291,69,60 749,295,44,39
F:\huangkun数据制作\20141201视频捕捉\制作\1363323851@240.jpg 981,293,84,74 778,299,50,43
F:\huangkun数据制作\20141201视频捕捉\制作\1363323851@260.jpg 1114,290,118,96 817,297,57,50
F:\huangkun数据制作\20141201视频捕捉\制作\1363323851@280.jpg 869,294,71,60
F:\huangkun数据制作\20141201视频捕捉\制作\1363323851@300.jpg 939,289,87,78
F:\huangkun数据制作\20141201视频捕捉\制作\1363323851@320.jpg 1044,290,107,96
F:\huangkun数据制作\20141201视频捕捉\制作\1363323851@340.jpg 559,290,39,35 521,280,30,34
F:\huangkun数据制作\20141201视频捕捉\制作\1363323851@360.jpg 554,294,45,39 635,296,44,39 767,294,41,32 516,284,32,39
F:\huangkun数据制作\20141201视频捕捉\制作\1363323851@380.jpg 425,294,41,33 511,278,35,39 551,287,51,45 641,289,44,42 695,289,40,34 777,288,46,36
F:\huangkun数据制作\20141201视频捕捉\制作\1363323851@400.jpg 499,294,36,31 590,277,33,45 632,288,50,48 724,289,49,46
F:\huangkun数据制作\20141201视频捕捉\制作\1363323851@420.jpg 813,268,38,45 865,276,64,54 973,277,56,50 1034,275,46,42 1146,270,51,48
F:\huangkun数据制作\20141201视频捕捉\制作\1363323851@520.jpg 375,267,48,61
F:\huangkun数据制作\20141201视频捕捉\制作\1363323851@540.jpg 517,249,50,67
F:\huangkun数据制作\20141201视频捕捉\制作\1363323851@560.jpg 666,237,55,79
F:\huangkun数据制作\20141201视频捕捉\制作\1363323851@680.jpg 730,295,69,69
F:\huangkun数据制作\20141201视频捕捉\制作\1363323851@700.jpg 936,306,86,79
F:\huangkun数据制作\20141201视频捕捉\制作\1363323851@720.jpg 1117,300,109,99
F:\huangkun数据制作\20141201视频捕捉\制作\1363323851@1120.jpg 391,300,45,38
F:\huangkun数据制作\20141201视频捕捉\制作\1363323851@1140.jpg 114,291,93,75 299,274,47,55
F:\huangkun数据制作\20141201视频捕捉\制作\1363323851@1160.jpg 101,290,95,80
F:\huangkun数据制作\20141201视频捕捉\制作\1363323851@1180.jpg 105,298,96,79 253,298,57,58
F:\huangkun数据制作\20141201视频捕捉\制作\1363323851@1200.jpg 109,293,93,76 374,257,59,68
F:\huangkun数据制作\20141201视频捕捉\制作\1363323851@1220.jpg 287,289,57,48
F:\huangkun数据制作\20141201视频捕捉\制作\1363323851@1240.jpg 119,296,100,76 464,294,40,34
F:\huangkun数据制作\20141201视频捕捉\制作\1363323851@1260.jpg 412,261,55,69 490,294,42,36
F:\huangkun数据制作\20141201视频捕捉\制作\1363323851@1280.jpg 340,276,54,58 404,297,54,50 523,299,43,34
F:\huangkun数据制作\20141201视频捕捉\制作\1363323851@1300.jpg 161,291,62,50 270,291,94,75 391,268,50,62 484,291,48,43 580,290,41,34
F:\huangkun数据制作\20141201视频捕捉\制作\1363323851@1320.jpg 223,303,63,53 364,302,87,74 573,303,43,41
F:\huangkun数据制作\20141201视频捕捉\制作\1363323851@1340.jpg 253,292,66,58 360,287,67,69 421,296,80,70 619,293,44,42
F:\huangkun数据制作\20141201视频捕捉\制作\1363323851@1360.jpg 280,296,60,54 375,288,74,70 463,297,78,70 583,268,61,68
F:\huangkun数据制作\20141201视频捕捉\制作\1363323851@1380.jpg 273,292,64,55 356,284,76,70 467,295,72,66 561,262,63,69
F:\huangkun数据制作\20141201视频捕捉\制作\1363323851@1400.jpg 264,292,60,55 340,283,76,72 467,292,73,65 546,255,63,75
F:\huangkun数据制作\20141201视频捕捉\制作\1363323851@1420.jpg 260,294,60,54 329,285,80,75 472,296,74,65 541,260,67,74
F:\huangkun数据制作\20141201视频捕捉\制作\1363323851@1440.jpg 253,290,64,56 323,280,88,82 482,290,78,65 541,253,68,81
F:\huangkun数据制作\20141201视频捕捉\制作\1363323851@1460.jpg 338,278,91,83 512,288,71,64
F:\huangkun数据制作\20141201视频捕捉\制作\1363323851@1480.jpg 96,293,335,283 564,292,76,66
F:\huangkun数据制作\20141201视频捕捉\制作\1363323851@1500.jpg 274,295,314,269 605,294,74,59
F:\huangkun数据制作\20141201视频捕捉\制作\1363323851@1520.jpg 372,290,303,254
F:\huangkun数据制作\20141201视频捕捉\制作\1363323851@1540.jpg 358,279,116,106 425,299,292,248
F:\huangkun数据制作\20141201视频捕捉\制作\1363323851@1560.jpg 317,269,123,117 452,289,280,255
F:\huangkun数据制作\20141201视频捕捉\制作\1363323851@1580.jpg 283,271,131,125 478,293,261,238
F:\huangkun数据制作\20141201视频捕捉\制作\1363323851@1600.jpg 252,270,145,141 504,293,247,217
F:\huangkun数据制作\20141201视频捕捉\制作\1363323851@1620.jpg 61,295,118,102 213,274,165,158 531,299,225,195
F:\huangkun数据制作\20141201视频捕捉\制作\1363323851@1640.jpg 123,266,201,182 537,299,219,195
F:\huangkun数据制作\20141201视频捕捉\制作\1363323851@1660.jpg 2,258,237,241 542,297,218,196
F:\huangkun数据制作\20141201视频捕捉\制作\1363323851@1680.jpg 219,221,166,195 466,297,65,57 543,300,227,205
F:\huangkun数据制作\20141201视频捕捉\制作\1363323851@1700.jpg 145,207,204,225 469,296,70,54 539,296,232,197
F:\huangkun数据制作\20141201视频捕捉\制作\1363323851@1720.jpg 64,184,239,271 490,292,71,62 529,292,242,214
F:\huangkun数据制作\20141201视频捕捉\制作\1363323851@1740.jpg 3,169,262,307 518,293,246,213
F:\huangkun数据制作\20141201视频捕捉\制作\1363323851@1760.jpg 2,159,237,331 517,298,244,215 996,291,204,176
F:\huangkun数据制作\20141201视频捕捉\制作\1363323851@1780.jpg 501,293,44,37 519,296,246,221 920,290,171,154
F:\huangkun数据制作\20141201视频捕捉\制作\1363323851@1800.jpg 517,295,240,204 856,292,151,133
F:\huangkun数据制作\20141201视频捕捉\制作\1363323851@1820.jpg 516,294,228,192 827,292,129,122 349,296,97,84 502,295,40,34
F:\huangkun数据制作\20141201视频捕捉\制作\1363323851@1840.jpg 353,303,94,80 503,302,42,36 518,304,213,185 798,298,128,110
F:\huangkun数据制作\20141201视频捕捉\制作\1363323851@1860.jpg 498,303,46,36 518,303,193,175 789,299,116,107
F:\huangkun数据制作\20141201视频捕捉\制作\1363323851@1880.jpg 521,301,182,165 786,298,104,98 355,300,95,77 498,301,43,37
F:\huangkun数据制作\20141201视频捕捉\制作\1363323851@1900.jpg 364,304,93,75 502,301,43,41 526,303,174,153 784,298,108,97
F:\huangkun数据制作\20141201视频捕捉\制作\1363323851@1920.jpg 378,298,87,77 503,300,41,38 531,296,167,152 693,299,50,42 795,292,103,102
F:\huangkun数据制作\20141201视频捕捉\制作\1363323851@1940.jpg 379,303,83,72 496,303,44,37 529,304,160,140 723,299,55,43 795,299,109,96
F:\huangkun数据制作\20141201视频捕捉\制作\1363323851@1960.jpg 382,301,83,68 490,300,42,37 525,300,154,132 815,298,106,99
F:\huangkun数据制作\20141201视频捕捉\制作\1363323851@1980.jpg 398,298,78,71 541,296,152,134 848,295,119,106 497,299,42,35
F:\huangkun数据制作\20141201视频捕捉\制作\1363323851@2000.jpg 407,298,79,64 500,297,42,36 545,296,148,128
F:\huangkun数据制作\20141201视频捕捉\制作\1363323851@2020.jpg 412,300,80,66 501,299,43,37 553,295,143,127 818,286,406,311
F:\huangkun数据制作\20141201视频捕捉\制作\1363323851@2040.jpg 408,301,82,65 492,299,45,36 554,298,142,127 716,287,362,295
F:\huangkun数据制作\20141201视频捕捉\制作\1363323851@2060.jpg 1136,294,143,152 661,287,354,287 407,297,78,68
F:\huangkun数据制作\20141201视频捕捉\制作\1363323851@2080.jpg 399,293,79,67 486,288,46,39 613,275,356,294
F:\huangkun数据制作\20141201视频捕捉\制作\1363323851@2100.jpg 397,297,82,70 487,296,45,41 594,286,351,284
F:\huangkun数据制作\20141201视频捕捉\制作\1363323851@2120.jpg 400,295,79,73 489,290,47,42 591,281,368,301
F:\huangkun数据制作\20141201视频捕捉\制作\1363323851@2140.jpg 399,293,83,64 490,287,46,39 603,279,382,309
F:\huangkun数据制作\20141201视频捕捉\制作\1363323851@2160.jpg 400,294,75,68 482,290,47,41 600,279,395,313
F:\huangkun数据制作\20141201视频捕捉\制作\1363323851@2180.jpg 1,172,282,311 391,298,75,64 586,284,407,336 474,293,50,43
F:\huangkun数据制作\20141201视频捕捉\制作\1363323851@2200.jpg 57,183,250,282 392,297,78,68 475,292,44,43 572,283,416,337
F:\huangkun数据制作\20141201视频捕捉\制作\1363323851@2220.jpg 114,193,217,245 395,293,73,64 476,290,44,40 560,281,424,338
F:\huangkun数据制作\20141201视频捕捉\制作\1363323851@2240.jpg 160,204,196,217 549,283,397,327
F:\huangkun数据制作\20141201视频捕捉\制作\1363323851@2260.jpg 198,216,178,205 534,289,365,301
F:\huangkun数据制作\20141201视频捕捉\制作\1363323851@2280.jpg 236,225,159,183 533,292,331,269
F:\huangkun数据制作\20141201视频捕捉\制作\1363323851@2300.jpg 248,228,156,182 517,287,320,261
F:\huangkun数据制作\20141201视频捕捉\制作\1363323851@2320.jpg 252,232,157,182 507,294,317,261
F:\huangkun数据制作\20141201视频捕捉\制作\1363323851@2340.jpg 257,230,150,167 483,290,320,253
F:\huangkun数据制作\20141201视频捕捉\制作\1363323851@2360.jpg 272,229,139,164 486,288,316,248
F:\huangkun数据制作\20141201视频捕捉\制作\1363323851@2380.jpg 2,289,134,117 280,230,141,159 492,287,311,259
F:\huangkun数据制作\20141201视频捕捉\制作\1363323851@2400.jpg 17,295,137,114 289,228,136,159 494,285,309,243
F:\huangkun数据制作\20141201视频捕捉\制作\1363323851@2420.jpg 31,294,136,110 297,235,131,155 500,290,300,245
F:\huangkun数据制作\20141201视频捕捉\制作\1363323851@2440.jpg 48,293,128,110 509,287,289,244 312,236,124,145
F:\huangkun数据制作\20141201视频捕捉\制作\1363323851@2460.jpg 79,292,119,106 254,288,68,61 335,239,117,136 519,282,273,230
F:\huangkun数据制作\20141201视频捕捉\制作\1363323851@2480.jpg 98,299,112,103 348,250,112,130 514,294,254,208
F:\huangkun数据制作\20141201视频捕捉\制作\1363323851@2500.jpg 106,299,113,97 361,251,101,118 513,294,228,192
F:\huangkun数据制作\20141201视频捕捉\制作\1363323851@2520.jpg 119,296,115,94 370,250,103,115 518,289,208,182
F:\huangkun数据制作\20141201视频捕捉\制作\1363323851@2540.jpg 141,299,108,93 376,254,100,114 517,292,198,172
F:\huangkun数据制作\20141201视频捕捉\制作\1363323851@2560.jpg 159,299,104,93 381,256,92,110 517,292,182,153
F:\huangkun数据制作\20141201视频捕捉\制作\1363323851@2580.jpg 176,293,109,94 383,253,90,102 515,289,174,143
F:\huangkun数据制作\20141201视频捕捉\制作\1363323851@2600.jpg 190,292,108,97 389,253,84,105 517,289,166,140
F:\huangkun数据制作\20141201视频捕捉\制作\1363323851@2620.jpg 204,303,113,92 394,260,89,106 519,297,165,141
F:\huangkun数据制作\20141201视频捕捉\制作\1363323851@2640.jpg 203,292,115,100 389,250,90,110 521,290,166,137
F:\huangkun数据制作\20141201视频捕捉\制作\1363323851@2660.jpg 197,301,118,100 385,257,92,110 536,293,157,133
F:\huangkun数据制作\20141201视频捕捉\制作\1363323851@2680.jpg 182,302,125,110 382,257,97,114 555,294,156,134
F:\huangkun数据制作\20141201视频捕捉\制作\1363323851@2700.jpg 152,304,128,103 386,256,97,115 585,294,153,127 516,301,44,32
F:\huangkun数据制作\20141201视频捕捉\制作\1363323851@2720.jpg 92,295,140,119 368,248,107,122 509,299,46,37 600,291,147,133 894,293,56,48
F:\huangkun数据制作\20141201视频捕捉\制作\1363323851@2740.jpg 24,304,153,123 358,248,117,129 618,293,158,128
F:\huangkun数据制作\20141201视频捕捉\制作\1363323851@2760.jpg 352,249,115,131 636,296,155,132 898,299,57,46 503,303,47,42
F:\huangkun数据制作\20141201视频捕捉\制作\1363323851@2780.jpg 322,239,126,152 641,295,169,138 486,302,46,36 575,300,49,41
F:\huangkun数据制作\20141201视频捕捉\制作\1363323851@2800.jpg 288,243,145,165 475,311,45,42 568,308,49,39 662,302,186,153 896,301,59,51
F:\huangkun数据制作\20141201视频捕捉\制作\1363323851@2820.jpg 240,223,168,189 458,301,51,45 564,302,51,42 636,300,67,61 699,290,210,177
F:\huangkun数据制作\20141201视频捕捉\制作\1363323851@2840.jpg 197,204,190,216 456,301,55,40 574,298,52,42 657,292,70,66 779,278,252,215
F:\huangkun数据制作\20141201视频捕捉\制作\1363323851@2860.jpg 130,204,233,258 443,313,53,42 569,310,56,47 662,311,70,63 883,296,344,266
F:\huangkun数据制作\20141201视频捕捉\制作\1363323851@2880.jpg 49,167,288,308 450,304,49,43 587,302,55,48 687,301,72,71
F:\huangkun数据制作\20141201视频捕捉\制作\1363323851@2900.jpg 421,314,52,47 567,313,58,47 669,313,79,68
F:\huangkun数据制作\20141201视频捕捉\制作\1363323851@2920.jpg 397,297,57,48 466,293,48,43 561,292,59,51 667,293,78,68
F:\huangkun数据制作\20141201视频捕捉\制作\1363323851@2940.jpg 370,300,60,46 453,297,50,44 553,297,61,52 661,296,81,75
F:\huangkun数据制作\20141201视频捕捉\制作\1363323851@2960.jpg 38,300,116,98 342,301,55,48 443,297,52,47 546,298,63,56 648,300,92,83
F:\huangkun数据制作\20141201视频捕捉\制作\1363323851@2980.jpg 320,295,59,51 437,290,53,48 543,288,71,59 636,290,97,95
F:\huangkun数据制作\20141201视频捕捉\制作\1363323851@3000.jpg 308,292,62,51 380,291,46,36 436,287,54,49 547,287,68,59 616,291,116,101
F:\huangkun数据制作\20141201视频捕捉\制作\1363323851@3020.jpg 300,297,63,53 386,295,43,37 435,294,57,49 609,292,119,115
F:\huangkun数据制作\20141201视频捕捉\制作\1363323851@3040.jpg 298,294,65,54 433,289,62,51 599,289,143,131
F:\huangkun数据制作\20141201视频捕捉\制作\1363323851@3060.jpg 294,299,63,54 430,293,61,56 584,293,165,148
F:\huangkun数据制作\20141201视频捕捉\制作\1363323851@3080.jpg 309,287,60,51 440,285,61,53 578,282,192,161
F:\huangkun数据制作\20141201视频捕捉\制作\1363323851@3100.jpg 322,302,64,49 453,294,59,54 574,294,214,182
F:\huangkun数据制作\20141201视频捕捉\制作\1363323851@3120.jpg 337,299,58,49 459,294,62,53 564,295,227,186
F:\huangkun数据制作\20141201视频捕捉\制作\1363323851@3140.jpg 332,295,60,47 453,292,61,52 535,291,245,205
F:\huangkun数据制作\20141201视频捕捉\制作\1363323851@3160.jpg 353,300,55,47 464,294,60,54 532,298,234,208
F:\huangkun数据制作\20141201视频捕捉\制作\1363323851@3180.jpg 371,303,50,43 478,296,57,53 541,297,228,203 771,293,70,61 890,289,46,38
F:\huangkun数据制作\20141201视频捕捉\制作\1363323851@3200.jpg 371,301,53,47 472,296,57,51 538,300,215,192 799,290,67,59 883,287,50,40 0,308,115,114
F:\huangkun数据制作\20141201视频捕捉\制作\1363323851@3220.jpg 4,307,143,111 376,303,49,41 468,295,55,51 521,296,210,191 821,291,65,57 1181,282,97,90
F:\huangkun数据制作\20141201视频捕捉\制作\1363323851@3240.jpg 40,310,127,111 520,304,209,184 954,277,40,48 907,292,50,49 473,300,53,49 387,305,43,42
F:\huangkun数据制作\20141201视频捕捉\制作\1363323851@3260.jpg 64,301,129,108 388,300,45,39 467,297,55,48 507,306,204,178
F:\huangkun数据制作\20141201视频捕捉\制作\1363323851@3280.jpg 88,287,117,101 383,286,44,38 458,283,56,48 493,291,200,174 1114,253,53,64
F:\huangkun数据制作\20141201视频捕捉\制作\1363323851@3300.jpg 126,299,117,98 463,290,54,48 501,294,192,169 394,294,42,38
F:\huangkun数据制作\20141201视频捕捉\制作\1363323851@3320.jpg 147,301,107,95 390,299,45,37 453,294,51,51 505,301,184,163 974,283,72,58 1165,249,70,84
F:\huangkun数据制作\20141201视频捕捉\制作\1363323851@3340.jpg 146,295,107,88 430,292,50,47 525,295,178,155 385,294,40,32
F:\huangkun数据制作\20141201视频捕捉\制作\1363323851@3360.jpg 148,294,99,89 405,294,54,42 546,293,172,164 1043,276,95,74
F:\huangkun数据制作\20141201视频捕捉\制作\1363323851@3380.jpg 414,299,53,45 576,293,173,162
F:\huangkun数据制作\20141201视频捕捉\制作\1363323851@3400.jpg 377,303,54,44 550,299,184,165
F:\huangkun数据制作\20141201视频捕捉\制作\1363323851@3420.jpg 380,299,48,43 548,297,187,152
F:\huangkun数据制作\20141201视频捕捉\制作\1363323851@3440.jpg 384,301,48,45 554,296,180,161
F:\huangkun数据制作\20141201视频捕捉\制作\1363323851@3460.jpg 395,303,45,42 546,300,184,154
F:\huangkun数据制作\20141201视频捕捉\制作\1363323851@3480.jpg 35,174,276,310 412,303,58,42 565,300,176,159
F:\huangkun数据制作\20141201视频捕捉\制作\1363323851@3500.jpg 131,190,236,266 559,295,181,162
F:\huangkun数据制作\20141201视频捕捉\制作\1363323851@3520.jpg 186,207,210,238 556,297,168,158
F:\huangkun数据制作\20141201视频捕捉\制作\1363323851@3540.jpg 213,208,189,213 533,290,172,158
F:\huangkun数据制作\20141201视频捕捉\制作\1363323851@3560.jpg 249,209,167,200 520,286,172,160
F:\huangkun数据制作\20141201视频捕捉\制作\1363323851@3580.jpg 296,228,157,178 521,299,176,156
F:\huangkun数据制作\20141201视频捕捉\制作\1363323851@3600.jpg 340,238,142,172 517,306,175,156
F:\huangkun数据制作\20141201视频捕捉\制作\1363323851@3620.jpg 373,227,127,156 510,288,169,155 668,228,106,127
F:\huangkun数据制作\20141201视频捕捉\制作\1363323851@3640.jpg 394,241,120,151 507,300,170,150 691,228,124,137
F:\huangkun数据制作\20141201视频捕捉\制作\1363323851@3660.jpg 405,246,111,138 491,301,167,145 723,212,143,164 345,303,66,58
F:\huangkun数据制作\20141201视频捕捉\制作\1363323851@3680.jpg 341,301,67,59 417,248,109,136 496,300,163,138 771,182,193,210
F:\huangkun数据制作\20141201视频捕捉\制作\1363323851@3700.jpg 317,301,73,61 409,252,110,135 488,303,161,142 868,137,284,319
F:\huangkun数据制作\20141201视频捕捉\制作\1363323851@3720.jpg 307,301,67,59 410,249,103,134 484,302,156,136
F:\huangkun数据制作\20141201视频捕捉\制作\1363323851@3740.jpg 292,289,72,64 394,237,116,141 482,290,160,141
F:\huangkun数据制作\20141201视频捕捉\制作\1363323851@3760.jpg 282,293,69,67 378,242,121,146 487,301,162,144
F:\huangkun数据制作\20141201视频捕捉\制作\1363323851@3780.jpg 275,286,73,69 360,228,123,154 484,290,178,153
F:\huangkun数据制作\20141201视频捕捉\制作\1363323851@3800.jpg 269,288,70,65 341,232,129,152 484,291,179,162 1036,263,48,45
F:\huangkun数据制作\20141201视频捕捉\制作\1363323851@3820.jpg 330,230,131,157 483,297,181,159
F:\huangkun数据制作\20141201视频捕捉\制作\1363323851@3840.jpg 327,228,134,158 483,291,182,160 887,266,51,49 1145,259,56,53
F:\huangkun数据制作\20141201视频捕捉\制作\1363323851@3860.jpg 318,215,132,155 484,276,165,144 1196,249,59,53
F:\huangkun数据制作\20141201视频捕捉\制作\1363323851@3880.jpg 310,222,133,158 478,288,157,136
F:\huangkun数据制作\20141201视频捕捉\制作\1363323851@3900.jpg 301,227,136,154 481,291,150,132
F:\huangkun数据制作\20141201视频捕捉\制作\1363323851@3920.jpg 286,228,140,165 485,295,147,131
F:\huangkun数据制作\20141201视频捕捉\制作\1363323851@3940.jpg 269,224,148,173 489,293,146,131
F:\huangkun数据制作\20141201视频捕捉\制作\1363323851@3960.jpg 243,227,160,188 499,301,141,131
F:\huangkun数据制作\20141201视频捕捉\制作\1363323851@3980.jpg 209,218,174,204 502,303,136,125
F:\huangkun数据制作\20141201视频捕捉\制作\1363323851@4000.jpg 172,208,204,228 513,295,145,132 859,296,49,43 1010,288,68,56
F:\huangkun数据制作\20141201视频捕捉\制作\1363323851@4020.jpg 117,191,227,259 431,298,65,56 528,297,141,123 868,291,46,48 1041,285,72,59
F:\huangkun数据制作\20141201视频捕捉\制作\1363323851@4040.jpg 27,183,278,301 434,308,64,54 534,306,137,124 862,299,51,44 1067,291,73,59
F:\huangkun数据制作\20141201视频捕捉\制作\1363323851@4060.jpg 369,301,53,49 432,304,71,52 539,299,133,126 861,291,50,47 1094,283,78,66
F:\huangkun数据制作\20141201视频捕捉\制作\1363323851@4080.jpg 354,295,56,51 429,300,73,56 532,298,139,119 849,288,52,49 1119,284,83,68
F:\huangkun数据制作\20141201视频捕捉\制作\1363323851@4100.jpg 336,301,59,51 430,301,65,62 525,300,136,118 844,292,57,55 1142,284,91,75
F:\huangkun数据制作\20141201视频捕捉\制作\1363323851@4120.jpg 319,297,63,59 437,301,68,61 514,300,140,125 850,293,59,54 1168,284,100,79
F:\huangkun数据制作\20141201视频捕捉\制作\1363323851@4140.jpg 305,297,68,57 462,298,66,63 510,300,141,120 872,290,58,55 963,287,48,41 724,295,46,37
F:\huangkun数据制作\20141201视频捕捉\制作\1363323851@4160.jpg 311,307,68,65 457,312,54,49 526,305,147,127 766,299,51,41 913,286,69,62 1073,281,56,48
F:\huangkun数据制作\20141201视频捕捉\制作\1363323851@4180.jpg 313,295,70,63 559,293,148,134 969,278,79,71
F:\huangkun数据制作\20141201视频捕捉\制作\1363323851@4200.jpg 281,292,74,65 442,299,60,48 560,291,154,136 841,284,66,57 1016,273,93,86
F:\huangkun数据制作\20141201视频捕捉\制作\1363323851@4220.jpg 279,297,75,66 444,302,64,53 574,301,159,138 915,292,85,72 1147,282,117,107
F:\huangkun数据制作\20141201视频捕捉\制作\1363323851@4240.jpg 271,293,79,70 435,299,65,53 558,296,165,141 875,290,74,61 1024,283,128,98
F:\huangkun数据制作\20141201视频捕捉\制作\1363323851@4260.jpg 275,292,79,70 435,298,65,53 539,295,162,148 862,270,51,70 953,286,93,81
F:\huangkun数据制作\20141201视频捕捉\制作\1363323851@4280.jpg 287,285,72,73 439,292,66,61 532,290,167,147 913,260,70,88 1070,282,125,97
F:\huangkun数据制作\20141201视频捕捉\制作\1363323851@4300.jpg 294,293,73,67 436,298,72,63 532,299,168,147 852,291,65,54 985,263,77,105
F:\huangkun数据制作\20141201视频捕捉\制作\1363323851@4320.jpg 291,289,74,68 422,296,75,60 505,299,173,151 863,288,75,57 1053,253,93,122
F:\huangkun数据制作\20141201视频捕捉\制作\1363323851@4340.jpg 302,287,76,65 423,294,79,62 504,294,175,157 899,285,82,66 1172,247,106,137
F:\huangkun数据制作\20141201视频捕捉\制作\1363323851@4360.jpg 304,287,74,67 414,289,85,75 500,289,178,158 937,279,85,72
F:\huangkun数据制作\20141201视频捕捉\制作\1363323851@4380.jpg 318,292,73,66 413,300,90,75 522,299,180,165 990,291,97,79
F:\huangkun数据制作\20141201视频捕捉\制作\1363323851@4400.jpg 376,293,71,68 460,299,97,82 604,300,182,159 863,292,51,46 948,286,30,26 1102,287,106,94
F:\huangkun数据制作\20141201视频捕捉\制作\1363323851@4420.jpg 431,284,72,66 505,291,106,92 708,292,197,170 924,285,62,50 1033,280,33,26
F:\huangkun数据制作\20141201视频捕捉\制作\1363323851@4440.jpg 454,291,70,66 524,299,120,104 796,297,201,173 960,293,61,45 1095,288,36,31
F:\huangkun数据制作\20141201视频捕捉\制作\1363323851@4460.jpg 6,290,230,186 451,286,71,64 512,293,139,116 722,289,81,70 844,292,228,189 1031,276,39,33 1130,279,46,38
F:\huangkun数据制作\20141201视频捕捉\制作\1363323851@4480.jpg 77,288,206,164 444,282,74,67 506,293,152,128 722,287,87,82 890,289,239,208
F:\huangkun数据制作\20141201视频捕捉\制作\1363323851@4500.jpg 135,298,197,157 445,292,72,57 499,298,171,139 726,295,95,79 936,294,266,215
F:\huangkun数据制作\20141201视频捕捉\制作\1363323851@4520.jpg 192,300,173,141 442,293,70,61 495,304,182,147 734,298,96,87 974,294,300,227
F:\huangkun数据制作\20141201视频捕捉\制作\1363323851@4540.jpg 252,304,150,123 460,292,63,61 510,303,185,163 749,297,108,99
F:\huangkun数据制作\20141201视频捕捉\制作\1363323851@4560.jpg 336,298,137,118 509,286,57,58 559,296,195,168 799,289,114,104 930,287,91,74
F:\huangkun数据制作\20141201视频捕捉\制作\1363323851@4580.jpg 449,298,121,106 585,289,59,55 659,301,202,171 889,295,128,119 1010,290,92,83
F:\huangkun数据制作\20141201视频捕捉\制作\1363323851@4600.jpg 555,298,106,100 795,304,216,179 1003,297,142,125 1118,291,110,87
F:\huangkun数据制作\20141201视频捕捉\制作\1363323851@4620.jpg 117,158,450,473 874,305,252,216 1062,300,160,133
F:\huangkun数据制作\20141201视频捕捉\制作\1363323851@4640.jpg 257,170,427,445 798,300,108,86 959,314,303,240
F:\huangkun数据制作\20141201视频捕捉\制作\1363323851@4660.jpg 346,174,392,430 797,296,120,97
F:\huangkun数据制作\20141201视频捕捉\制作\1363323851@4680.jpg 403,190,353,379 791,295,126,114
F:\huangkun数据制作\20141201视频捕捉\制作\1363323851@4700.jpg 451,200,310,331 801,295,126,115 949,293,93,97
F:\huangkun数据制作\20141201视频捕捉\制作\1363323851@4720.jpg 485,220,270,297 811,305,142,124 962,303,97,99
F:\huangkun数据制作\20141201视频捕捉\制作\1363323851@4740.jpg 501,228,248,276 827,300,157,130 994,295,106,113
F:\huangkun数据制作\20141201视频捕捉\制作\1363323851@4760.jpg 490,228,241,268 845,302,167,146 1024,297,117,125
F:\huangkun数据制作\20141201视频捕捉\制作\1363323851@4780.jpg 479,229,245,274 870,300,197,170 1078,298,139,146 737,302,80,73
F:\huangkun数据制作\20141201视频捕捉\制作\1363323851@4800.jpg 472,218,260,286 737,295,91,81 918,291,237,196
F:\huangkun数据制作\20141201视频捕捉\制作\1363323851@4820.jpg 379,296,50,42 469,215,259,284 741,295,93,85 967,292,278,218
F:\huangkun数据制作\20141201视频捕捉\制作\1363323851@4840.jpg 393,304,46,43 475,227,252,282 749,302,96,95 1033,296,244,251
F:\huangkun数据制作\20141201视频捕捉\制作\1363323851@4860.jpg 413,297,44,41 478,223,255,272 760,295,105,100
F:\huangkun数据制作\20141201视频捕捉\制作\1363323851@4880.jpg 418,298,39,40 471,223,257,281 763,296,110,102
F:\huangkun数据制作\20141201视频捕捉\制作\1363323851@4900.jpg 425,289,40,36 464,215,256,281 772,291,118,111
F:\huangkun数据制作\20141201视频捕捉\制作\1363323851@4920.jpg 462,224,250,272 788,298,125,115 1086,272,157,149
F:\huangkun数据制作\20141201视频捕捉\制作\1363323851@4940.jpg 455,217,244,270 801,295,140,121
F:\huangkun数据制作\20141201视频捕捉\制作\1363323851@4960.jpg 433,216,237,267 817,287,151,141
F:\huangkun数据制作\20141201视频捕捉\制作\1363323851@4980.jpg 415,229,231,258 839,294,185,169
F:\huangkun数据制作\20141201视频捕捉\制作\1363323851@5000.jpg 397,234,221,245 632,303,75,65 888,295,228,202
F:\huangkun数据制作\20141201视频捕捉\制作\1363323851@5020.jpg 384,237,213,238 642,300,76,71 974,292,304,249
F:\huangkun数据制作\20141201视频捕捉\制作\1363323851@5040.jpg 390,238,215,224 667,295,79,69
F:\huangkun数据制作\20141201视频捕捉\制作\1363323851@5060.jpg 400,229,213,231 684,292,83,76 933,285,204,170
F:\huangkun数据制作\20141201视频捕捉\制作\1363323851@5080.jpg 409,230,213,237 689,298,91,78 991,287,243,195
F:\huangkun数据制作\20141201视频捕捉\制作\1363323851@5100.jpg 421,239,206,224 706,297,97,86
F:\huangkun数据制作\20141201视频捕捉\制作\1363323851@5120.jpg 428,240,195,216 722,299,111,95
F:\huangkun数据制作\20141201视频捕捉\制作\1363323851@5140.jpg 431,245,193,210 755,297,126,113
F:\huangkun数据制作\20141201视频捕捉\制作\1363323851@5160.jpg 447,244,191,213 818,305,151,136
F:\huangkun数据制作\20141201视频捕捉\制作\1363323851@5180.jpg 446,240,198,223 901,300,209,182
F:\huangkun数据制作\20141201视频捕捉\制作\1363323851@5200.jpg 401,239,199,218 687,296,55,44 804,298,136,119
F:\huangkun数据制作\20141201视频捕捉\制作\1363323851@5220.jpg 320,236,205,219 564,299,73,64 695,297,58,49 852,295,168,153
F:\huangkun数据制作\20141201视频捕捉\制作\1363323851@5240.jpg 228,222,215,232 540,292,78,69 699,292,60,52 915,288,233,199
F:\huangkun数据制作\20141201视频捕捉\制作\1363323851@5260.jpg 192,231,226,236 525,299,81,70 709,295,71,58
F:\huangkun数据制作\20141201视频捕捉\制作\1363323851@5280.jpg 173,237,228,235 497,301,84,74 726,299,74,65
F:\huangkun数据制作\20141201视频捕捉\制作\1363323851@5300.jpg 152,226,247,252 476,298,83,74 571,298,53,50 747,299,83,74
F:\huangkun数据制作\20141201视频捕捉\制作\1363323851@5320.jpg 111,218,272,293 453,301,82,77 565,301,56,49 677,299,66,56 770,300,104,88
F:\huangkun数据制作\20141201视频捕捉\制作\1363323851@5340.jpg 0,202,335,342 418,301,89,76 552,302,56,49 613,302,44,37 674,302,71,62 802,304,124,102
F:\huangkun数据制作\20141201视频捕捉\制作\1363323851@5360.jpg 385,300,96,85 535,301,56,50 594,302,44,38 669,300,80,69 841,305,178,146
F:\huangkun数据制作\20141201视频捕捉\制作\1363323851@5380.jpg 370,299,96,84 472,295,44,40 534,298,58,53 592,298,42,41 682,298,95,81 979,306,285,206
F:\huangkun数据制作\20141201视频捕捉\制作\1363323851@5400.jpg 365,301,96,86 473,300,52,45 540,302,66,55 712,302,112,95
F:\huangkun数据制作\20141201视频捕捉\制作\1363323851@5420.jpg 350,298,100,93 473,298,52,45 540,302,69,59 742,304,139,108
F:\huangkun数据制作\20141201视频捕捉\制作\1363323851@5440.jpg 335,300,106,89 472,294,51,46 544,298,74,67 803,299,171,139
F:\huangkun数据制作\20141201视频捕捉\制作\1363323851@5460.jpg 323,302,114,97 474,296,56,49 546,298,80,69 894,300,250,189
F:\huangkun数据制作\20141201视频捕捉\制作\1363323851@5480.jpg 302,303,118,103 470,298,54,48 545,305,88,78
F:\huangkun数据制作\20141201视频捕捉\制作\1363323851@5500.jpg 1092,284,45,39 478,292,53,47 287,299,130,110 551,296,95,89
F:\huangkun数据制作\20141201视频捕捉\制作\1363323851@5520.jpg 265,298,136,118 471,293,60,49 543,296,110,89
F:\huangkun数据制作\20141201视频捕捉\制作\1363323851@5540.jpg 253,303,140,118 469,298,58,50 538,306,118,96
F:\huangkun数据制作\20141201视频捕捉\制作\1363323851@5560.jpg 246,309,147,118 472,306,52,52 534,312,128,111
F:\huangkun数据制作\20141201视频捕捉\制作\1363323851@5580.jpg 245,302,142,120 467,296,56,46 524,303,143,116
F:\huangkun数据制作\20141201视频捕捉\制作\1363323851@5600.jpg 254,295,137,115 463,293,55,46 507,294,156,128
F:\huangkun数据制作\20141201视频捕捉\制作\1363323851@5620.jpg 269,299,132,112 462,293,56,50 507,299,160,134
F:\huangkun数据制作\20141201视频捕捉\制作\1363323851@5640.jpg 293,297,117,107 470,293,52,47 507,298,167,136
F:\huangkun数据制作\20141201视频捕捉\制作\1363323851@5660.jpg 311,299,114,103 516,303,166,143
F:\huangkun数据制作\20141201视频捕捉\制作\1363323851@5680.jpg 322,300,110,88 517,297,162,141
F:\huangkun数据制作\20141201视频捕捉\制作\1363323851@5700.jpg 324,299,104,89 513,301,151,131 648,293,45,37
F:\huangkun数据制作\20141201视频捕捉\制作\1363323851@5720.jpg 325,302,102,85 506,303,151,130 647,295,45,39 461,298,67,63
F:\huangkun数据制作\20141201视频捕捉\制作\1363323851@5740.jpg 317,302,103,91 446,298,69,58 503,305,143,119 641,292,54,41
F:\huangkun数据制作\20141201视频捕捉\制作\1363323851@5760.jpg 307,300,113,96 435,300,76,60 510,302,135,121 648,293,51,45
F:\huangkun数据制作\20141201视频捕捉\制作\1363323851@5780.jpg 285,299,112,99 422,297,73,64 507,303,133,113 645,290,52,46
F:\huangkun数据制作\20141201视频捕捉\制作\1363323851@5800.jpg 254,296,123,105 397,296,80,67 498,298,134,108 641,290,55,45
F:\huangkun数据制作\20141201视频捕捉\制作\1363323851@5820.jpg 207,294,137,119 371,294,80,69 485,295,133,115 633,287,59,50
F:\huangkun数据制作\20141201视频捕捉\制作\1363323851@5840.jpg 176,296,157,129 370,292,81,76 493,294,129,108 647,285,62,55
F:\huangkun数据制作\20141201视频捕捉\制作\1363323851@5860.jpg 135,297,172,145 354,295,87,78 497,299,124,106 652,292,70,57
F:\huangkun数据制作\20141201视频捕捉\制作\1363323851@5880.jpg 92,303,200,163 334,302,94,76 500,303,122,101 659,292,67,58 455,289,51,48
F:\huangkun数据制作\20141201视频捕捉\制作\1363323851@5900.jpg 35,300,240,186 441,288,60,56 487,297,136,111 664,292,70,64
F:\huangkun数据制作\20141201视频捕捉\制作\1363323851@5920.jpg 0,297,250,229 420,282,61,55 471,294,141,120 657,286,82,69
F:\huangkun数据制作\20141201视频捕捉\制作\1363323851@5940.jpg 420,287,61,56 476,295,142,120 671,285,90,82
F:\huangkun数据制作\20141201视频捕捉\制作\1363323851@5960.jpg 410,282,67,57 470,291,145,124 676,284,92,79 610,285,37,33
F:\huangkun数据制作\20141201视频捕捉\制作\1363323851@5980.jpg 404,289,67,61 469,296,143,116 607,286,38,37 680,287,91,85
F:\huangkun数据制作\20141201视频捕捉\制作\1363323851@6000.jpg 3,303,396,348 473,295,132,124 605,291,41,35 676,292,102,81
F:\huangkun数据制作\20141201视频捕捉\制作\1363323851@6020.jpg 31,302,446,346 617,293,41,36 687,291,96,92
F:\huangkun数据制作\20141201视频捕捉\制作\1363323851@6040.jpg 146,302,398,317 611,299,44,37 683,296,98,89
F:\huangkun数据制作\20141201视频捕捉\制作\1363323851@6060.jpg 77,305,173,146 244,308,361,285 625,303,39,41 695,297,97,89
F:\huangkun数据制作\20141201视频捕捉\制作\1363323851@6080.jpg 92,297,173,142 306,301,330,272 624,300,43,39 700,295,104,90
F:\huangkun数据制作\20141201视频捕捉\制作\1363323851@6100.jpg 112,302,169,141 345,302,298,240 622,304,45,41 708,298,99,93
F:\huangkun数据制作\20141201视频捕捉\制作\1363323851@6120.jpg 152,307,155,129 373,305,276,223 633,305,47,41 722,298,104,92
F:\huangkun数据制作\20141201视频捕捉\制作\1363323851@6140.jpg 175,305,150,125 383,304,255,202 635,309,42,37 728,301,108,93
F:\huangkun数据制作\20141201视频捕捉\制作\1363323851@6160.jpg 219,307,136,116 417,309,238,199 650,315,44,41 745,308,112,91
F:\huangkun数据制作\20141201视频捕捉\制作\1363323851@6180.jpg 242,308,132,110 441,307,221,185 649,311,49,41 758,305,107,95
F:\huangkun数据制作\20141201视频捕捉\制作\1363323851@6200.jpg 266,306,117,100 447,302,211,182 645,309,49,39 755,300,110,91
F:\huangkun数据制作\20141201视频捕捉\制作\1363323851@6220.jpg 282,310,112,100 443,308,201,172 647,312,50,42 759,305,108,96
F:\huangkun数据制作\20141201视频捕捉\制作\1363323851@6240.jpg 303,305,106,91 440,304,195,168 650,305,49,41 753,297,119,100
F:\huangkun数据制作\20141201视频捕捉\制作\1363323851@6260.jpg 331,308,96,85 456,310,192,164 662,311,50,42 772,303,115,106
F:\huangkun数据制作\20141201视频捕捉\制作\1363323851@6280.jpg 354,302,90,79 472,300,192,168 671,303,52,48 788,296,122,105
F:\huangkun数据制作\20141201视频捕捉\制作\1363323851@6300.jpg 373,308,84,71 481,302,189,162 670,304,53,47 790,298,125,112
F:\huangkun数据制作\20141201视频捕捉\制作\1363323851@6320.jpg 0,232,257,268 388,306,80,69 494,303,181,161 671,307,52,43 794,301,126,114
F:\huangkun数据制作\20141201视频捕捉\制作\1363323851@6340.jpg 100,239,217,225 401,303,75,67 510,304,175,150 670,304,52,45 798,301,130,113
F:\huangkun数据制作\20141201视频捕捉\制作\1363323851@6360.jpg 169,245,189,202 414,305,68,62 525,304,171,149 806,295,131,123
F:\huangkun数据制作\20141201视频捕捉\制作\1363323851@6380.jpg 209,249,177,187 424,308,67,59 539,304,168,142 819,302,138,119
F:\huangkun数据制作\20141201视频捕捉\制作\1363323851@6400.jpg 234,265,160,176 537,311,170,148 830,307,148,133
F:\huangkun数据制作\20141201视频捕捉\制作\1363323851@6420.jpg 248,260,152,165 529,302,172,148 844,298,162,145
F:\huangkun数据制作\20141201视频捕捉\制作\1363323851@6440.jpg 256,253,143,155 511,299,173,153 861,294,179,157
F:\huangkun数据制作\20141201视频捕捉\制作\1363323851@6460.jpg 268,261,138,151 501,300,168,149 882,292,205,176
F:\huangkun数据制作\20141201视频捕捉\制作\1363323851@6480.jpg 290,267,128,137 504,307,161,137 665,308,63,58 919,293,250,202
F:\huangkun数据制作\20141201视频捕捉\制作\1363323851@6500.jpg 321,268,117,129 514,303,157,142 680,308,65,55 994,294,284,228
F:\huangkun数据制作\20141201视频捕捉\制作\1363323851@6520.jpg 342,276,110,123 522,307,153,138 688,306,66,62
F:\huangkun数据制作\20141201视频捕捉\制作\1363323851@6540.jpg 369,278,103,119 537,308,150,129 701,302,74,69
F:\huangkun数据制作\20141201视频捕捉\制作\1363323851@6560.jpg 367,269,105,116 526,300,153,137 697,298,75,67
F:\huangkun数据制作\20141201视频捕捉\制作\1363323851@6580.jpg 376,269,95,102 520,293,152,133 696,294,75,70
F:\huangkun数据制作\20141201视频捕捉\制作\1363323851@6600.jpg 372,271,100,104 512,299,153,138 693,298,89,79
F:\huangkun数据制作\20141201视频捕捉\制作\1363323851@6620.jpg 374,265,90,100 500,295,156,132 474,289,40,38 694,292,93,82
F:\huangkun数据制作\20141201视频捕捉\制作\1363323851@6640.jpg 382,273,90,92 482,295,41,34 496,303,158,134 705,297,94,83
F:\huangkun数据制作\20141201视频捕捉\制作\1363323851@6660.jpg 390,266,81,89 490,294,153,136 707,292,104,90
F:\huangkun数据制作\20141201视频捕捉\制作\1363323851@6680.jpg 393,264,81,88 464,295,162,133 712,290,112,96
F:\huangkun数据制作\20141201视频捕捉\制作\1363323851@6700.jpg 419,289,156,134 720,291,127,117
F:\huangkun数据制作\20141201视频捕捉\制作\1363323851@6720.jpg 391,295,152,130 553,293,76,66 756,292,157,139
F:\huangkun数据制作\20141201视频捕捉\制作\1363323851@6740.jpg 389,298,144,120 570,294,73,62 832,296,201,168
F:\huangkun数据制作\20141201视频捕捉\制作\1363323851@6760.jpg 383,300,145,125 583,297,78,67 972,305,307,232
F:\huangkun数据制作\20141201视频捕捉\制作\1363323851@6780.jpg 369,300,135,122 586,298,77,68 904,295,122,110
F:\huangkun数据制作\20141201视频捕捉\制作\1363323851@6800.jpg 349,288,142,119 589,285,79,68 1023,284,177,145
F:\huangkun数据制作\20141201视频捕捉\制作\1363323851@6820.jpg 301,297,155,130 455,273,59,72 572,297,87,71
F:\huangkun数据制作\20141201视频捕捉\制作\1363323851@6840.jpg 264,297,157,126 442,270,59,67 559,295,91,78
F:\huangkun数据制作\20141201视频捕捉\制作\1363323851@6860.jpg 245,295,151,133 449,276,61,64 560,294,97,86
F:\huangkun数据制作\20141201视频捕捉\制作\1363323851@6880.jpg 230,297,158,132 442,274,61,64 553,294,108,87
F:\huangkun数据制作\20141201视频捕捉\制作\1363323851@6900.jpg 755,279,33,35 861,276,51,43 1050,241,55,69 703,271,34,39 558,293,112,97 226,295,160,133 443,269,64,66
F:\huangkun数据制作\20141201视频捕捉\制作\1363323851@6920.jpg 225,296,159,132 443,271,63,70 549,296,120,108 699,277,37,33 741,287,43,31 871,281,60,54 1135,240,71,85
F:\huangkun数据制作\20141201视频捕捉\制作\1363323851@6940.jpg 237,295,154,129 451,271,58,64 542,291,134,116 882,274,64,61 1127,283,104,83
F:\huangkun数据制作\20141201视频捕捉\制作\1363323851@6960.jpg 252,292,154,127 455,271,62,71 541,295,140,112 749,285,46,41 888,278,72,70
F:\huangkun数据制作\20141201视频捕捉\制作\1363323851@6980.jpg 274,301,140,126 460,281,59,65 542,304,142,120 754,294,51,44 892,285,76,79 1012,287,44,43
F:\huangkun数据制作\20141201视频捕捉\制作\1363323851@7000.jpg 286,296,138,127 461,275,58,64 539,300,142,122 761,290,51,46 888,279,95,88 1027,283,41,45
F:\huangkun数据制作\20141201视频捕捉\制作\1363323851@7020.jpg 284,297,140,109 458,271,59,67 531,297,147,127 768,291,59,47 910,275,97,96 1037,281,49,44
F:\huangkun数据制作\20141201视频捕捉\制作\1363323851@7040.jpg 275,293,137,114 453,273,58,61 522,295,151,127 777,285,66,59 931,267,111,117
F:\huangkun数据制作\20141201视频捕捉\制作\1363323851@7060.jpg 269,289,145,115 445,273,61,68 519,296,155,136 780,293,78,62 965,271,147,127
F:\huangkun数据制作\20141201视频捕捉\制作\1363323851@7080.jpg 254,295,144,119 441,278,59,65 517,296,153,129 786,294,77,68 1041,268,159,151
F:\huangkun数据制作\20141201视频捕捉\制作\1363323851@7100.jpg 246,289,142,120 434,272,61,68 512,293,157,140 661,291,55,49 782,295,87,80
F:\huangkun数据制作\20141201视频捕捉\制作\1363323851@7120.jpg 243,286,142,115 441,268,56,60 504,289,172,145 671,286,76,54 799,285,104,98
F:\huangkun数据制作\20141201视频捕捉\制作\1363323851@7140.jpg 262,292,134,119 453,275,58,62 496,295,193,167 690,288,78,60 806,290,122,107
F:\huangkun数据制作\20141201视频捕捉\制作\1363323851@7160.jpg 281,296,125,105 454,277,56,63 480,297,207,167 700,293,81,66 821,295,149,131 1156,281,66,61
F:\huangkun数据制作\20141201视频捕捉\制作\1363323851@7180.jpg 307,294,115,93 468,301,220,175 709,296,84,65 862,297,181,150
F:\huangkun数据制作\20141201视频捕捉\制作\1363323851@7200.jpg 339,294,105,78 465,299,222,174 726,292,77,72 929,296,234,184
F:\huangkun数据制作\20141201视频捕捉\制作\1363323851@7220.jpg 68,291,204,178 366,297,96,75 476,302,222,180 733,296,85,68
F:\huangkun数据制作\20141201视频捕捉\制作\1363323851@7240.jpg 168,299,167,148 395,303,81,73 489,305,222,187 753,301,79,65
F:\huangkun数据制作\20141201视频捕捉\制作\1363323851@7260.jpg 231,291,146,125 416,297,82,66 509,302,219,174 774,292,79,69 993,242,203,223
F:\huangkun数据制作\20141201视频捕捉\制作\1363323851@7280.jpg 278,298,124,108 434,297,77,67 509,285,40,46 527,304,211,171 795,298,76,58 1020,240,240,244
F:\huangkun数据制作\20141201视频捕捉\制作\1363323851@7300.jpg 290,297,124,99 441,298,74,57 538,305,213,169 795,297,81,62 1037,229,242,273
F:\huangkun数据制作\20141201视频捕捉\制作\1363323851@7320.jpg 284,293,122,101 432,296,73,61 527,299,232,183 799,289,71,62
F:\huangkun数据制作\20141201视频捕捉\制作\1363323851@7340.jpg 263,291,128,117 429,292,71,68 528,295,256,208 800,291,66,59
F:\huangkun数据制作\20141201视频捕捉\制作\1363323851@7360.jpg 248,279,133,122 429,287,75,71 521,292,294,228 1036,210,243,275
F:\huangkun数据制作\20141201视频捕捉\制作\1363323851@7380.jpg 213,291,143,125 407,297,81,67 488,306,316,244 779,292,55,50 963,227,243,253
F:\huangkun数据制作\20141201视频捕捉\制作\1363323851@7400.jpg 177,292,157,130 390,294,77,68 468,302,317,241 896,233,206,224
F:\huangkun数据制作\20141201视频捕捉\制作\1363323851@7420.jpg 172,298,154,135 386,296,82,72 462,304,301,233 850,243,185,208
F:\huangkun数据制作\20141201视频捕捉\制作\1363323851@7440.jpg 163,299,161,133 385,300,85,84 474,310,274,211 823,252,170,190
F:\huangkun数据制作\20141201视频捕捉\制作\1363323851@7460.jpg 165,287,160,154 383,296,97,81 492,301,250,184 804,244,163,185
F:\huangkun数据制作\20141201视频捕捉\制作\1363323851@7480.jpg 141,303,179,149 380,307,91,82 498,311,218,178 781,260,160,178
F:\huangkun数据制作\20141201视频捕捉\制作\1363323851@7500.jpg 102,300,198,169 361,305,108,88 493,306,213,170 759,259,160,172
F:\huangkun数据制作\20141201视频捕捉\制作\1363323851@7520.jpg 31,300,231,193 360,306,96,79 491,307,199,172 745,258,155,172
F:\huangkun数据制作\20141201视频捕捉\制作\1363323851@7540.jpg 0,299,210,210 349,301,106,88 487,301,194,156 750,254,152,167
F:\huangkun数据制作\20141201视频捕捉\制作\1363323851@7560.jpg 340,304,103,87 483,305,197,159 754,258,154,172
F:\huangkun数据制作\20141201视频捕捉\制作\1363323851@7580.jpg 321,293,108,91 480,296,189,158 754,251,149,163
F:\huangkun数据制作\20141201视频捕捉\制作\1363323851@7600.jpg 321,298,107,93 484,299,187,158 764,253,145,170
F:\huangkun数据制作\20141201视频捕捉\制作\1363323851@7620.jpg 311,299,107,95 474,301,188,168 755,257,148,166
F:\huangkun数据制作\20141201视频捕捉\制作\1363323851@7640.jpg 309,303,111,104 475,310,200,151 764,258,139,169
F:\huangkun数据制作\20141201视频捕捉\制作\1363323851@7660.jpg 303,295,109,97 479,299,183,160 649,289,55,56 765,257,135,154
F:\huangkun数据制作\20141201视频捕捉\制作\1363323851@7680.jpg 310,297,106,100 479,291,40,42
F:\huangkun数据制作\20141201视频捕捉\制作\1363323851@7700.jpg 307,295,108,96 478,296,42,40 502,299,175,142 651,291,55,49 756,263,131,140
F:\huangkun数据制作\20141201视频捕捉\制作\1363323851@7720.jpg 296,302,113,96 472,299,42,35 508,310,168,138 748,274,120,135
F:\huangkun数据制作\20141201视频捕捉\制作\1363323851@7740.jpg 312,304,103,93 479,296,44,33 527,305,169,147 754,265,111,131
F:\huangkun数据制作\20141201视频捕捉\制作\1363323851@7760.jpg 308,298,111,99 481,291,39,43 536,304,172,143 754,271,111,120
F:\huangkun数据制作\20141201视频捕捉\制作\1363323851@7780.jpg 306,294,112,96 484,285,41,35 536,296,180,145 745,264,118,121 1174,286,52,43
F:\huangkun数据制作\20141201视频捕捉\制作\1363323851@7800.jpg 310,292,111,96 543,297,176,148 743,263,108,121 1147,282,43,53
F:\huangkun数据制作\20141201视频捕捉\制作\1363323851@7820.jpg 316,298,106,92 540,300,176,154 746,262,104,121
F:\huangkun数据制作\20141201视频捕捉\制作\1363323851@7840.jpg 315,290,110,94 526,296,182,155 731,260,108,117
F:\huangkun数据制作\20141201视频捕捉\制作\1363323851@7860.jpg 328,288,100,89 494,273,52,54 513,296,194,165 726,263,100,116
F:\huangkun数据制作\20141201视频捕捉\制作\1363323851@7880.jpg 338,295,101,88 502,298,190,160 722,267,102,104
F:\huangkun数据制作\20141201视频捕捉\制作\1363323851@7900.jpg 350,294,99,85 497,298,198,162 722,266,98,103
F:\huangkun数据制作\20141201视频捕捉\制作\1363323851@7920.jpg 354,296,93,86 496,298,195,152 710,266,98,105 1017,294,262,217
F:\huangkun数据制作\20141201视频捕捉\制作\1363323851@7940.jpg 1,290,225,199 359,293,98,79 500,294,189,160 714,263,88,98 964,291,252,203
F:\huangkun数据制作\20141201视频捕捉\制作\1363323851@7960.jpg 42,292,211,175 371,293,87,83 489,275,44,50 509,300,176,150 706,270,88,95 915,295,224,176
F:\huangkun数据制作\20141201视频捕捉\制作\1363323851@7980.jpg 94,299,196,164 382,297,84,81 493,282,44,44 513,303,173,147 706,272,91,98 885,296,196,171
F:\huangkun数据制作\20141201视频捕捉\制作\1363323851@8000.jpg 122,288,184,160 387,294,82,74 491,279,42,51 507,299,171,145 706,269,88,91 860,294,174,154
F:\huangkun数据制作\20141201视频捕捉\制作\1363323851@8020.jpg 158,293,173,142 393,291,82,75 492,276,45,45 513,296,164,142 704,267,93,95 841,290,170,143
F:\huangkun数据制作\20141201视频捕捉\制作\1363323851@8040.jpg 176,294,161,138 390,297,79,76 491,283,47,48 510,302,156,133 705,274,87,93 832,297,156,134
F:\huangkun数据制作\20141201视频捕捉\制作\1363323851@8060.jpg 185,298,165,139 394,303,82,68 507,304,164,135 699,274,89,99 829,300,161,144
F:\huangkun数据制作\20141201视频捕捉\制作\1363323851@8080.jpg 174,297,171,144 395,300,83,74 505,305,158,136 681,273,92,98 824,298,181,152
F:\huangkun数据制作\20141201视频捕捉\制作\1363323851@8100.jpg 150,285,181,150 394,293,82,73 495,292,161,134 655,266,91,101 845,289,187,159
F:\huangkun数据制作\20141201视频捕捉\制作\1363323851@8120.jpg 124,292,186,164 389,296,84,74 487,298,170,145 873,294,195,168
F:\huangkun数据制作\20141201视频捕捉\制作\1363323851@8140.jpg 99,299,189,160 386,300,83,68 474,303,175,147 881,299,204,166
F:\huangkun数据制作\20141201视频捕捉\制作\1363323851@8160.jpg 99,293,187,152 395,298,76,65 476,302,169,139 884,294,211,175
F:\huangkun数据制作\20141201视频捕捉\制作\1363323851@8180.jpg 106,295,178,151 393,301,74,70 477,302,164,137 882,296,209,170
F:\huangkun数据制作\20141201视频捕捉\制作\1363323851@8200.jpg 109,299,177,143 397,302,77,65 478,304,164,144 652,300,74,63 891,297,216,183
F:\huangkun数据制作\20141201视频捕捉\制作\1363323851@8220.jpg 108,297,171,146 402,304,72,62 478,301,160,139 660,301,71,62 896,297,225,180
F:\huangkun数据制作\20141201视频捕捉\制作\1363323851@8240.jpg 124,298,168,140 414,307,68,65 475,308,166,136 671,301,70,69 911,302,220,180
F:\huangkun数据制作\20141201视频捕捉\制作\1363323851@8260.jpg 153,303,163,136 422,309,72,64 480,309,169,143 680,305,73,67 908,299,229,181
F:\huangkun数据制作\20141201视频捕捉\制作\1363323851@8280.jpg 193,310,156,129 428,315,72,60 484,314,174,142 686,310,77,67 923,309,229,184
F:\huangkun数据制作\20141201视频捕捉\制作\1363323851@8300.jpg 203,297,144,124 419,303,74,64 486,304,165,138 682,301,76,68 927,292,231,195
F:\huangkun数据制作\20141201视频捕捉\制作\1363323851@8320.jpg 204,304,148,123 416,310,72,65 484,309,168,134 680,304,82,73 923,302,248,200
F:\huangkun数据制作\20141201视频捕捉\制作\1363323851@8340.jpg 211,297,150,124 416,303,68,59 491,306,156,132 684,300,83,75 927,299,250,201
F:\huangkun数据制作\20141201视频捕捉\制作\1363323851@8360.jpg 218,305,135,123 418,313,72,55 502,310,153,129 686,306,86,82 941,300,273,226
F:\huangkun数据制作\20141201视频捕捉\制作\1363323851@8380.jpg 219,301,145,127 417,305,74,70 505,304,153,134 690,302,90,79 973,298,294,244
F:\huangkun数据制作\20141201视频捕捉\制作\1363323851@8400.jpg 217,301,144,122 419,305,65,66 502,302,158,136 687,300,98,80 980,293,295,272
F:\huangkun数据制作\20141201视频捕捉\制作\1363323851@8420.jpg 210,299,142,125 412,304,77,67 502,300,156,126 695,298,93,88 930,295,348,293
F:\huangkun数据制作\20141201视频捕捉\制作\1363323851@8440.jpg 207,305,150,134 415,310,73,72 500,309,152,124 849,312,391,299
F:\huangkun数据制作\20141201视频捕捉\制作\1363323851@8460.jpg 216,302,142,126 415,305,71,64 494,308,152,120 733,306,360,293
F:\huangkun数据制作\20141201视频捕捉\制作\1363323851@8480.jpg 231,303,134,126 417,303,74,63 497,306,132,132 632,309,346,300
F:\huangkun数据制作\20141201视频捕捉\制作\1363323851@8500.jpg 238,294,125,119 415,297,68,62 549,305,347,271
F:\huangkun数据制作\20141201视频捕捉\制作\1363323851@8520.jpg 244,286,121,108 411,289,71,62 527,286,301,257
F:\huangkun数据制作\20141201视频捕捉\制作\1363323851@8540.jpg 259,300,115,107 417,301,65,54 522,305,265,221
F:\huangkun数据制作\20141201视频捕捉\制作\1363323851@8560.jpg 260,300,116,103 414,302,66,54 508,307,232,191
F:\huangkun数据制作\20141201视频捕捉\制作\1363323851@8580.jpg 253,294,121,98 414,298,63,55 497,301,203,166
F:\huangkun数据制作\20141201视频捕捉\制作\1363323851@8600.jpg 245,299,117,107 413,303,60,55 483,303,188,157 647,300,81,76
F:\huangkun数据制作\20141201视频捕捉\制作\1363323851@8620.jpg 237,301,119,109 408,303,60,51 476,307,164,137 637,300,82,72
F:\huangkun数据制作\20141201视频捕捉\制作\1363323851@8640.jpg 258,304,118,98 426,304,61,52 491,304,153,129 652,301,83,70
F:\huangkun数据制作\20141201视频捕捉\制作\1363323851@8660.jpg 272,302,115,97 437,301,59,49 510,305,147,126 662,302,82,70
F:\huangkun数据制作\20141201视频捕捉\制作\1363323851@8680.jpg 271,301,119,112 437,303,61,52 516,305,145,130 666,300,86,74
F:\huangkun数据制作\20141201视频捕捉\制作\1363323851@8700.jpg 255,297,123,112 426,300,66,55 506,302,147,126 667,298,86,78
F:\huangkun数据制作\20141201视频捕捉\制作\1363323851@8720.jpg 228,291,130,112 419,290,62,58 492,291,147,131 660,291,96,70
F:\huangkun数据制作\20141201视频捕捉\制作\1363323851@8740.jpg 196,295,138,118 407,295,68,60 478,297,149,125 669,296,83,76
F:\huangkun数据制作\20141201视频捕捉\制作\1363323851@8760.jpg 171,297,150,126 403,297,67,57 469,296,153,134 667,296,93,79
F:\huangkun数据制作\20141201视频捕捉\制作\1363323851@8780.jpg 151,290,162,142 406,293,64,57 467,297,161,126 678,293,94,84
F:\huangkun数据制作\20141201视频捕捉\制作\1363323851@8800.jpg 130,304,168,148 406,304,69,59 482,306,144,124 683,303,100,88
F:\huangkun数据制作\20141201视频捕捉\制作\1363323851@8820.jpg 85,298,189,152 402,298,70,60 486,298,142,120 686,296,105,92
F:\huangkun数据制作\20141201视频捕捉\制作\1363323851@8840.jpg 23,297,214,169 401,297,75,63 490,296,138,120 700,298,111,100
F:\huangkun数据制作\20141201视频捕捉\制作\1363323851@8860.jpg 401,301,77,66 495,302,136,120 719,298,126,110
F:\huangkun数据制作\20141201视频捕捉\制作\1363323851@8880.jpg 406,298,77,66 509,297,136,112 748,298,144,118
F:\huangkun数据制作\20141201视频捕捉\制作\1363323851@8900.jpg 405,296,82,72 522,294,131,115 785,296,165,144
F:\huangkun数据制作\20141201视频捕捉\制作\1363323851@8920.jpg 413,302,84,71 541,301,123,109 709,297,87,66 835,294,193,165
F:\huangkun数据制作\20141201视频捕捉\制作\1363323851@8940.jpg 417,309,80,75 542,305,120,107 719,304,85,77 889,302,230,189
F:\huangkun数据制作\20141201视频捕捉\制作\1363323851@8960.jpg 402,302,93,75 537,296,121,106 729,296,89,80 969,293,307,230
F:\huangkun数据制作\20141201视频捕捉\制作\1363323851@8980.jpg 397,300,94,83 547,299,127,106 747,295,103,89
F:\huangkun数据制作\20141201视频捕捉\制作\1363323851@9000.jpg 386,309,100,89 567,307,124,108 776,307,111,95
