E:\ͼƬ\1364789768_t@0.jpg 874,215,403,363 284,184,161,149 487,214,75,66
E:\ͼƬ\1364789768_t@20.jpg 326,173,151,150 536,208,72,60
E:\ͼƬ\1364789768_t@40.jpg 1,204,281,226 335,181,144,150
E:\ͼƬ\1364789768_t@60.jpg 8,203,298,222 315,177,137,138 605,202,102,84
E:\ͼƬ\1364789768_t@80.jpg 13,201,313,242 273,179,131,136 575,206,83,76
E:\ͼƬ\1364789768_t@100.jpg 29,205,315,241 574,214,69,61
E:\ͼƬ\1364789768_t@120.jpg 18,200,323,246 570,215,59,53
E:\ͼƬ\1364789768_t@160.jpg 0,198,287,231
E:\ͼƬ\1364789768_t@180.jpg 757,212,509,506
E:\ͼƬ\1364789768_t@200.jpg 630,213,518,479
E:\ͼƬ\1364789768_t@220.jpg 500,210,496,464
E:\ͼƬ\1364789768_t@240.jpg 355,208,477,489
E:\ͼƬ\1364789768_t@260.jpg 228,216,466,470
E:\ͼƬ\1364789768_t@280.jpg 84,222,483,493
E:\ͼƬ\1364789768_t@320.jpg 1074,205,202,195
E:\ͼƬ\1364789768_t@340.jpg 988,212,183,153
E:\ͼƬ\1364789768_t@380.jpg 1109,216,135,116
E:\ͼƬ\1364789768_t@400.jpg 71,200,175,156
E:\ͼƬ\1364789768_t@420.jpg 242,192,176,169
E:\ͼƬ\1364789768_t@440.jpg 345,180,189,188
E:\ͼƬ\1364789768_t@460.jpg 193,198,119,108
E:\ͼƬ\1364789768_t@480.jpg 109,216,215,161 356,205,115,105
E:\ͼƬ\1364789768_t@500.jpg 828,184,228,224 228,224,203,153 471,210,115,107
E:\ͼƬ\1364789768_t@520.jpg 262,213,207,165 903,165,264,255
E:\ͼƬ\1364789768_t@540.jpg 942,176,280,266
E:\ͼƬ\1364789768_t@560.jpg 974,172,280,267 610,204,120,114
E:\ͼƬ\1364789768_t@580.jpg 331,214,224,175 969,186,280,256
E:\ͼƬ\1364789768_t@600.jpg 338,222,222,177 653,209,127,120 964,180,290,267
E:\ͼƬ\1364789768_t@620.jpg 312,217,227,180 941,175,317,288 652,208,134,124 101,226,78,86
E:\ͼƬ\1364789768_t@640.jpg 616,200,135,131 870,163,342,316 230,208,236,183
E:\ͼƬ\1364789768_t@660.jpg 146,209,240,184 433,216,97,94 765,159,372,336
E:\ͼƬ\1364789768_t@680.jpg 632,172,386,353 91,221,220,183
E:\ͼƬ\1364789768_t@700.jpg 104,212,202,176 505,159,395,365
E:\ͼƬ\1364789768_t@720.jpg 442,163,388,354 202,214,175,152
E:\ͼƬ\1364789768_t@740.jpg 428,167,383,334
E:\ͼƬ\1364789768_t@760.jpg 465,168,347,309
E:\ͼƬ\1364789768_t@780.jpg 504,164,310,286
E:\ͼƬ\1364789768_t@800.jpg 497,179,278,255 780,205,98,88
E:\ͼƬ\1364789768_t@820.jpg 481,184,249,228 744,208,89,86
E:\ͼƬ\1364789768_t@840.jpg 448,182,230,207 693,208,80,76
E:\ͼƬ\1364789768_t@860.jpg 374,184,222,198 612,212,77,72
E:\ͼƬ\1364789768_t@880.jpg 298,195,212,193 541,219,72,67
E:\ͼƬ\1364789768_t@900.jpg 245,194,218,188 493,216,72,66
E:\ͼƬ\1364789768_t@920.jpg 207,186,208,191 468,207,68,63
E:\ͼƬ\1364789768_t@940.jpg 198,179,208,188 466,204,65,61
E:\ͼƬ\1364789768_t@960.jpg 206,190,198,175 473,208,65,58
E:\ͼƬ\1364789768_t@980.jpg 204,186,194,173 466,207,61,57
E:\ͼƬ\1364789768_t@1000.jpg 206,191,181,165 463,211,59,53
E:\ͼƬ\1364789768_t@1020.jpg 215,189,170,156 463,208,59,54
E:\ͼƬ\1364789768_t@1040.jpg 226,190,160,146 462,207,57,51
E:\ͼƬ\1364789768_t@1060.jpg 234,192,153,134 461,209,53,48
E:\ͼƬ\1364789768_t@1080.jpg 255,195,143,127 461,209,52,49
E:\ͼƬ\1364789768_t@1100.jpg 272,193,136,124 456,204,52,46
E:\ͼƬ\1364789768_t@1120.jpg 286,204,131,114 447,203,51,48
E:\ͼƬ\1364789768_t@1140.jpg 295,205,121,104 433,199,43,44
E:\ͼƬ\1364789768_t@1160.jpg 276,206,120,103 402,196,44,43
E:\ͼƬ\1364789768_t@1180.jpg 235,200,113,102 367,190,48,41
E:\ͼƬ\1364789768_t@1200.jpg 173,197,116,101
E:\ͼƬ\1364789768_t@1280.jpg 96,179,98,81
E:\ͼƬ\1364789768_t@1300.jpg 149,193,87,78 319,211,37,30 399,205,43,38
E:\ͼƬ\1364789768_t@1320.jpg 0,181,137,121 204,193,79,68
E:\ͼƬ\1364789768_t@1340.jpg 86,202,122,106 276,211,69,62
E:\ͼƬ\1364789768_t@1360.jpg 171,212,106,95 336,220,64,55
E:\ͼƬ\1364789768_t@1380.jpg 248,205,96,87 392,210,61,56
E:\ͼƬ\1364789768_t@1400.jpg 329,214,86,79 445,220,55,51
E:\ͼƬ\1364789768_t@1420.jpg 212,226,74,74 415,217,78,72
E:\ͼƬ\1364789768_t@1440.jpg 355,223,68,61 489,213,74,71
E:\ͼƬ\1364789768_t@1460.jpg 435,221,62,56 531,210,74,70
E:\ͼƬ\1364789768_t@1480.jpg 551,213,75,67 473,222,57,50
E:\ͼƬ\1364789768_t@1500.jpg 18,232,242,212
E:\ͼƬ\1364789768_t@1520.jpg 545,207,73,70 119,221,233,192 482,215,56,50
E:\ͼƬ\1364789768_t@1540.jpg 140,230,217,180 498,212,73,70
E:\ͼƬ\1364789768_t@1560.jpg 112,231,224,180 436,211,79,71
E:\ͼƬ\1364789768_t@1580.jpg 104,234,226,175 410,212,79,73
E:\ͼƬ\1364789768_t@1600.jpg 61,223,232,182 365,202,82,78
E:\ͼƬ\1364789768_t@1620.jpg 33,219,241,197 344,198,87,77
E:\ͼƬ\1364789768_t@1640.jpg 4,234,262,217 328,208,89,79
E:\ͼƬ\1364789768_t@1660.jpg 309,210,90,85
E:\ͼƬ\1364789768_t@1680.jpg 315,208,92,78
E:\ͼƬ\1364789768_t@1700.jpg 317,206,93,84
E:\ͼƬ\1364789768_t@1720.jpg 308,197,92,82
E:\ͼƬ\1364789768_t@1740.jpg 304,211,88,78
E:\ͼƬ\1364789768_t@1760.jpg 305,212,85,76
E:\ͼƬ\1364789768_t@1780.jpg 322,210,82,70
E:\ͼƬ\1364789768_t@1800.jpg 323,216,79,73
E:\ͼƬ\1364789768_t@1820.jpg 340,218,75,67
E:\ͼƬ\1364789768_t@1840.jpg 354,211,73,68
E:\ͼƬ\1364789768_t@1860.jpg 360,213,75,67
E:\ͼƬ\1364789768_t@1880.jpg 361,214,77,64
E:\ͼƬ\1364789768_t@1900.jpg 358,206,75,67
E:\ͼƬ\1364789768_t@1920.jpg 352,210,73,67
E:\ͼƬ\1364789768_t@1940.jpg 350,207,74,65
E:\ͼƬ\1364789768_t@1960.jpg 356,212,72,69
E:\ͼƬ\1364789768_t@1980.jpg 350,210,71,65
E:\ͼƬ\1364789768_t@2000.jpg 338,204,76,63
E:\ͼƬ\1364789768_t@2020.jpg 337,210,79,70
E:\ͼƬ\1364789768_t@2040.jpg 333,201,76,67
E:\ͼƬ\1364789768_t@2060.jpg 329,205,77,69
E:\ͼƬ\1364789768_t@2080.jpg 329,205,78,71
E:\ͼƬ\1364789768_t@2100.jpg 323,206,81,72
E:\ͼƬ\1364789768_t@2120.jpg 318,212,84,78
E:\ͼƬ\1364789768_t@2140.jpg 303,200,90,79
E:\ͼƬ\1364789768_t@2160.jpg 309,200,95,86
E:\ͼƬ\1364789768_t@2180.jpg 292,202,102,94
E:\ͼƬ\1364789768_t@2200.jpg 273,199,113,100
E:\ͼƬ\1364789768_t@2220.jpg 258,200,128,111
E:\ͼƬ\1364789768_t@2240.jpg 215,197,146,131
E:\ͼƬ\1364789768_t@2260.jpg 159,193,174,150
E:\ͼƬ\1364789768_t@2280.jpg 78,188,208,179
E:\ͼƬ\1364789768_t@2340.jpg 191,221,119,103
E:\ͼƬ\1364789768_t@2360.jpg 115,213,141,119
E:\ͼƬ\1364789768_t@2380.jpg 0,219,175,145
E:\ͼƬ\1364789768_t@2840.jpg 785,214,71,63
E:\ͼƬ\1364789768_t@2860.jpg 926,202,98,86
E:\ͼƬ\1364789768_t@2880.jpg 889,214,95,79
E:\ͼƬ\1364789768_t@2900.jpg 911,214,107,85
E:\ͼƬ\1364789768_t@2800.jpg 924,187,113,115
E:\ͼƬ\1364789768_t@2880.jpg 1143,197,136,137 887,214,97,78
E:\ͼƬ\1364789768_t@2900.jpg 914,213,102,85
E:\ͼƬ\1364789768_t@2940.jpg 800,208,62,57
E:\ͼƬ\1364789768_t@2960.jpg 910,210,86,71
E:\ͼƬ\1364789768_t@2980.jpg 1094,200,130,109
E:\ͼƬ\1364789768_t@3580.jpg 1,223,120,112 388,207,43,50 460,212,51,47
E:\ͼƬ\1364789768_t@3600.jpg 29,221,120,99 378,202,44,56 458,211,52,49
E:\ͼƬ\1364789768_t@3620.jpg 74,216,108,91 368,195,51,64 460,205,59,53
E:\ͼƬ\1364789768_t@3640.jpg 86,219,103,82 339,194,61,75 448,208,66,59
E:\ͼƬ\1364789768_t@3660.jpg 96,216,103,85 320,192,69,85 443,207,75,70
E:\ͼƬ\1364789768_t@3680.jpg 83,213,110,90 302,184,79,99 446,202,84,80
E:\ͼƬ\1364789768_t@3700.jpg 23,218,122,98 261,183,93,119 435,204,104,96
E:\ͼƬ\1364789768_t@3720.jpg 214,179,114,141 426,201,123,115
E:\ͼƬ\1364789768_t@3740.jpg 138,167,146,178 408,199,151,142
E:\ͼƬ\1364789768_t@3760.jpg 32,153,191,231 385,192,196,182
E:\ͼƬ\1364789768_t@3780.jpg 346,181,262,239
E:\ͼƬ\1364789768_t@3800.jpg 287,168,371,323
E:\ͼƬ\1364789768_t@3820.jpg 190,152,538,456
E:\ͼƬ\1364789768_t@3840.jpg 60,133,756,586
E:\ͼƬ\1364789768_t@3860.jpg 8,128,867,590 994,104,285,391
E:\ͼƬ\1364789768_t@3880.jpg 13,135,861,583 855,146,218,282
E:\ͼƬ\1364789768_t@3900.jpg 19,138,857,580 804,160,175,228
E:\ͼƬ\1364789768_t@3920.jpg 783,168,155,198
E:\ͼƬ\1364789768_t@3940.jpg 787,174,138,179
E:\ͼƬ\1364789768_t@3960.jpg 803,180,127,160
E:\ͼƬ\1364789768_t@3980.jpg 823,184,117,150
E:\ͼƬ\1364789768_t@4000.jpg 844,185,109,144
E:\ͼƬ\1364789768_t@4020.jpg 871,188,103,138
E:\ͼƬ\1364789768_t@4060.jpg 923,167,272,300
E:\ͼƬ\1364789768_t@4080.jpg 836,181,208,232
E:\ͼƬ\1364789768_t@4100.jpg 790,184,174,203 1031,199,76,117
E:\ͼƬ\1364789768_t@4120.jpg 773,190,153,180
E:\ͼƬ\1364789768_t@4140.jpg 763,191,147,167
E:\ͼƬ\1364789768_t@4160.jpg 765,193,140,160
E:\ͼƬ\1364789768_t@4180.jpg 773,196,130,153
E:\ͼƬ\1364789768_t@4200.jpg 779,197,125,144
E:\ͼƬ\1364789768_t@4220.jpg 787,199,120,139
E:\ͼƬ\1364789768_t@4260.jpg 809,201,110,130
E:\ͼƬ\1364789768_t@4280.jpg 979,215,300,313
E:\ͼƬ\1364789768_t@4300.jpg 888,220,293,245
E:\ͼƬ\1364789768_t@4320.jpg 833,221,240,208
E:\ͼƬ\1364789768_t@4340.jpg 801,223,208,186
E:\ͼƬ\1364789768_t@4360.jpg 787,222,189,166
E:\ͼƬ\1364789768_t@4380.jpg 782,219,176,156
E:\ͼƬ\1364789768_t@4400.jpg 781,221,170,149
E:\ͼƬ\1364789768_t@4420.jpg 780,222,167,145
E:\ͼƬ\1364789768_t@4440.jpg 779,219,164,146
E:\ͼƬ\1364789768_t@4500.jpg 782,221,161,132
E:\ͼƬ\1364789768_t@4740.jpg 780,218,156,141
E:\ͼƬ\1364789768_t@4760.jpg 784,221,152,129
E:\ͼƬ\1364789768_t@4780.jpg 786,222,150,128
E:\ͼƬ\1364789768_t@4800.jpg 789,219,149,131
E:\ͼƬ\1364789768_t@4820.jpg 784,221,151,128
E:\ͼƬ\1364789768_t@4920.jpg 928,207,80,111
E:\ͼƬ\1364789768_t@4940.jpg 788,219,146,128 943,205,82,115
E:\ͼƬ\1364789768_t@4960.jpg 785,219,147,130 966,206,72,112
E:\ͼƬ\1364789768_t@4980.jpg 796,220,139,120 1002,208,70,108
E:\ͼƬ\1364789768_t@5000.jpg 799,217,135,121 1041,209,65,108
E:\ͼƬ\1364789768_t@5020.jpg 810,220,131,116 1090,211,66,106
E:\ͼƬ\1364789768_t@5040.jpg 823,221,128,110 1150,208,64,103
E:\ͼƬ\1364789768_t@5120.jpg 872,223,107,100
E:\ͼƬ\1364789768_t@5160.jpg 895,223,100,98
E:\ͼƬ\1364789768_t@5240.jpg 928,226,97,94
E:\ͼƬ\1364789768_t@5260.jpg 936,224,95,96
E:\ͼƬ\1364789768_t@5300.jpg 959,227,88,90
E:\ͼƬ\1364789768_t@5320.jpg 970,227,87,92
E:\ͼƬ\1364789768_t@5360.jpg 987,226,86,90
E:\ͼƬ\1364789768_t@5380.jpg 993,224,83,94
E:\ͼƬ\1364789768_t@5400.jpg 995,227,83,92
E:\ͼƬ\1364789768_t@5420.jpg 1008,228,82,90
E:\ͼƬ\1364789768_t@6640.jpg 33,139,831,578
E:\ͼƬ\1364789768_t@6660.jpg 77,148,756,568
E:\ͼƬ\1364789768_t@6680.jpg 173,161,592,492
E:\ͼƬ\1364789768_t@6700.jpg 247,175,444,379
E:\ͼƬ\1364789768_t@6720.jpg 290,190,357,304
E:\ͼƬ\1364789768_t@6740.jpg 312,199,316,268
E:\ͼƬ\1364789768_t@6760.jpg 289,189,315,269
E:\ͼƬ\1364789768_t@6780.jpg 267,184,324,275
E:\ͼƬ\1364789768_t@6800.jpg 256,180,322,276
E:\ͼƬ\1364789768_t@6820.jpg 252,193,308,270
E:\ͼƬ\1364789768_t@6840.jpg 237,189,311,263
E:\ͼƬ\1364789768_t@6860.jpg 225,186,314,271
E:\ͼƬ\1364789768_t@6880.jpg 271,185,319,270
E:\ͼƬ\1364789768_t@6900.jpg 291,193,323,277
E:\ͼƬ\1364789768_t@6920.jpg 202,190,341,286
E:\ͼƬ\1364789768_t@6940.jpg 17,181,372,319
E:\ͼƬ\1364789768_t@7100.jpg 215,215,58,51 104,215,60,50
E:\ͼƬ\1364789768_t@7120.jpg 124,207,68,61
E:\ͼƬ\1364789768_t@7140.jpg 37,210,83,76
E:\ͼƬ\1364789768_t@7160.jpg 304,202,29,43
E:\ͼƬ\1364789768_t@7180.jpg 335,205,32,38
E:\ͼƬ\1364789768_t@7200.jpg 373,203,36,40
E:\ͼƬ\1364789768_t@7220.jpg 398,200,36,39
E:\ͼƬ\1364789768_t@7240.jpg 407,195,39,39
E:\ͼƬ\1364789768_t@7260.jpg 417,201,37,35
E:\ͼƬ\1364789768_t@7280.jpg 426,201,34,36
E:\ͼƬ\1364789768_t@7300.jpg 433,202,31,33
E:\ͼƬ\1364789768_t@7820.jpg 114,215,324,269
E:\ͼƬ\1364789768_t@7840.jpg 382,215,253,214
E:\ͼƬ\1364789768_t@7860.jpg 517,215,214,188
E:\ͼƬ\1364789768_t@7880.jpg 586,212,190,172
E:\ͼƬ\1364789768_t@7900.jpg 636,217,178,160
E:\ͼƬ\1364789768_t@7920.jpg 656,207,165,149
E:\ͼƬ\1364789768_t@7940.jpg 656,213,156,141
E:\ͼƬ\1364789768_t@7960.jpg 664,210,145,126
E:\ͼƬ\1364789768_t@7980.jpg 666,219,130,115
E:\ͼƬ\1364789768_t@8000.jpg 660,218,118,102
E:\ͼƬ\1364789768_t@8020.jpg 661,211,108,94
E:\ͼƬ\1364789768_t@8040.jpg 649,220,101,87
E:\ͼƬ\1364789768_t@8060.jpg 636,212,92,80
E:\ͼƬ\1364789768_t@8080.jpg 639,212,86,72
E:\ͼƬ\1364789768_t@8100.jpg 618,217,80,69
E:\ͼƬ\1364789768_t@8120.jpg 643,216,74,61
E:\ͼƬ\1364789768_t@8140.jpg 639,215,73,60
E:\ͼƬ\1364789768_t@8160.jpg 628,216,67,56
E:\ͼƬ\1364789768_t@8180.jpg 608,219,65,56
E:\ͼƬ\1364789768_t@8200.jpg 584,215,59,53
E:\ͼƬ\1364789768_t@8220.jpg 555,216,55,51
E:\ͼƬ\1364789768_t@8240.jpg 533,215,56,47
E:\ͼƬ\1364789768_t@8260.jpg 519,216,57,48 87,204,39,48
E:\ͼƬ\1364789768_t@8280.jpg 109,206,41,51 523,219,52,42
E:\ͼƬ\1364789768_t@8300.jpg 11,220,59,48 126,203,37,44 522,217,46,42
E:\ͼƬ\1364789768_t@8320.jpg 41,223,53,46 132,208,36,43 513,220,48,40
E:\ͼƬ\1364789768_t@8340.jpg 519,212,43,42 75,214,50,41 151,200,36,39
E:\ͼƬ\1364789768_t@8360.jpg 511,218,45,35
E:\ͼƬ\1364789768_t@8380.jpg 116,233,44,37 513,229,40,39
E:\ͼƬ\1364789768_t@8400.jpg 531,219,40,36 157,222,40,34
E:\ͼƬ\1364789768_t@8420.jpg 536,210,41,38
E:\ͼƬ\1364789768_t@8440.jpg 193,218,36,31 534,215,40,35
E:\ͼƬ\1364789768_t@8460.jpg 538,217,39,33
E:\ͼƬ\1364789768_t@8480.jpg 537,222,36,32
E:\ͼƬ\1364789768_t@8500.jpg 532,217,37,34
E:\ͼƬ\1364789768_t@8520.jpg 537,219,35,31
E:\ͼƬ\1364789768_t@8540.jpg 541,216,33,34
E:\ͼƬ\1364789768_t@8560.jpg 548,215,37,32
E:\ͼƬ\1364789768_t@8580.jpg 522,218,36,31
E:\ͼƬ\1364789768_t@8600.jpg 533,221,38,33
E:\ͼƬ\1364789768_t@8620.jpg 530,217,35,33
E:\ͼƬ\1364789768_t@8640.jpg 526,221,37,32
E:\ͼƬ\1364789768_t@8660.jpg 529,212,39,34
E:\ͼƬ\1364789768_t@8680.jpg 530,217,43,35
E:\ͼƬ\1364789768_t@8700.jpg 555,211,44,38
E:\ͼƬ\1364789768_t@8720.jpg 615,217,44,42
E:\ͼƬ\1364789768_t@8740.jpg 704,216,43,46
E:\ͼƬ\1364789768_t@8840.jpg 10,218,51,43
E:\ͼƬ\1364790372_t@0.jpg 39,222,102,80 337,226,111,94 497,219,60,52
E:\ͼƬ\1364790372_t@20.jpg 50,224,101,79 296,226,113,96 499,219,58,54
E:\ͼƬ\1364790372_t@40.jpg 53,221,96,76 253,223,111,95 497,216,56,52
E:\ͼƬ\1364790372_t@60.jpg 66,224,95,77 226,226,112,94 355,213,60,58 504,217,53,47
E:\ͼƬ\1364790372_t@80.jpg 90,224,91,73 216,226,112,96 364,215,63,58 515,219,53,48
E:\ͼƬ\1364790372_t@100.jpg 123,222,92,70 229,222,109,95 384,214,62,55 536,216,48,45
E:\ͼƬ\1364790372_t@120.jpg 153,224,87,69 244,227,110,91 398,216,60,51 548,218,50,43
E:\ͼƬ\1364790372_t@140.jpg 175,219,79,64 256,221,112,96 402,210,62,56 553,213,50,43
E:\ͼƬ\1364790372_t@160.jpg 199,216,77,67 270,219,102,91 409,210,61,57 562,216,48,40
E:\ͼƬ\1364790372_t@180.jpg 265,230,105,91 412,218,66,64 568,225,48,41 216,230,73,62
E:\ͼƬ\1364790372_t@200.jpg 246,226,112,96 417,214,68,63 572,218,48,41
E:\ͼƬ\1364790372_t@220.jpg 233,223,113,98 429,210,70,63 581,214,48,39
E:\ͼƬ\1364790372_t@240.jpg 208,221,120,102 434,210,70,69 579,213,48,41
E:\ͼƬ\1364790372_t@260.jpg 179,219,127,106 429,206,73,69 572,215,46,39
E:\ͼƬ\1364790372_t@280.jpg 169,220,127,108 429,208,75,69 568,216,46,37
E:\ͼƬ\1364790372_t@300.jpg 168,226,127,102 431,212,75,70 564,220,42,38
E:\ͼƬ\1364790372_t@320.jpg 179,227,124,102 439,211,72,71 565,219,43,36
E:\ͼƬ\1364790372_t@340.jpg 184,228,121,104 437,213,74,71
E:\ͼƬ\1364790372_t@360.jpg 191,220,117,102 440,208,73,67 560,213,40,37
E:\ͼƬ\1364790372_t@380.jpg 189,224,115,96 434,213,74,64 548,214,41,34
E:\ͼƬ\1364790372_t@400.jpg 191,225,111,92 434,211,74,66 548,213,39,34
E:\ͼƬ\1364790372_t@420.jpg 201,226,109,88 440,211,70,65
E:\ͼƬ\1364790372_t@440.jpg 207,225,106,87 439,212,68,64
E:\ͼƬ\1364790372_t@460.jpg 211,227,106,83 438,209,65,65
E:\ͼƬ\1364790372_t@480.jpg 225,224,100,82 440,211,70,61
E:\ͼƬ\1364790372_t@500.jpg 228,225,96,79 435,216,63,58
E:\ͼƬ\1364790372_t@520.jpg 221,230,93,80 422,217,65,59
E:\ͼƬ\1364790372_t@540.jpg 208,222,93,75 404,209,65,58
E:\ͼƬ\1364790372_t@560.jpg 200,226,86,74 383,215,67,57
E:\ͼƬ\1364790372_t@580.jpg 180,223,88,74 366,212,64,57
E:\ͼƬ\1364790372_t@600.jpg 355,211,62,57 169,224,88,71
E:\ͼƬ\1364790372_t@620.jpg 961,185,281,237 161,224,86,71 351,213,60,56 419,211,49,46
E:\ͼƬ\1364790372_t@640.jpg 169,223,83,69 351,210,58,51 431,206,45,47 898,188,242,210
E:\ͼƬ\1364790372_t@660.jpg 175,230,83,70 353,217,55,50 442,213,41,46 840,203,212,184
E:\ͼƬ\1364790372_t@680.jpg 186,223,85,71 352,209,57,49 449,205,46,50 785,199,199,171
E:\ͼƬ\1364790372_t@700.jpg 742,204,179,155 192,224,84,67 351,213,54,46 446,210,50,45
E:\ͼƬ\1364790372_t@720.jpg 206,221,83,67 355,212,55,45 452,206,44,46 717,200,165,137
E:\ͼƬ\1364790372_t@740.jpg 706,202,146,128 223,222,83,68 365,214,52,45 458,210,45,47
E:\ͼƬ\1364790372_t@760.jpg 234,227,79,66 367,221,49,42 455,215,49,48 688,209,138,117
E:\ͼƬ\1364790372_t@780.jpg 249,223,80,64 685,203,124,113 373,218,46,42 465,215,44,45
E:\ͼƬ\1364790372_t@800.jpg 245,230,78,62 657,213,118,108 980,168,299,295 355,227,48,41 456,223,46,44
E:\ͼƬ\1364790372_t@820.jpg 238,229,76,67 779,182,242,235 336,228,47,40 444,225,45,44
E:\ͼƬ\1364790372_t@840.jpg 243,227,77,62 615,186,202,189
E:\ͼƬ\1364790372_t@860.jpg 504,194,172,166 253,233,71,59
E:\ͼƬ\1364790372_t@880.jpg 274,230,65,58 442,201,156,146
E:\ͼƬ\1364790372_t@900.jpg 420,204,137,130 294,233,60,54 236,236,52,45
E:\ͼƬ\1364790372_t@920.jpg 243,237,51,42 315,235,58,51 408,206,125,120
E:\ͼƬ\1364790372_t@940.jpg 252,239,51,41 330,234,54,48 400,209,116,108
E:\ͼƬ\1364790372_t@960.jpg 255,237,51,40 337,237,49,45 388,216,104,100 497,226,76,70 839,222,339,278
E:\ͼƬ\1364790372_t@980.jpg 669,226,278,227 373,218,102,96 483,228,74,65
E:\ͼƬ\1364790372_t@1000.jpg 379,214,94,84 490,223,72,62 574,227,228,190 299,228,47,39
E:\ͼƬ\1364790372_t@1020.jpg 332,223,49,42 406,213,84,85 508,225,203,175
E:\ͼƬ\1364790372_t@1040.jpg 466,221,191,154
E:\ͼƬ\1364790372_t@1060.jpg 367,219,47,37 442,220,180,153
E:\ͼƬ\1364790372_t@1080.jpg 419,224,169,145 366,220,50,41
E:\ͼƬ\1364790372_t@1100.jpg 367,221,172,136 559,205,47,50
E:\ͼƬ\1364790372_t@1120.jpg 328,216,170,136 570,205,45,48
E:\ͼƬ\1364790372_t@1140.jpg 283,224,166,128 433,211,75,75 572,211,47,50
E:\ͼƬ\1364790372_t@1160.jpg 243,222,159,128 420,207,83,80 571,208,49,55
E:\ͼƬ\1364790372_t@1180.jpg 207,223,164,129 414,210,82,78 574,210,50,51
E:\ͼƬ\1364790372_t@1200.jpg 181,216,161,128 408,201,89,85 581,205,55,53
E:\ͼƬ\1364790372_t@1220.jpg 157,220,168,130 411,202,89,87 592,205,56,59
E:\ͼƬ\1364790372_t@1240.jpg 157,227,162,130 431,205,90,88 613,206,63,62 339,220,61,51
E:\ͼƬ\1364790372_t@1260.jpg 134,221,173,135 333,217,62,48 427,204,93,87 623,201,65,69
E:\ͼƬ\1364790372_t@1280.jpg 116,222,176,133 434,201,86,92 638,201,70,73 330,215,63,52
E:\ͼƬ\1364790372_t@1300.jpg 94,216,179,141 433,201,87,86 660,197,71,79 329,214,61,52
E:\ͼƬ\1364790372_t@1320.jpg 80,221,177,144 328,214,63,53 442,203,86,87 684,196,82,86
E:\ͼƬ\1364790372_t@1340.jpg 444,200,87,85 320,211,64,53 68,213,181,145 708,193,93,96
E:\ͼƬ\1364790372_t@1360.jpg 741,192,102,105 442,204,87,83 309,215,69,54 46,220,194,152 1002,217,276,314
E:\ͼƬ\1364790372_t@1380.jpg 760,212,304,242 430,200,90,81 294,214,70,56 23,218,199,149
E:\ͼƬ\1364790372_t@1400.jpg 1,219,191,154 276,216,71,59 420,205,85,82 609,220,237,200 832,184,129,150
E:\ͼƬ\1364790372_t@1420.jpg 544,213,189,157 906,178,165,173 410,196,87,81 270,211,71,57 1,212,182,155
E:\ͼƬ\1364790372_t@1440.jpg 511,216,161,135 1003,170,223,219 389,204,83,76 250,216,72,57 1,220,154,151
E:\ͼƬ\1364790372_t@1460.jpg 214,220,69,56 353,207,79,81 487,220,138,119
E:\ͼƬ\1364790372_t@1480.jpg 466,218,126,105 328,205,82,74 186,218,71,59 814,219,48,46
E:\ͼƬ\1364790372_t@1500.jpg 169,220,71,62 310,206,80,74 454,217,115,98 856,220,53,47 995,206,61,55
E:\ͼƬ\1364790372_t@1520.jpg 141,216,76,59 291,204,79,74 438,219,104,85 899,217,66,57
E:\ͼƬ\1364790372_t@1540.jpg 130,216,70,61 285,204,80,78 431,218,99,81
E:\ͼƬ\1364790372_t@1560.jpg 1037,222,82,70 426,222,95,78 279,208,81,71 117,221,74,57
E:\ͼƬ\1364790372_t@1580.jpg 112,218,73,60 277,208,81,71 427,222,92,76 1126,224,98,83
E:\ͼƬ\1364790372_t@1600.jpg 113,222,71,58 275,212,82,73 431,223,95,80
E:\ͼƬ\1364790372_t@1620.jpg 118,220,70,58 277,205,79,71 439,218,94,80
E:\ͼƬ\1364790372_t@1640.jpg 134,219,69,53 287,207,77,68 444,220,101,79
E:\ͼƬ\1364790372_t@1660.jpg 154,218,67,51 301,207,73,65 450,219,102,85
E:\ͼƬ\1364790372_t@1680.jpg 166,216,64,50 305,206,69,60 445,213,103,85
E:\ͼƬ\1364790372_t@1700.jpg 188,215,59,48 317,206,64,59 446,217,101,75 1153,234,73,61
E:\ͼƬ\1364790372_t@1720.jpg 23,218,102,82 207,219,56,45 329,209,60,58 449,219,98,80
E:\ͼƬ\1364790372_t@1740.jpg 450,220,93,74 339,211,55,52 224,218,52,42 70,219,91,73 739,231,50,46
E:\ͼƬ\1364790372_t@1760.jpg 104,225,84,64 236,224,49,40 341,216,51,46 448,225,88,69 740,233,53,46
E:\ͼƬ\1364790372_t@1780.jpg 137,222,77,61 256,224,43,39 352,215,49,44 453,225,86,67 1020,228,56,50
E:\ͼƬ\1364790372_t@1800.jpg 172,221,70,58 271,220,45,36 363,213,46,45 461,220,81,67 766,227,57,52
E:\ͼƬ\1364790372_t@1820.jpg 192,222,69,55 461,224,79,62 773,226,58,56 277,223,47,36 370,216,42,43
E:\ͼƬ\1364790372_t@1840.jpg 198,220,63,52 361,214,43,39 450,224,76,59 768,224,60,56
E:\ͼƬ\1364790372_t@1860.jpg 207,225,61,49 362,219,41,40 447,227,74,60 776,229,59,59
E:\ͼƬ\1364790372_t@1880.jpg 460,221,75,62 795,220,65,59 236,222,55,46
E:\ͼƬ\1364790372_t@1900.jpg 244,221,55,47 465,223,73,58 814,219,71,64
E:\ͼƬ\1364790372_t@1920.jpg 37,185,144,161 259,221,51,45 473,225,70,54 842,223,72,68 970,222,72,57
E:\ͼƬ\1364790372_t@1940.jpg 95,188,127,148 273,222,46,44 484,222,69,57 884,219,80,73
E:\ͼƬ\1364790372_t@1960.jpg 131,191,116,140 485,225,67,55 717,221,41,45 932,221,90,79 1142,221,99,77
E:\ͼƬ\1364790372_t@1980.jpg 158,188,107,126 481,217,69,59 1000,212,105,94
E:\ͼƬ\1364790372_t@2000.jpg 192,190,98,118 487,220,66,59 1118,217,122,110
E:\ͼƬ\1364790372_t@2020.jpg 217,195,93,109 488,219,67,57 718,214,50,56
E:\ͼƬ\1364790372_t@2040.jpg 239,194,85,103 479,222,71,57 678,215,55,64
E:\ͼƬ\1364790372_t@2060.jpg 261,197,81,93 474,217,73,59 639,210,60,67
E:\ͼƬ\1364790372_t@2080.jpg 1,223,86,81 284,201,74,86 472,218,73,66 617,212,70,74
E:\ͼƬ\1364790372_t@2100.jpg 37,216,88,73 304,194,68,82 480,215,70,57 613,207,73,78
E:\ͼƬ\1364790372_t@2120.jpg 95,218,81,64 332,200,63,70 501,215,70,60 629,207,76,84
E:\ͼƬ\1364790372_t@2140.jpg 369,203,55,70 532,222,72,57 636,214,80,86
E:\ͼƬ\1364790372_t@2160.jpg 50,223,147,124 351,206,54,64 573,217,87,90
E:\ͼƬ\1364790372_t@2180.jpg 38,220,95,80 125,221,119,104 360,203,51,58 521,210,95,102
E:\ͼƬ\1364790372_t@2200.jpg 86,213,83,71 180,211,98,86 367,199,45,56 483,202,99,104 747,215,44,40 818,212,45,38
E:\ͼƬ\1364790372_t@2220.jpg 151,212,71,59 240,213,88,77 390,201,39,49 469,207,99,100 752,217,46,40 904,215,55,46
E:\ͼƬ\1364790372_t@2240.jpg 187,215,63,51 272,216,71,61 387,205,38,46 449,210,94,96 551,216,61,53 738,218,45,40 999,220,73,61
E:\ͼƬ\1364790372_t@2260.jpg 224,217,54,46 304,216,66,54 440,210,88,89 552,217,65,49 729,216,44,40 1164,216,97,84 393,206,36,43
E:\ͼƬ\1364790372_t@2280.jpg 244,213,51,41 320,213,54,49 429,205,78,84 549,212,60,52 710,210,44,37
E:\ͼƬ\1364790372_t@2300.jpg 42,219,104,84 242,221,41,38 309,221,50,43 399,217,70,75 527,226,55,46 678,223,41,38
E:\ͼƬ\1364790372_t@2320.jpg 952,234,327,384 53,218,78,67 201,218,41,36 262,219,44,37 332,218,68,65 470,221,53,46 617,218,41,35
E:\ͼƬ\1364790372_t@2340.jpg 505,225,280,247 254,219,64,58 20,221,69,58 410,221,52,45
E:\ͼƬ\1364790372_t@2360.jpg 53,224,56,48 312,230,215,186 247,219,59,60
E:\ͼƬ\1364790372_t@2380.jpg 109,222,52,38 243,228,177,142 480,215,49,43
E:\ͼƬ\1364790372_t@2400.jpg 168,218,44,37 233,220,151,120 551,212,50,45
E:\ͼƬ\1364790372_t@2420.jpg 199,225,44,34 236,225,127,108 623,219,50,39
E:\ͼƬ\1364790372_t@2440.jpg 222,224,112,94 690,220,51,45
E:\ͼƬ\1364790372_t@2460.jpg 160,218,100,85 736,223,49,42
E:\ͼƬ\1364790372_t@2480.jpg 9,223,101,82 734,234,49,42
E:\ͼƬ\1364790372_t@2500.jpg 719,233,54,46
E:\ͼƬ\1364790372_t@2520.jpg 701,229,53,49
E:\ͼƬ\1364790372_t@2540.jpg 711,224,52,48
E:\ͼƬ\1364790372_t@2560.jpg 739,228,56,49
E:\ͼƬ\1364790372_t@2580.jpg 722,216,58,53
E:\ͼƬ\1364790372_t@2600.jpg 652,221,65,52
E:\ͼƬ\1364790372_t@2620.jpg 584,225,72,61
E:\ͼƬ\1364790372_t@2640.jpg 533,221,77,63
E:\ͼƬ\1364790372_t@2660.jpg 485,223,86,70
E:\ͼƬ\1364790372_t@2680.jpg 462,220,92,77
E:\ͼƬ\1364790372_t@2700.jpg 441,216,105,81
E:\ͼƬ\1364790372_t@2720.jpg 434,222,112,87
E:\ͼƬ\1364790372_t@2740.jpg 419,215,123,99
E:\ͼƬ\1364790372_t@2760.jpg 415,213,135,111
E:\ͼƬ\1364790372_t@2780.jpg 417,216,143,118
E:\ͼƬ\1364790372_t@2800.jpg 423,223,156,121
E:\ͼƬ\1364790372_t@2820.jpg 417,218,168,134
E:\ͼƬ\1364790372_t@2840.jpg 406,219,182,144
E:\ͼƬ\1364790372_t@2860.jpg 403,218,189,152
E:\ͼƬ\1364790372_t@2880.jpg 401,213,197,162
E:\ͼƬ\1364790372_t@2900.jpg 408,218,205,160
E:\ͼƬ\1364790372_t@2920.jpg 432,215,207,166
E:\ͼƬ\1364790372_t@2940.jpg 480,224,202,161
E:\ͼƬ\1364790372_t@2960.jpg 522,212,203,168
E:\ͼƬ\1364790372_t@2980.jpg 530,214,212,171
E:\ͼƬ\1364790372_t@3000.jpg 517,213,217,173
E:\ͼƬ\1364790372_t@3020.jpg 499,232,225,168 752,232,64,56
E:\ͼƬ\1364790372_t@3040.jpg 476,229,234,181 743,230,75,63
E:\ͼƬ\1364790372_t@3060.jpg 229,223,67,77 468,233,240,187 739,227,74,66
E:\ͼƬ\1364790372_t@3080.jpg 466,222,234,193 733,227,85,67
E:\ͼƬ\1364790372_t@3100.jpg 417,221,71,74 480,221,231,187 737,226,86,75
E:\ͼƬ\1364790372_t@3120.jpg 486,239,217,175 734,238,89,76
E:\ͼƬ\1364790372_t@3140.jpg 506,234,210,172 733,235,92,77
E:\ͼƬ\1364790372_t@3160.jpg 513,211,207,167 729,211,97,84
E:\ͼƬ\1364790372_t@3180.jpg 450,230,115,99 535,227,203,165 744,227,96,85
E:\ͼƬ\1364790372_t@3200.jpg 103,209,54,51 188,212,64,66 422,229,124,111 547,226,202,167 732,230,97,84
E:\ͼƬ\1364790372_t@3220.jpg 114,196,50,50 195,207,61,51 366,221,144,123 551,225,206,164
E:\ͼƬ\1364790372_t@3240.jpg 287,221,166,139 529,222,208,165
E:\ͼƬ\1364790372_t@3260.jpg 181,226,194,152 479,220,204,167
E:\ͼƬ\1364790372_t@3280.jpg 31,228,228,182 420,225,209,172
E:\ͼƬ\1364790372_t@3300.jpg 404,221,214,178 132,215,152,137
E:\ͼƬ\1364790372_t@3320.jpg 79,219,183,153 405,224,206,169 619,229,78,73 330,221,56,43
E:\ͼƬ\1364790372_t@3340.jpg 27,223,202,159 402,223,187,158 656,227,96,90 325,215,55,45
E:\ͼƬ\1364790372_t@3360.jpg 2,222,212,182 414,226,165,141 729,218,126,125 334,214,50,44
E:\ͼƬ\1364790372_t@3380.jpg 316,211,49,44 401,223,150,121 842,223,207,174
E:\ͼƬ\1364790372_t@3400.jpg 311,211,51,43 391,217,142,118
E:\ͼƬ\1364790372_t@3420.jpg 388,218,136,112 316,219,51,39
E:\ͼƬ\1364790372_t@3440.jpg 370,223,133,110 1052,213,136,110
E:\ͼƬ\1364790372_t@3460.jpg 368,224,130,101 995,221,99,95
E:\ͼƬ\1364790372_t@3480.jpg 306,223,44,40 347,222,129,102 697,226,62,57 821,223,68,61 1070,201,136,125
E:\ͼƬ\1364790372_t@3500.jpg 292,229,47,44 324,233,133,98 753,227,82,74 918,218,97,86
E:\ͼƬ\1364790372_t@3520.jpg 297,223,130,105 871,223,127,106 1140,207,139,124 516,222,50,46
E:\ͼƬ\1364790372_t@3540.jpg 286,228,132,99 537,221,55,49 810,219,69,58
E:\ͼƬ\1364790372_t@3560.jpg 289,225,128,101 564,222,60,54 942,218,99,83 488,222,49,43
E:\ͼƬ\1364790372_t@3580.jpg 270,226,128,106 476,223,53,46 576,224,68,60 642,177,72,89
E:\ͼƬ\1364790372_t@3600.jpg 266,221,130,107 461,218,58,56 596,217,80,75 686,162,88,109
E:\ͼƬ\1364790372_t@3620.jpg 246,223,136,107 429,224,61,59 606,224,91,85 743,150,115,140
E:\ͼƬ\1364790372_t@3640.jpg 215,222,151,121 614,222,105,97 853,117,164,198
E:\ͼƬ\1364790372_t@3660.jpg 226,223,160,131 639,222,129,113
E:\ͼƬ\1364790372_t@3680.jpg 159,217,80,67 246,216,172,141 660,216,146,134
E:\ͼƬ\1364790372_t@3700.jpg 182,217,120,96 305,216,181,146 710,217,166,149
E:\ͼƬ\1364790372_t@3720.jpg 39,230,149,117 363,226,178,150 777,232,186,158
E:\ͼƬ\1364790372_t@3740.jpg 78,224,106,88 404,223,177,145 848,225,199,174 333,224,60,52
E:\ͼƬ\1364790372_t@3760.jpg 3,224,120,92 291,223,63,55 411,221,170,137 875,222,205,172
E:\ͼƬ\1364790372_t@3780.jpg 260,221,67,58 413,216,176,144 878,215,194,167
E:\ͼƬ\1364790372_t@3800.jpg 222,223,75,65 412,219,169,136 846,220,177,148
E:\ͼƬ\1364790372_t@3820.jpg 201,224,85,73 418,220,164,134 811,218,161,144
E:\ͼƬ\1364790372_t@3840.jpg 134,220,84,80 188,229,101,84 425,222,171,138 783,221,146,128
E:\ͼƬ\1364790372_t@3860.jpg 53,209,109,95 163,219,109,99 417,213,175,143 745,219,130,112
E:\ͼƬ\1364790372_t@3880.jpg 147,224,122,102 417,215,180,143 721,216,116,97 942,210,94,82
E:\ͼƬ\1364790372_t@3900.jpg 143,221,130,118 422,216,176,140 707,221,101,94 1080,217,125,105
E:\ͼƬ\1364790372_t@3920.jpg 148,222,144,119 429,217,176,144 699,218,94,86
E:\ͼƬ\1364790372_t@3940.jpg 159,227,144,121 436,219,173,140 697,217,83,80
E:\ͼƬ\1364790372_t@3960.jpg 35,217,130,113 175,222,144,126 445,216,168,145 692,219,82,71
E:\ͼƬ\1364790372_t@3980.jpg 196,219,138,117 450,214,182,146 695,214,74,66
E:\ͼƬ\1364790372_t@4000.jpg 207,230,133,109 412,168,91,99 477,220,202,162 717,218,69,65
E:\ͼƬ\1364790372_t@4020.jpg 302,230,129,98 520,159,92,108 630,221,240,186
E:\ͼƬ\1364790372_t@4040.jpg 391,226,121,95 630,153,99,121 748,195,138,134 861,215,335,257
E:\ͼƬ\1364790372_t@4060.jpg 430,229,114,96 681,150,116,143 870,201,175,161 598,225,56,48
E:\ͼƬ\1364790372_t@4080.jpg 388,225,114,100 562,220,62,52 654,138,129,159 940,192,236,209
E:\ͼƬ\1364790372_t@4100.jpg 278,222,119,109 561,124,153,192 1002,181,277,298 460,220,65,56
E:\ͼƬ\1364790372_t@4120.jpg 198,222,123,104 371,217,70,61 475,97,192,226
E:\ͼƬ\1364790372_t@4140.jpg 1032,165,247,298 159,219,133,107 327,215,79,64 438,61,237,285
E:\ͼƬ\1364790372_t@4160.jpg 149,221,137,114 417,9,314,367 804,204,182,184 306,217,90,74
E:\ͼƬ\1364790372_t@4180.jpg 124,220,146,120 874,200,247,235 368,2,441,429
E:\ͼƬ\1364790372_t@4200.jpg 92,220,154,124 296,4,636,517 944,202,295,280
E:\ͼƬ\1364790372_t@4220.jpg 69,217,138,133
E:\ͼƬ\1364790372_t@4720.jpg 274,1,583,484
E:\ͼƬ\1364790372_t@4740.jpg 314,3,468,438 1016,171,259,312
E:\ͼƬ\1364790372_t@4760.jpg 346,2,378,405 942,184,308,274
E:\ͼƬ\1364790372_t@4780.jpg 345,24,327,369 902,191,293,265 228,232,107,87 25,238,158,149 648,225,102,101
E:\ͼƬ\1364790372_t@4800.jpg 2,236,164,154 219,227,113,92 351,37,299,337 644,218,101,101 915,182,295,274
E:\ͼƬ\1364790372_t@4820.jpg 3,241,130,161 201,227,119,103 345,41,296,329 639,223,106,94 939,174,323,296
E:\ͼƬ\1364790372_t@4840.jpg 156,223,136,113 340,43,286,317 636,214,104,98 983,162,291,335
E:\ͼƬ\1364790372_t@4860.jpg 99,232,153,134 345,58,266,300 635,216,103,97
E:\ͼƬ\1364790372_t@4880.jpg 21,235,188,158 353,71,261,284 650,215,104,94
E:\ͼƬ\1364790372_t@4900.jpg 114,204,136,140 361,72,255,283 679,215,105,97
E:\ͼƬ\1364790372_t@4920.jpg 23,192,171,179 369,67,254,278 726,211,114,102
E:\ͼƬ\1364790372_t@4940.jpg 372,59,259,288 793,207,127,118
E:\ͼƬ\1364790372_t@4960.jpg 384,65,259,288 888,215,144,135
E:\ͼƬ\1364790372_t@4980.jpg 405,63,251,288 1018,207,167,159
E:\ͼƬ\1364790372_t@5000.jpg 429,68,246,286 700,222,57,60
E:\ͼƬ\1364790372_t@5020.jpg 469,73,238,282 716,224,63,58 802,215,43,44
E:\ͼƬ\1364790372_t@5040.jpg 491,69,237,288 823,212,47,47
E:\ͼƬ\1364790372_t@5060.jpg 524,60,246,291 868,201,50,57
E:\ͼƬ\1364790372_t@5080.jpg 558,51,259,289 924,198,61,65
E:\ͼƬ\1364790372_t@5100.jpg 587,60,265,298 992,202,76,74
E:\ͼƬ\1364790372_t@5120.jpg 615,48,278,304 1101,188,94,101
E:\ͼƬ\1364790372_t@5140.jpg 658,44,285,318
E:\ͼƬ\1364790372_t@5160.jpg 706,35,287,336
E:\ͼƬ\1364790372_t@5180.jpg 770,5,322,362
E:\ͼƬ\1364790372_t@5200.jpg 837,2,379,408
E:\ͼƬ\1364790372_t@5280.jpg 664,220,48,46 589,221,37,33
E:\ͼƬ\1364790372_t@5300.jpg 676,216,45,46 595,217,39,38
E:\ͼƬ\1364790372_t@5320.jpg 601,216,38,35 687,217,49,43
E:\ͼƬ\1364790372_t@5340.jpg 598,221,38,36 693,223,51,45
E:\ͼƬ\1364790372_t@5360.jpg 599,222,44,35 709,225,54,49
E:\ͼƬ\1364790372_t@5380.jpg 598,219,39,38 721,223,63,53
E:\ͼƬ\1364790372_t@5400.jpg 589,221,41,34 737,224,70,65 676,223,47,40 1152,230,111,78
E:\ͼƬ\1364790372_t@5420.jpg 577,222,46,39 663,226,50,49 758,227,78,71 888,229,51,39
E:\ͼƬ\1364790372_t@5440.jpg 580,221,46,43 657,222,56,51 798,226,101,89 968,225,66,54
E:\ͼƬ\1364790372_t@5460.jpg 582,218,50,43 657,222,65,56 883,223,129,111 802,219,59,48 1138,221,93,81
E:\ͼƬ\1364790372_t@5480.jpg 587,213,52,47 650,216,69,62 832,216,59,56 1021,217,171,153
E:\ͼƬ\1364790372_t@5500.jpg 584,216,51,52 634,220,76,67 850,221,65,61
E:\ͼƬ\1364790372_t@5520.jpg 610,214,83,75 859,216,71,63
E:\ͼƬ\1364790372_t@5540.jpg 595,219,87,82 871,219,76,71
E:\ͼƬ\1364790372_t@5560.jpg 560,219,96,85 859,218,86,76
E:\ͼƬ\1364790372_t@5580.jpg 537,220,105,89 869,218,85,78 396,192,46,46
E:\ͼƬ\1364790372_t@5600.jpg 389,186,45,47 518,214,106,96 871,213,87,80
E:\ͼƬ\1364790372_t@5620.jpg 26,203,145,129 497,219,115,93 875,216,95,82 390,184,46,51
E:\ͼƬ\1364790372_t@5640.jpg 52,206,151,141 398,189,45,52 489,226,113,97 879,219,96,88 981,163,83,121
E:\ͼƬ\1364790372_t@5660.jpg 86,191,174,159 407,177,47,47 479,216,112,96 895,215,94,85 1103,146,96,145
E:\ͼƬ\1364790372_t@5680.jpg 150,195,192,174 486,217,108,97 940,220,90,84
E:\ͼƬ\1364790372_t@5700.jpg 56,97,121,174 2,209,58,63 258,192,215,189 984,217,93,80 1088,217,80,64 672,217,39,30
E:\ͼƬ\1364790372_t@5720.jpg 386,198,212,194 146,115,103,162 1011,219,92,79
E:\ͼƬ\1364790372_t@5740.jpg 217,127,100,152 433,232,89,76 545,205,208,206 29,224,55,48 1045,227,93,76
E:\ͼƬ\1364790372_t@5760.jpg 296,123,95,149 425,222,89,78 720,198,217,197 1112,221,87,73 142,215,51,41 549,209,40,38
E:\ͼƬ\1364790372_t@5780.jpg 391,123,91,135 469,215,85,76 121,217,74,63 918,199,212,178
E:\ͼƬ\1364790372_t@5800.jpg 261,213,66,64 474,124,88,136 537,212,82,76 1103,201,174,169
E:\ͼƬ\1364790372_t@5820.jpg 53,172,132,174 346,218,64,60 520,133,81,129 594,220,81,70
E:\ͼƬ\1364790372_t@5840.jpg 58,231,110,90 170,185,128,166 390,221,59,57 522,137,90,126 630,221,76,67
E:\ͼƬ\1364790372_t@5860.jpg 47,212,99,87 151,173,128,163 440,126,87,131 565,218,78,67
E:\ͼƬ\1364790372_t@5880.jpg 36,215,102,90 140,175,135,169 388,127,85,137 520,222,80,71
E:\ͼƬ\1364790372_t@5900.jpg 39,219,108,92 151,176,135,167 359,128,86,130 503,219,74,69
E:\ͼƬ\1364790372_t@5920.jpg 46,223,104,90 157,177,139,176 336,130,93,134 487,220,80,72
E:\ͼƬ\1364790372_t@5940.jpg 39,215,117,99 172,167,149,183 481,213,79,71 321,117,99,139
E:\ͼƬ\1364790372_t@5960.jpg 52,218,120,106 220,167,154,196 488,216,85,77 334,118,98,146
E:\ͼƬ\1364790372_t@5980.jpg 65,219,133,109 276,160,167,208 508,218,87,76
E:\ͼƬ\1364790372_t@6000.jpg 49,219,144,120 333,165,167,211 522,223,88,81
E:\ͼƬ\1364790372_t@6020.jpg 2,220,132,126 361,163,168,220 273,221,88,84
E:\ͼƬ\1364790372_t@6040.jpg 272,220,104,84 384,163,176,227
E:\ͼƬ\1364790372_t@6060.jpg 81,212,101,88 274,216,98,83 355,120,97,150 411,157,173,229
E:\ͼƬ\1364790372_t@6080.jpg 104,229,95,76 262,232,104,79 346,134,95,145 419,165,187,238
E:\ͼƬ\1364790372_t@6100.jpg 113,227,90,75 249,228,110,82 339,134,91,137 421,160,187,241
E:\ͼƬ\1364790372_t@6120.jpg 159,239,82,71 267,241,105,82 362,148,86,137 442,171,194,261
E:\ͼƬ\1364790372_t@6140.jpg 168,231,72,67 255,233,101,83 352,141,89,134 436,162,210,272
E:\ͼƬ\1364790372_t@6160.jpg 172,226,75,60 254,227,103,85 346,137,86,131 431,151,209,282
E:\ͼƬ\1364790372_t@6180.jpg 204,224,68,57 278,227,90,74 363,143,80,122 430,150,213,273
E:\ͼƬ\1364790372_t@6200.jpg 228,224,62,55 284,225,95,72 364,142,81,121 417,150,219,279
E:\ͼƬ\1364790372_t@6220.jpg 10,225,115,97 299,229,79,70 373,151,71,122 410,155,225,288
E:\ͼƬ\1364790372_t@6240.jpg 44,216,104,90 296,218,77,72 389,139,223,296
E:\ͼƬ\1364790372_t@6260.jpg 110,211,95,75 399,138,212,278
E:\ͼƬ\1364790372_t@6280.jpg 153,227,78,70 392,156,199,265
E:\ͼƬ\1364790372_t@6300.jpg 174,231,77,59 367,162,183,236
E:\ͼƬ\1364790372_t@6320.jpg 49,235,107,94 352,177,165,222 203,242,63,55
E:\ͼƬ\1364790372_t@6340.jpg 117,234,93,80 344,177,163,206 469,172,100,122 238,237,56,48
E:\ͼƬ\1364790372_t@6360.jpg 149,227,84,71 333,178,158,209 460,167,108,122 252,229,48,43
E:\ͼƬ\1364790372_t@6380.jpg 198,228,71,60 345,175,164,206 467,155,110,135
E:\ͼƬ\1364790372_t@6400.jpg 223,213,66,60 356,168,153,202 458,143,115,143
E:\ͼƬ\1364790372_t@6420.jpg 24,167,184,194 361,163,156,203 466,136,122,150 262,214,62,55
E:\ͼƬ\1364790372_t@6440.jpg 122,181,155,163 366,169,150,203 487,139,124,152
E:\ͼƬ\1364790372_t@6460.jpg 269,201,126,137 422,176,145,192 548,142,139,170
E:\ͼƬ\1364790372_t@6480.jpg 396,205,102,123 492,178,142,196 625,135,150,183
E:\ͼƬ\1364790372_t@6500.jpg 449,210,69,109 496,183,145,200 655,126,170,199
E:\ͼƬ\1364790372_t@6520.jpg 12,217,216,179 461,170,153,201 682,95,194,236
E:\ͼƬ\1364790372_t@6540.jpg 105,253,182,142 438,197,163,220 720,96,253,289
E:\ͼƬ\1364790372_t@6560.jpg 163,227,156,127 419,167,171,227 798,10,326,380
E:\ͼƬ\1364790372_t@6580.jpg 205,223,136,110 400,165,175,232
E:\ͼƬ\1364790372_t@6600.jpg 229,215,118,98 382,155,177,234
E:\ͼƬ\1364790372_t@6620.jpg 250,227,105,87 361,172,176,231 552,179,57,87
E:\ͼƬ\1364790372_t@6640.jpg 270,225,91,80 346,168,187,239 552,174,59,87
E:\ͼƬ\1364790372_t@6660.jpg 290,223,76,66 357,163,188,245 553,170,61,93
E:\ͼƬ\1364790372_t@6680.jpg 305,226,68,65 367,166,184,243 554,168,61,101
E:\ͼƬ\1364790372_t@6700.jpg 314,224,69,61 373,158,192,249 543,161,66,107
E:\ͼƬ\1364790372_t@6720.jpg 315,227,67,58 382,164,184,249 535,167,66,105
E:\ͼƬ\1364790372_t@6740.jpg 320,228,64,53 386,165,182,241 538,162,64,113
E:\ͼƬ\1364790372_t@6760.jpg 319,223,56,49 368,161,182,234 530,154,69,111
E:\ͼƬ\1364790372_t@6780.jpg 363,166,176,240 538,158,73,118
E:\ͼƬ\1364790372_t@6800.jpg 354,164,173,226 545,150,73,121
E:\ͼƬ\1364790372_t@6820.jpg 364,171,167,218 558,152,80,123
E:\ͼƬ\1364790372_t@6840.jpg 367,158,162,218 562,137,82,126
E:\ͼƬ\1364790372_t@6860.jpg 372,166,159,213 557,134,87,136
E:\ͼƬ\1364790372_t@6880.jpg 379,162,152,208 559,130,92,144
E:\ͼƬ\1364790372_t@6900.jpg 1,232,182,156 389,176,151,201 571,132,91,151
E:\ͼƬ\1364790372_t@6920.jpg 31,236,171,136 385,182,150,193 565,124,102,159
E:\ͼƬ\1364790372_t@6940.jpg 65,226,159,127 383,176,143,189 570,113,111,173
E:\ͼƬ\1364790372_t@6960.jpg 100,228,148,116 381,176,145,192 580,109,120,181
E:\ͼƬ\1364790372_t@6980.jpg 137,224,134,113 385,171,142,190 601,96,123,195
E:\ͼƬ\1364790372_t@7000.jpg 165,231,134,110 388,180,137,193 613,90,143,215
E:\ͼƬ\1364790372_t@7020.jpg 171,224,128,106 369,171,148,196 623,63,162,239
E:\ͼƬ\1364790372_t@7040.jpg 177,225,128,106 361,170,149,193 650,41,179,277
E:\ͼƬ\1364790372_t@7060.jpg 195,226,125,104 366,175,147,200 676,15,215,315
E:\ͼƬ\1364790372_t@7080.jpg 209,219,121,105 373,167,153,205
E:\ͼƬ\1364790372_t@7060.jpg 197,227,121,102 363,174,150,198 672,14,220,320
E:\ͼƬ\1364790372_t@7080.jpg 207,219,126,103 373,170,153,199 701,1,268,336
E:\ͼƬ\1364790372_t@7100.jpg 219,223,121,100 385,165,153,207 749,0,321,370
E:\ͼƬ\1364790372_t@7120.jpg 220,219,119,94 388,168,152,197 837,1,385,404
E:\ͼƬ\1364790372_t@7140.jpg 226,222,116,93 393,169,153,197
E:\ͼƬ\1364790372_t@7160.jpg 216,219,121,91 386,171,150,194
E:\ͼƬ\1364790372_t@7180.jpg 212,224,116,94 383,172,153,202
E:\ͼƬ\1364790372_t@7200.jpg 201,219,117,98 369,164,160,215
E:\ͼƬ\1364790372_t@7220.jpg 197,220,126,96 367,161,168,224
E:\ͼƬ\1364790372_t@7240.jpg 192,212,125,103 371,154,174,229
E:\ͼƬ\1364790372_t@7260.jpg 170,213,128,101 350,154,184,240
E:\ͼƬ\1364790372_t@7280.jpg 111,209,133,109 278,154,193,245
E:\ͼƬ\1364790372_t@7300.jpg 37,208,129,105 169,148,196,245
E:\ͼƬ\1364790372_t@7320.jpg 12,149,204,246
E:\ͼƬ\1364790372_t@7340.jpg 1018,189,96,85
E:\ͼƬ\1364790372_t@7360.jpg 1108,144,81,107 989,189,95,99
E:\ͼƬ\1364790372_t@7380.jpg 971,186,99,98
E:\ͼƬ\1364790372_t@7400.jpg 956,191,91,104
E:\ͼƬ\1364790372_t@7420.jpg 927,195,98,94
E:\ͼƬ\1364790372_t@7480.jpg 8,188,98,120
E:\ͼƬ\1364790372_t@7500.jpg 59,193,84,107
E:\ͼƬ\1364790372_t@7520.jpg 83,193,74,89
E:\ͼƬ\1364790372_t@7540.jpg 91,196,63,80
E:\ͼƬ\1364790372_t@7560.jpg 652,205,70,68 834,218,68,58 76,202,58,68
E:\ͼƬ\1364790372_t@7580.jpg 23,206,58,66 569,205,66,64 716,214,62,49
E:\ͼƬ\1364790372_t@7600.jpg 496,208,63,60 617,219,56,44
E:\ͼƬ\1364790372_t@7620.jpg 460,226,55,55 554,233,50,40
E:\ͼƬ\1364790372_t@7640.jpg 478,218,55,55 547,226,44,39
E:\ͼƬ\1364790372_t@7660.jpg 1118,203,136,136 519,217,55,52
E:\ͼƬ\1364790372_t@7680.jpg 552,229,52,51 1106,225,121,122
E:\ͼƬ\1364790372_t@7700.jpg 560,214,54,51 1070,208,126,116
E:\ͼƬ\1364790372_t@7720.jpg 562,218,48,49 1032,216,111,105
E:\ͼƬ\1364790372_t@7740.jpg 554,212,52,51 984,216,108,101
E:\ͼƬ\1364790372_t@7760.jpg 561,223,52,49 965,219,105,103
E:\ͼƬ\1364790372_t@7780.jpg 558,209,52,52 954,208,101,98
E:\ͼƬ\1364790372_t@7800.jpg 558,218,56,54 945,213,101,106
E:\ͼƬ\1364790372_t@7820.jpg 563,215,59,58 965,218,96,96
E:\ͼƬ\1364790372_t@7840.jpg 574,213,65,64 991,212,100,100
E:\ͼƬ\1364790372_t@7860.jpg 576,207,81,73 1007,205,104,104
E:\ͼƬ\1364790372_t@7880.jpg 596,207,89,89 1028,205,117,112
E:\ͼƬ\1364790372_t@7900.jpg 621,194,110,108 1085,201,116,112
E:\ͼƬ\1364790372_t@7920.jpg 661,191,146,140 1130,196,135,131
E:\ͼƬ\1364790372_t@7940.jpg 614,217,86,76 744,181,217,198 560,209,51,52
E:\ͼƬ\1364790372_t@7960.jpg 644,217,115,97 978,159,297,350 566,206,66,58
E:\ͼƬ\1364790372_t@7980.jpg 698,217,161,141 585,203,85,76
E:\ͼƬ\1364790372_t@8000.jpg 621,199,100,99 810,224,246,192
E:\ͼƬ\1364790372_t@8020.jpg 679,196,146,144
E:\ͼƬ\1364790372_t@8040.jpg 816,185,266,237 1094,196,181,179
E:\ͼƬ\1364790372_t@8060.jpg 819,148,203,257
E:\ͼƬ\1364790372_t@8080.jpg 823,187,264,241
E:\ͼƬ\1364790372_t@8380.jpg 973,226,73,59 793,229,47,35
E:\ͼƬ\1364790372_t@8400.jpg 1084,218,86,72 844,221,56,46
E:\ͼƬ\1364790372_t@8420.jpg 855,223,61,50
E:\ͼƬ\1364790372_t@8440.jpg 881,220,79,62
E:\ͼƬ\1364790372_t@8460.jpg 986,219,100,80 564,194,49,52
E:\ͼƬ\1364790372_t@8480.jpg 617,194,52,63
E:\ͼƬ\1364790372_t@8500.jpg 678,182,59,66
E:\ͼƬ\1364790372_t@8520.jpg 695,188,63,73
E:\ͼƬ\1364790372_t@8540.jpg 665,185,67,75
E:\ͼƬ\1364790372_t@8560.jpg 766,224,342,266
E:\ͼƬ\1364790372_t@8580.jpg 688,217,246,206
E:\ͼƬ\1364790372_t@8600.jpg 788,165,93,110 619,216,197,174
E:\ͼƬ\1364790372_t@8620.jpg 528,230,154,140
E:\ͼƬ\1364790372_t@8640.jpg 225,225,271,248 787,146,129,166
E:\ͼƬ\1364790372_t@8660.jpg 336,216,142,123 838,111,160,186 488,167,78,92
E:\ͼƬ\1364790372_t@8680.jpg 306,226,141,120 477,167,86,103 1015,71,214,289
E:\ͼƬ\1364790372_t@8700.jpg 261,222,151,131 455,158,93,117 1,218,113,100
E:\ͼƬ\1364790372_t@8720.jpg 34,214,97,85 211,212,176,155 416,141,107,134
E:\ͼƬ\1364790372_t@8740.jpg 27,215,83,70 114,219,211,177 351,143,125,146
E:\ͼƬ\1364790372_t@8760.jpg 239,136,152,168
E:\ͼƬ\1364790372_t@8780.jpg 80,114,193,210
E:\ͼƬ\1364790372_t@8800.jpg 427,216,34,38 518,224,38,32
E:\ͼƬ\1364790372_t@8820.jpg 211,227,43,41 473,211,35,45 563,223,44,36
E:\ͼƬ\1364790372_t@8840.jpg 271,223,40,37 618,218,60,48 536,204,39,52
E:\ͼƬ\1364790372_t@8860.jpg 702,212,73,66 642,195,40,62 328,217,39,38
E:\ͼƬ\1364790372_t@8880.jpg 371,209,35,33 568,208,30,31 814,205,102,89
E:\ͼƬ\1364790372_t@8900.jpg 527,213,43,39 975,216,176,133 377,211,33,31
E:\ͼƬ\1364790372_t@8920.jpg 454,207,50,43 340,203,35,30
E:\ͼƬ\1364790372_t@8940.jpg 312,204,44,39 216,196,33,26
E:\ͼƬ\1364790372_t@8960.jpg 89,200,51,46
E:\ͼƬ\1365487719_t@0.jpg 740,300,106,93 906,306,59,51 991,303,63,54
E:\ͼƬ\1365487719_t@20.jpg 746,302,111,95 911,303,76,66 1001,301,71,66
E:\ͼƬ\1365487719_t@40.jpg 628,287,67,59 734,299,114,99 921,306,92,79
E:\ͼƬ\1365487719_t@60.jpg 570,289,85,75 721,301,121,101 957,312,126,111
E:\ͼƬ\1365487719_t@80.jpg 485,284,114,99 695,296,122,109 876,308,92,77 1042,319,190,166
E:\ͼƬ\1365487719_t@100.jpg 360,292,161,132 668,309,120,108 880,319,107,99 992,315,86,85 515,298,89,80
E:\ͼƬ\1365487719_t@120.jpg 194,276,237,197 485,289,107,90 669,302,128,108 926,314,138,122
E:\ͼƬ\1365487719_t@140.jpg 441,286,124,106 666,294,131,120 989,311,184,165
E:\ͼƬ\1365487719_t@160.jpg 390,292,144,125 657,304,137,120 890,311,127,106
E:\ͼƬ\1365487719_t@180.jpg 286,183,148,167 347,283,169,147 661,296,143,125 924,306,158,143 513,257,96,102 823,289,94,80 1127,299,149,131
E:\ͼƬ\1365487719_t@200.jpg 190,156,188,211 310,284,194,161 661,298,154,137 983,307,183,165 842,283,106,92 507,250,101,115
E:\ͼƬ\1365487719_t@220.jpg 28,115,251,276 271,281,209,177 658,297,171,153 497,249,110,121 858,281,119,105 1048,311,228,195
E:\ͼƬ\1365487719_t@240.jpg 213,272,237,193 487,242,113,125 642,287,201,178 875,281,136,121
E:\ͼƬ\1365487719_t@260.jpg 165,278,257,198 461,249,112,133 614,295,232,207 879,285,159,144
E:\ͼƬ\1365487719_t@280.jpg 182,272,247,198 455,247,114,135 588,295,280,250 914,281,173,164 1113,313,98,99
E:\ͼƬ\1365487719_t@300.jpg 207,275,213,176 441,253,107,118 529,292,330,285 924,290,177,154 86,159,186,207
E:\ͼƬ\1365487719_t@320.jpg 246,284,191,163 430,253,104,117 473,299,382,325 932,304,173,161
E:\ͼƬ\1365487719_t@340.jpg 294,286,158,144 401,303,382,320 929,307,165,158
E:\ͼƬ\1365487719_t@360.jpg 299,297,365,301 913,297,161,147
E:\ͼƬ\1365487719_t@380.jpg 207,277,349,285 583,281,138,127 917,277,159,151
E:\ͼƬ\1365487719_t@400.jpg 121,282,339,279 579,288,147,135 927,285,164,153
E:\ͼƬ\1365487719_t@420.jpg 61,279,330,272 409,294,123,114 585,295,157,142 959,291,179,159
E:\ͼƬ\1365487719_t@440.jpg 10,273,322,267 444,295,118,104 572,298,174,159 999,296,196,175
E:\ͼƬ\1365487719_t@460.jpg 1,283,289,244 550,307,190,173 730,313,126,108 1029,302,222,206 482,300,106,97
E:\ͼƬ\1365487719_t@480.jpg 55,293,260,205 553,298,212,190 773,305,130,116
E:\ͼƬ\1365487719_t@500.jpg 201,273,213,186 610,284,219,204 848,292,141,127
E:\ͼƬ\1365487719_t@520.jpg 316,267,177,156 634,279,216,199 879,297,149,125
E:\ͼƬ\1365487719_t@540.jpg 388,283,148,120 619,287,209,186 877,301,150,124
E:\ͼƬ\1365487719_t@560.jpg 460,306,122,106 612,304,190,168 880,317,162,131
E:\ͼƬ\1365487719_t@580.jpg 527,315,107,90 613,320,179,162 920,328,173,143
E:\ͼƬ\1365487719_t@600.jpg 690,313,159,149 1042,327,192,153
E:\ͼƬ\1365487719_t@620.jpg 6,261,486,396 732,285,150,136
E:\ͼƬ\1365487719_t@640.jpg 296,268,411,350 800,291,137,124 1035,303,73,69
E:\ͼƬ\1365487719_t@660.jpg 466,290,371,327 832,303,120,117 1024,314,73,69
E:\ͼƬ\1365487719_t@680.jpg 543,295,331,288
E:\ͼƬ\1365487719_t@700.jpg 583,298,288,260
E:\ͼƬ\1365487719_t@720.jpg 600,302,270,236
E:\ͼƬ\1365487719_t@740.jpg 599,304,252,222
E:\ͼƬ\1365487719_t@760.jpg 595,295,243,216
E:\ͼƬ\1365487719_t@780.jpg 592,295,226,201 831,302,59,51
E:\ͼƬ\1365487719_t@800.jpg 582,296,217,194 826,302,65,56
E:\ͼƬ\1365487719_t@820.jpg 592,292,210,179
E:\ͼƬ\1365487719_t@840.jpg 620,296,184,170
E:\ͼƬ\1365487719_t@860.jpg 637,305,179,162
E:\ͼƬ\1365487719_t@880.jpg 635,293,185,168
E:\ͼƬ\1365487719_t@900.jpg 611,273,213,191
E:\ͼƬ\1365487719_t@920.jpg 572,278,245,217
E:\ͼƬ\1365487719_t@940.jpg 549,279,271,231
E:\ͼƬ\1365487719_t@960.jpg 547,291,268,236 1056,317,218,182
E:\ͼƬ\1365487719_t@980.jpg 540,294,272,238 1015,314,206,164
E:\ͼƬ\1365487719_t@1000.jpg 532,296,276,241 989,317,187,156
E:\ͼƬ\1365487719_t@1020.jpg 528,301,289,247 978,314,172,148
E:\ͼƬ\1365487719_t@1040.jpg 529,294,292,253 963,314,160,131
E:\ͼƬ\1365487719_t@1060.jpg 538,289,299,260 944,309,154,123
E:\ͼƬ\1365487719_t@1080.jpg 552,294,288,246 936,310,137,118
E:\ͼƬ\1365487719_t@1100.jpg 573,300,269,226 926,307,133,111
E:\ͼƬ\1365487719_t@1120.jpg 579,296,256,219 914,310,123,102
E:\ͼƬ\1365487719_t@1140.jpg 603,301,234,208 910,309,116,102 1145,324,112,92
E:\ͼƬ\1365487719_t@1160.jpg 609,298,227,194 897,311,112,95 1080,321,98,82
E:\ͼƬ\1365487719_t@1180.jpg 606,301,224,198 878,314,108,99 1015,321,85,76
E:\ͼƬ\1365487719_t@1200.jpg 599,299,222,192 864,309,110,100
E:\ͼƬ\1365487719_t@1220.jpg 576,294,225,199 838,307,118,99 1075,301,116,112
E:\ͼƬ\1365487719_t@1240.jpg 556,298,230,205 825,305,121,103 1010,296,110,101
E:\ͼƬ\1365487719_t@1260.jpg 542,293,230,212 819,304,120,104 967,299,97,90
E:\ͼƬ\1365487719_t@1280.jpg 514,290,243,213 803,300,126,111 924,297,88,81 1137,323,138,110
E:\ͼƬ\1365487719_t@1300.jpg 490,292,257,227 802,298,133,116 1071,320,116,98
E:\ͼƬ\1365487719_t@1320.jpg 469,284,274,233 811,298,145,124 1021,313,98,87
E:\ͼƬ\1365487719_t@1340.jpg 434,282,304,267 817,300,160,137
E:\ͼƬ\1365487719_t@1360.jpg 370,275,379,323 827,297,174,152
E:\ͼƬ\1365487719_t@1380.jpg 298,275,460,379 829,295,184,157
E:\ͼƬ\1365487719_t@1400.jpg 248,269,517,424 825,302,178,152 1153,324,125,118
E:\ͼƬ\1365487719_t@1420.jpg 219,273,555,438 815,301,172,154 1029,317,114,98
E:\ͼƬ\1365487719_t@1440.jpg 268,287,488,400 787,309,165,133 946,317,92,80
E:\ͼƬ\1365487719_t@1460.jpg 362,295,372,322 768,311,151,125 1081,318,141,128
E:\ͼƬ\1365487719_t@1480.jpg 419,299,299,253 751,314,143,123 973,320,104,97
E:\ͼƬ\1365487719_t@1500.jpg 472,299,251,219 751,312,145,126 903,313,90,85
E:\ͼƬ\1365487719_t@1520.jpg 493,302,229,207 758,312,148,130
E:\ͼƬ\1365487719_t@1540.jpg 490,303,238,207 754,314,161,138
E:\ͼƬ\1365487719_t@1560.jpg 468,301,273,235 729,308,170,147
E:\ͼƬ\1365487719_t@1580.jpg 413,285,325,287
E:\ͼƬ\1365487719_t@1600.jpg 344,282,374,320 252,291,86,61
E:\ͼƬ\1365487719_t@1620.jpg 273,286,397,324
E:\ͼƬ\1365487719_t@1640.jpg 224,295,392,320
E:\ͼƬ\1365487719_t@1660.jpg 193,288,408,329
E:\ͼƬ\1365487719_t@1680.jpg 156,132,141,228 216,279,413,338
E:\ͼƬ\1365487719_t@1700.jpg 314,280,390,328
E:\ͼƬ\1365487719_t@1720.jpg 437,290,372,319 1020,311,58,46
E:\ͼƬ\1365487719_t@1740.jpg 497,287,358,307
E:\ͼƬ\1365487719_t@1760.jpg 507,294,318,279
E:\ͼƬ\1365487719_t@1780.jpg 113,289,87,81 536,298,277,241
E:\ͼƬ\1365487719_t@1800.jpg 557,289,241,217 188,279,80,70
E:\ͼƬ\1365487719_t@1820.jpg 581,303,228,205
E:\ͼƬ\1365487719_t@1840.jpg 5,278,108,93 101,284,200,169 606,305,222,197 486,284,43,38 638,228,62,99
E:\ͼƬ\1365487719_t@1860.jpg 83,259,101,85 181,270,193,159 627,294,223,202 631,213,61,93 481,269,42,36 564,263,41,40
E:\ͼƬ\1365487719_t@1880.jpg 93,263,96,79 184,273,194,155 589,294,228,203 591,218,55,88
E:\ͼƬ\1365487719_t@1900.jpg 83,258,92,75 156,268,204,165 512,290,247,212 543,220,58,90
E:\ͼƬ\1365487719_t@1920.jpg 84,254,92,76 128,264,207,163 441,280,277,238 513,214,55,95
E:\ͼƬ\1365487719_t@1940.jpg 97,278,213,162 384,295,309,253
E:\ͼƬ\1365487719_t@1960.jpg 76,264,220,165 369,283,321,271
E:\ͼƬ\1365487719_t@1980.jpg 93,275,208,162 367,291,319,268
E:\ͼƬ\1365487719_t@2000.jpg 110,270,208,166 315,283,326,282
E:\ͼƬ\1365487719_t@2020.jpg 83,275,209,164 177,288,369,299 527,296,126,114
E:\ͼƬ\1365487719_t@2040.jpg 457,292,129,108
E:\ͼƬ\1365487719_t@2060.jpg 392,293,138,112
E:\ͼƬ\1365487719_t@2080.jpg 320,287,149,126
E:\ͼƬ\1365487719_t@2100.jpg 202,279,173,145
E:\ͼƬ\1365487719_t@2120.jpg 11,255,89,83 45,279,213,167
E:\ͼƬ\1365487719_t@2140.jpg 356,221,50,74 309,266,50,40
E:\ͼƬ\1365487719_t@2160.jpg 11,242,91,83 274,263,53,41 341,217,49,74
E:\ͼƬ\1365487719_t@2180.jpg 8,261,87,80 240,283,54,43 329,237,49,80
E:\ͼƬ\1365487719_t@2200.jpg 14,269,86,79 224,284,56,46 332,236,50,80
E:\ͼƬ\1365487719_t@2220.jpg 165,278,55,50 295,234,53,80
E:\ͼƬ\1365487719_t@2240.jpg 138,294,62,49 295,248,56,82
E:\ͼƬ\1365487719_t@2260.jpg 225,267,49,45
E:\ͼƬ\1365487719_t@2280.jpg 304,235,61,93
E:\ͼƬ\1365487719_t@2300.jpg 3,263,92,95
E:\ͼƬ\1365487719_t@2320.jpg 359,234,60,96
E:\ͼƬ\1365487719_t@2340.jpg 354,228,67,97 0,258,97,103
E:\ͼƬ\1365487719_t@2360.jpg 343,234,69,106
E:\ͼƬ\1365487719_t@2380.jpg 324,224,76,114
E:\ͼƬ\1365487719_t@2400.jpg 313,211,80,122
E:\ͼƬ\1365487719_t@2420.jpg 278,199,91,133
E:\ͼƬ\1365487719_t@2440.jpg 252,199,93,135
E:\ͼƬ\1365487719_t@2460.jpg 218,183,102,149
E:\ͼƬ\1365487719_t@2480.jpg 181,174,113,156
E:\ͼƬ\1365487719_t@2500.jpg 169,167,116,167
E:\ͼƬ\1365487719_t@2520.jpg 169,163,120,178
E:\ͼƬ\1365487719_t@2540.jpg 133,149,132,202
E:\ͼƬ\1365487719_t@2560.jpg 104,144,149,213
E:\ͼƬ\1365487719_t@2580.jpg 56,128,146,229
E:\ͼƬ\1365487719_t@2600.jpg 706,298,32,28
E:\ͼƬ\1365487719_t@2620.jpg 707,309,33,28
E:\ͼƬ\1365487719_t@2640.jpg 707,298,33,31
E:\ͼƬ\1365487719_t@2660.jpg 695,297,34,31
E:\ͼƬ\1365487719_t@2680.jpg 687,299,28,29
E:\ͼƬ\1365487719_t@2700.jpg 686,300,31,29
E:\ͼƬ\1365487719_t@2720.jpg 676,295,33,28
E:\ͼƬ\1365487719_t@2740.jpg 679,295,32,26
E:\ͼƬ\1365487719_t@2760.jpg 698,296,31,29
E:\ͼƬ\1365487719_t@2780.jpg 706,295,30,30
E:\ͼƬ\1365487719_t@2800.jpg 710,305,32,29
E:\ͼƬ\1365487719_t@2820.jpg 713,300,33,28
E:\ͼƬ\1365487719_t@2840.jpg 696,298,35,28
E:\ͼƬ\1365487719_t@2860.jpg 689,302,31,23
E:\ͼƬ\1365487719_t@2880.jpg 688,301,31,24
E:\ͼƬ\1365487719_t@2900.jpg 689,295,33,28
E:\ͼƬ\1365487719_t@2920.jpg 698,303,32,27
E:\ͼƬ\1365487719_t@2940.jpg 701,294,33,27
E:\ͼƬ\1365487719_t@2960.jpg 696,299,32,30
E:\ͼƬ\1365487719_t@2980.jpg 701,297,32,28
E:\ͼƬ\1365487719_t@3000.jpg 708,307,27,28
E:\ͼƬ\1365487719_t@3020.jpg 696,309,33,24
E:\ͼƬ\1365487719_t@3040.jpg 696,313,28,26
E:\ͼƬ\1365487719_t@3060.jpg 697,315,30,27
E:\ͼƬ\1365487719_t@3080.jpg 694,319,30,27
E:\ͼƬ\1365487719_t@3100.jpg 698,317,31,29
E:\ͼƬ\1365487719_t@3120.jpg 715,312,31,26
E:\ͼƬ\1365487719_t@3140.jpg 755,320,30,26
E:\ͼƬ\1365487719_t@3420.jpg 798,302,32,27
E:\ͼƬ\1365487719_t@3440.jpg 727,294,33,29
E:\ͼƬ\1365487719_t@3460.jpg 687,282,31,28
E:\ͼƬ\1365487719_t@3480.jpg 693,281,33,31
E:\ͼƬ\1365487719_t@3500.jpg 698,285,33,29
E:\ͼƬ\1365487719_t@3520.jpg 698,278,31,29
E:\ͼƬ\1365487719_t@3540.jpg 712,276,34,28
E:\ͼƬ\1365487719_t@3560.jpg 728,281,37,34
E:\ͼƬ\1365487719_t@3580.jpg 772,281,41,39
E:\ͼƬ\1365487719_t@3600.jpg 824,287,45,37
E:\ͼƬ\1365487719_t@3620.jpg 875,299,44,42
E:\ͼƬ\1365487719_t@3700.jpg 658,293,46,41 972,309,55,50 321,270,47,50
E:\ͼƬ\1365487719_t@3740.jpg 357,250,53,60 415,263,56,57 661,267,39,52 725,288,46,48 914,299,55,52
E:\ͼƬ\1365487719_t@3760.jpg 416,277,60,58 491,289,61,58 772,307,50,40 923,312,58,52 676,286,40,45
E:\ͼƬ\1365487719_t@3780.jpg 415,260,57,53 512,272,64,58 642,267,40,47 689,281,47,42 761,288,49,41 887,293,59,49
E:\ͼƬ\1365487719_t@3800.jpg 409,276,58,54 541,290,60,60 745,307,48,40 858,311,54,49 656,297,50,43
E:\ͼƬ\1365487719_t@3820.jpg 381,268,60,56 543,286,64,58 705,290,49,46 809,299,58,51
E:\ͼƬ\1365487719_t@3840.jpg 351,276,62,56 548,293,63,58 670,298,47,43 773,302,57,54
E:\ͼƬ\1365487719_t@3860.jpg 28,253,265,208 377,269,62,56 591,283,66,60 790,291,58,51 687,290,49,43
E:\ͼƬ\1365487719_t@3880.jpg 110,263,275,203 613,290,65,57 796,298,58,53 686,293,51,45 547,274,40,44
E:\ͼƬ\1365487719_t@3900.jpg 218,266,261,215 624,287,66,66 804,298,58,57
E:\ͼƬ\1365487719_t@3920.jpg 5,279,192,163 340,280,242,206 636,296,67,61 820,305,58,57
E:\ͼƬ\1365487719_t@3940.jpg 92,276,182,155 422,280,237,197 823,301,60,56 709,297,49,44
E:\ͼƬ\1365487719_t@3960.jpg 172,282,174,146 503,284,225,201 830,300,62,57
E:\ͼƬ\1365487719_t@3980.jpg 233,274,165,141 566,281,219,187 833,294,62,57 482,275,58,51
E:\ͼƬ\1365487719_t@4000.jpg 266,286,158,138 603,294,205,180 818,304,58,55 474,283,55,54
E:\ͼƬ\1365487719_t@4020.jpg 303,278,150,133 631,285,193,170 870,273,48,55 483,275,55,50 580,283,66,62 805,293,61,60
E:\ͼƬ\1365487719_t@4040.jpg 327,302,150,123 563,296,68,57 640,292,189,157 871,265,58,64 485,293,55,47
E:\ͼƬ\1365487719_t@4060.jpg 320,303,140,122 523,293,70,60 614,284,181,141 863,241,63,75
E:\ͼƬ\1365487719_t@4080.jpg 344,286,135,119 620,289,163,141 898,260,75,85 524,286,70,62
E:\ͼƬ\1365487719_t@4100.jpg 350,292,131,113 611,291,167,140 937,251,86,106 518,292,68,61
E:\ͼƬ\1365487719_t@4120.jpg 345,292,128,109 605,291,163,138 987,245,109,131
E:\ͼƬ\1365487719_t@4140.jpg 334,292,129,109 588,296,168,137 1080,231,142,170 491,292,74,65
E:\ͼƬ\1365487719_t@4160.jpg 315,287,133,118 573,287,178,156 484,285,73,68
E:\ͼƬ\1365487719_t@4180.jpg 38,274,136,110 311,285,133,115 570,285,184,158 493,284,70,65
E:\ͼƬ\1365487719_t@4200.jpg 123,278,115,98 305,290,136,119 562,289,198,168 499,290,68,67
E:\ͼƬ\1365487719_t@4220.jpg 186,274,105,83 298,282,143,116 554,279,215,177 505,283,70,63
E:\ͼƬ\1365487719_t@4240.jpg 307,287,138,118 559,283,227,190 516,286,72,64 251,281,99,75
E:\ͼƬ\1365487719_t@4260.jpg 326,291,133,115 580,288,219,187 533,289,66,60
E:\ͼƬ\1365487719_t@4280.jpg 353,294,124,105 601,294,208,179 544,295,68,60
E:\ͼƬ\1365487719_t@4300.jpg 364,295,127,110 600,296,208,171 550,300,61,59
E:\ͼƬ\1365487719_t@4320.jpg 372,297,119,106 598,298,194,164 553,301,59,54
E:\ͼƬ\1365487719_t@4340.jpg 378,294,117,99 590,295,190,158 551,297,58,55
E:\ͼƬ\1365487719_t@4360.jpg 386,292,117,102 586,295,188,158
E:\ͼƬ\1365487719_t@4380.jpg 392,291,116,100 584,291,186,150
E:\ͼƬ\1365487719_t@4400.jpg 399,298,113,100 588,297,179,152
E:\ͼƬ\1365487719_t@4420.jpg 3,279,142,116 402,294,112,100 587,295,173,145
E:\ͼƬ\1365487719_t@4440.jpg 59,275,129,111 392,288,116,104 578,288,170,151
E:\ͼƬ\1365487719_t@4460.jpg 121,276,124,102 388,291,117,106 569,292,170,146
E:\ͼƬ\1365487719_t@4480.jpg 167,280,114,94 383,292,123,105 567,292,168,142
E:\ͼƬ\1365487719_t@4500.jpg 212,279,105,84 377,291,121,105 564,289,169,144
E:\ͼƬ\1365487719_t@4520.jpg 240,279,95,84 362,291,119,106 555,289,166,138
E:\ͼƬ\1365487719_t@4540.jpg 278,289,86,73 365,296,117,107 570,295,157,132
E:\ͼƬ\1365487719_t@4560.jpg 323,292,80,66 377,299,117,102 594,299,151,122
E:\ͼƬ\1365487719_t@4580.jpg 371,292,119,104 597,293,153,128
E:\ͼƬ\1365487719_t@4600.jpg 380,293,118,106 614,295,149,124
E:\ͼƬ\1365487719_t@4620.jpg 380,293,118,106 622,292,148,123
E:\ͼƬ\1365487719_t@4640.jpg 378,293,119,109 632,295,140,121
E:\ͼƬ\1365487719_t@4660.jpg 359,292,123,111 629,295,141,119 575,291,55,53
E:\ͼƬ\1365487719_t@4680.jpg 335,292,133,113 627,291,135,127 557,289,56,51
E:\ͼƬ\1365487719_t@4700.jpg 314,292,133,116 544,292,61,53 624,296,138,117
E:\ͼƬ\1365487719_t@4720.jpg 286,287,137,124 534,288,58,56 616,292,137,116
E:\ͼƬ\1365487719_t@4740.jpg 261,292,148,122 524,290,62,56 615,294,134,110
E:\ͼƬ\1365487719_t@4760.jpg 0,272,136,123 232,290,157,137 524,289,64,63 622,295,132,113
E:\ͼƬ\1365487719_t@4780.jpg 28,282,127,114 195,291,172,153 521,290,65,62 619,294,143,119
E:\ͼƬ\1365487719_t@4800.jpg 31,283,130,113 125,292,199,165 613,294,141,120 504,290,70,67 391,289,68,61
E:\ͼƬ\1365487719_t@4820.jpg 38,286,240,193 394,285,67,57 492,286,74,67 605,288,156,132
E:\ͼƬ\1365487719_t@4840.jpg 386,290,66,53 471,288,80,71 595,292,165,140
E:\ͼƬ\1365487719_t@4860.jpg 376,279,66,60 451,280,80,76 581,284,178,150
E:\ͼƬ\1365487719_t@4880.jpg 373,282,65,56 443,280,85,78 578,285,189,160
E:\ͼƬ\1365487719_t@4900.jpg 369,287,66,58 429,283,87,78 569,291,205,173
E:\ͼƬ\1365487719_t@4920.jpg 2,272,120,119 421,279,91,80 571,280,213,180 372,283,64,58
E:\ͼƬ\1365487719_t@4940.jpg 6,281,135,115 424,288,90,78 570,288,226,184
E:\ͼƬ\1365487719_t@4960.jpg 419,283,92,79 565,283,224,192 21,279,124,112
E:\ͼƬ\1365487719_t@4980.jpg 51,282,125,106 429,286,90,78 572,289,221,186
E:\ͼƬ\1365487719_t@5000.jpg 90,279,118,101 443,283,87,79 580,285,218,189
E:\ͼƬ\1365487719_t@5020.jpg 112,280,117,102 445,285,86,80 579,288,213,184
E:\ͼƬ\1365487719_t@5040.jpg 153,282,110,94 459,284,86,80 594,290,213,178
E:\ͼƬ\1365487719_t@5060.jpg 180,282,108,91 469,285,82,78 599,288,212,181
E:\ͼƬ\1365487719_t@5080.jpg 195,279,105,85 470,283,82,77 593,286,215,184
E:\ͼƬ\1365487719_t@5100.jpg 221,279,96,81 477,285,81,74 593,290,209,180
E:\ͼƬ\1365487719_t@5120.jpg 256,281,91,77 491,284,77,67 587,287,208,170
E:\ͼƬ\1365487719_t@5140.jpg 290,285,84,74 506,286,73,66 587,290,198,167
E:\ͼƬ\1365487719_t@5160.jpg 314,287,81,68 513,289,73,66 581,290,194,164
E:\ͼƬ\1365487719_t@5180.jpg 40,287,252,197 346,289,76,65 532,292,68,61 588,292,196,168
E:\ͼƬ\1365487719_t@5200.jpg 114,284,218,175 539,287,66,62 592,288,205,170 368,283,77,66
E:\ͼƬ\1365487719_t@5220.jpg 179,290,190,160 602,288,210,172 389,288,72,59 547,286,63,59
E:\ͼƬ\1365487719_t@5240.jpg 236,287,170,143 549,287,62,56 605,286,212,178
E:\ͼƬ\1365487719_t@5260.jpg 62,252,154,145 292,290,151,129 611,289,210,179 562,290,56,53
E:\ͼƬ\1365487719_t@5280.jpg 170,260,135,118 336,288,142,117 614,289,210,172 568,289,55,50
E:\ͼƬ\1365487719_t@5300.jpg 245,264,113,107 365,290,129,110 603,289,215,171 571,291,52,49
E:\ͼƬ\1365487719_t@5320.jpg 312,268,95,91 391,291,119,101 598,290,206,171
E:\ͼƬ\1365487719_t@5340.jpg 74,256,137,124 356,274,83,83 411,294,104,93 590,291,197,171
E:\ͼƬ\1365487719_t@5360.jpg 167,262,117,110 439,297,96,80 583,295,194,157 399,278,70,74
E:\ͼƬ\1365487719_t@5380.jpg 236,267,101,96 431,279,65,66 462,294,88,80 580,292,193,159
E:\ͼƬ\1365487719_t@5400.jpg 305,273,89,85 486,297,81,69 580,294,196,162
E:\ͼƬ\1365487719_t@5420.jpg 356,270,80,75 500,290,77,67 581,284,204,164
E:\ͼƬ\1365487719_t@5440.jpg 422,275,71,68 525,292,71,63 599,289,204,170
E:\ͼƬ\1365487719_t@5460.jpg 468,276,63,63 529,293,70,58 604,288,201,170
E:\ͼƬ\1365487719_t@5480.jpg 5,271,307,245 539,295,63,55 610,292,194,163
E:\ͼƬ\1365487719_t@5500.jpg 82,272,141,116 171,277,232,188 612,288,185,152 546,290,62,53
E:\ͼƬ\1365487719_t@5520.jpg 180,276,107,92 272,276,182,153 611,286,170,149 551,289,57,52
E:\ͼƬ\1365487719_t@5540.jpg 254,281,97,84 352,283,143,123 610,288,157,137 558,292,53,49
E:\ͼƬ\1365487719_t@5560.jpg 301,283,83,71 397,287,126,106 603,291,144,116 555,294,48,44
E:\ͼƬ\1365487719_t@5580.jpg 330,286,72,63 427,291,107,94 595,295,130,110
E:\ͼƬ\1365487719_t@5600.jpg 359,288,66,54 452,290,96,79 586,290,121,105
E:\ͼƬ\1365487719_t@5620.jpg 411,291,60,48 500,293,81,68 614,294,112,97
E:\ͼƬ\1365487719_t@5640.jpg 456,292,51,46 539,293,72,65 638,298,103,89
E:\ͼƬ\1365487719_t@5660.jpg 482,287,46,41 555,291,68,58 648,293,98,84
E:\ͼƬ\1365487719_t@5680.jpg 46,279,144,117 499,289,42,37 567,290,65,53 654,292,92,80
E:\ͼƬ\1365487719_t@5700.jpg 157,280,116,97 505,290,40,37 566,293,59,50 649,294,88,75
E:\ͼƬ\1365487719_t@5720.jpg 247,281,97,82 521,289,37,35 577,291,55,43 652,294,84,70
E:\ͼƬ\1365487719_t@5740.jpg 301,283,83,69 524,289,35,31 575,293,50,39 643,294,80,66
E:\ͼƬ\1365487719_t@5760.jpg 351,285,72,61 538,290,30,29 582,291,47,40 647,294,73,60
E:\ͼƬ\1365487719_t@5780.jpg 371,284,64,58 534,289,28,27 573,290,46,39 633,294,69,56
E:\ͼƬ\1365487719_t@5800.jpg 411,289,59,50 589,295,47,37 646,297,65,55 551,293,31,22
E:\ͼƬ\1365487719_t@5820.jpg 442,291,51,44 601,296,40,33 654,296,63,56
E:\ͼƬ\1365487719_t@5840.jpg 462,291,51,41 602,295,42,31 657,296,58,50
E:\ͼƬ\1365487719_t@5860.jpg 483,293,44,39 607,296,41,33 662,299,59,49
E:\ͼƬ\1365487719_t@5880.jpg 1,280,238,213 492,295,43,36 605,298,41,32 658,297,57,48
E:\ͼƬ\1365487719_t@5900.jpg 141,278,196,168 508,289,41,34 611,295,40,29 663,295,57,44
E:\ͼƬ\1365487719_t@5920.jpg 236,281,157,146 521,293,38,30 664,300,55,42 616,298,40,30
E:\ͼƬ\1365487719_t@5940.jpg 299,284,142,121 528,293,36,31 619,299,36,28 666,299,52,42
E:\ͼƬ\1365487719_t@5960.jpg 351,290,125,106 539,294,36,30 625,298,40,29 671,300,49,41
E:\ͼƬ\1365487719_t@5980.jpg 389,287,113,104 548,294,33,26 631,296,36,27 672,297,51,42
E:\ͼƬ\1365487719_t@6000.jpg 410,289,105,91 550,295,31,28 626,297,38,26 665,298,52,43 2,276,131,117
E:\ͼƬ\1365487719_t@6020.jpg 87,275,112,104 423,288,96,86 662,296,47,42
E:\ͼƬ\1365487719_t@6040.jpg 440,289,91,81 663,298,50,40 153,278,98,95
E:\ͼƬ\1365487719_t@6060.jpg 4,275,191,188 462,283,82,80 669,293,47,40
E:\ͼƬ\1365487719_t@6080.jpg 85,277,185,156 475,284,75,72 669,292,46,38
E:\ͼƬ\1365487719_t@6100.jpg 162,279,158,143 476,285,76,74 659,293,46,41
E:\ͼƬ\1365487719_t@6120.jpg 227,288,142,122 486,291,73,66 655,298,49,37
E:\ͼƬ\1365487719_t@6140.jpg 274,288,124,111 493,290,68,64 654,296,45,39
E:\ͼƬ\1365487719_t@6160.jpg 311,293,116,104 499,298,69,58 655,302,45,38
E:\ͼƬ\1365487719_t@6180.jpg 340,283,110,102 510,288,68,60 664,295,46,42
E:\ͼƬ\1365487719_t@6200.jpg 352,288,101,94 507,292,66,62 662,297,48,42
E:\ͼƬ\1365487719_t@6220.jpg 362,291,100,93 504,291,65,62 663,297,51,45
E:\ͼƬ\1365487719_t@6240.jpg 371,282,97,86 507,286,68,59 669,290,52,43
E:\ͼƬ\1365487719_t@6260.jpg 56,276,337,267 517,285,68,60 681,292,56,44
E:\ͼƬ\1365487719_t@6280.jpg 162,271,298,227 515,277,66,62 675,286,57,50
E:\ͼƬ\1365487719_t@6300.jpg 214,273,254,203 661,289,60,50
E:\ͼƬ\1365487719_t@6320.jpg 247,276,226,187 655,291,67,55
E:\ͼƬ\1365487719_t@6340.jpg 277,280,198,160 649,291,68,59
E:\ͼƬ\1365487719_t@6360.jpg 298,282,183,146 638,289,81,68
E:\ͼƬ\1365487719_t@6380.jpg 308,283,164,126 635,290,89,71 510,289,61,53
E:\ͼƬ\1365487719_t@6400.jpg 315,286,149,117 631,291,91,79 515,290,60,55
E:\ͼƬ\1365487719_t@6420.jpg 339,284,133,108 626,290,95,81 526,290,57,50
E:\ͼƬ\1365487719_t@6440.jpg 362,287,122,99 616,290,97,88 537,289,55,46
E:\ͼƬ\1365487719_t@6460.jpg 383,288,115,94 602,292,107,90 544,290,53,47
E:\ͼƬ\1365487719_t@6480.jpg 392,292,105,83 581,296,111,94 538,296,45,41
E:\ͼƬ\1365487719_t@6500.jpg 412,293,99,79 562,295,116,97
E:\ͼƬ\1365487719_t@6520.jpg 380,282,56,47 430,286,95,78 534,287,123,103 665,293,72,56
E:\ͼƬ\1365487719_t@6540.jpg 396,288,50,44 453,291,73,64 513,292,128,100 684,300,71,54
E:\ͼƬ\1365487719_t@6560.jpg 396,289,52,46 479,294,124,101 687,300,70,54
E:\ͼƬ\1365487719_t@6580.jpg 387,289,48,43 435,288,129,104 685,302,68,55
E:\ͼƬ\1365487719_t@6600.jpg 392,290,131,106 682,302,68,54
E:\ͼƬ\1365487719_t@6620.jpg 348,280,128,104 677,293,67,53 582,290,46,42
E:\ͼƬ\1365487719_t@6640.jpg 305,282,127,101 567,293,50,42 669,296,67,51
E:\ͼƬ\1365487719_t@6660.jpg 265,279,128,98 561,291,52,45 674,294,63,51 423,285,64,52
E:\ͼƬ\1365487719_t@6680.jpg 39,275,91,78 226,281,130,101 425,290,61,51 553,297,54,49 673,297,64,56
E:\ͼƬ\1365487719_t@6700.jpg 71,276,85,78 182,279,132,101 418,291,63,53 529,297,59,51 661,300,69,58
E:\ͼƬ\1365487719_t@6720.jpg 150,284,136,108 422,293,62,52 511,298,68,59 659,303,69,58
E:\ͼƬ\1365487719_t@6740.jpg 111,284,140,110 485,297,75,69 656,301,70,59 422,294,61,49
E:\ͼƬ\1365487719_t@6760.jpg 83,260,142,111 451,278,87,75 655,282,74,68 559,266,46,57
E:\ͼƬ\1365487719_t@6780.jpg 70,271,139,115 410,292,100,86 645,294,80,70 549,275,46,62
E:\ͼƬ\1365487719_t@6800.jpg 98,262,134,109 377,280,116,101 644,286,88,73 548,265,50,70 1088,278,64,83
E:\ͼƬ\1365487719_t@6820.jpg 141,256,126,107 338,273,133,118 639,282,91,81 537,257,55,76 814,290,61,54 1070,271,86,110
E:\ͼƬ\1365487719_t@6840.jpg 205,269,110,86 308,279,151,131 532,262,58,80 633,287,97,83 808,295,72,62 1068,267,114,135
E:\ͼƬ\1365487719_t@6860.jpg 274,278,172,146 528,259,59,83 612,285,103,87 804,295,81,71 1084,255,156,174
E:\ͼƬ\1365487719_t@6880.jpg 246,290,190,166 596,294,111,87 815,303,84,79 530,270,61,84
E:\ͼƬ\1365487719_t@6900.jpg 187,293,213,173 584,298,109,86 815,308,94,84 515,272,63,85
E:\ͼƬ\1365487719_t@6920.jpg 96,284,249,211 587,290,113,97 832,300,107,95 510,264,71,86
E:\ͼƬ\1365487719_t@6940.jpg 492,268,66,90 586,298,114,95 835,308,120,105
E:\ͼƬ\1365487719_t@6960.jpg 463,255,75,96 583,288,114,97 828,298,141,127
E:\ͼƬ\1365487719_t@6980.jpg 432,247,76,98 585,279,113,97 805,292,165,139 535,255,60,70
E:\ͼƬ\1365487719_t@7000.jpg 64,259,80,69 381,247,80,104 490,255,59,75 573,281,109,92 728,296,186,164
E:\ͼƬ\1365487719_t@7020.jpg 565,299,220,190 306,253,83,105 436,262,58,74
E:\ͼƬ\1365487719_t@7040.jpg 362,294,247,213 242,252,87,117
E:\ͼƬ\1365487719_t@7060.jpg 174,286,284,237 508,288,109,105
E:\ͼƬ\1365487719_t@7080.jpg 34,293,308,254 539,296,115,89
E:\ͼƬ\1365487719_t@7100.jpg 547,296,119,92 447,267,48,62 520,255,70,87
E:\ͼƬ\1365487719_t@7120.jpg 451,266,49,63 519,250,68,87 559,293,111,96
E:\ͼƬ\1365487719_t@7140.jpg 568,294,117,94 523,247,68,96 462,266,51,63
E:\ͼƬ\1365487719_t@7160.jpg 477,259,45,58 524,235,71,99 573,284,126,106
E:\ͼƬ\1365487719_t@7180.jpg 584,295,124,108 527,244,77,102 484,270,45,62 223,278,64,58
E:\ͼƬ\1365487719_t@7200.jpg 261,274,61,56 524,242,74,101 582,290,140,116
E:\ͼƬ\1365487719_t@7220.jpg 522,236,77,103 583,284,159,128 299,274,58,45
E:\ͼƬ\1365487719_t@7240.jpg 326,274,48,42 512,235,81,106 596,287,175,139
E:\ͼƬ\1365487719_t@7260.jpg 492,235,78,100 648,288,185,156 332,271,48,36
E:\ͼƬ\1365487719_t@7280.jpg 758,293,193,168 436,229,75,95 582,258,70,84 306,264,43,36 4,252,184,176
E:\ͼƬ\1365487719_t@7300.jpg 286,222,76,97 398,246,95,107 875,308,198,172
E:\ͼƬ\1365487719_t@7320.jpg 7,201,137,153 926,301,207,180
E:\ͼƬ\1365487719_t@7340.jpg 924,293,213,180
E:\ͼƬ\1365487719_t@7360.jpg 901,320,216,187
E:\ͼƬ\1365487719_t@7380.jpg 851,306,230,190 1165,316,90,76
E:\ͼƬ\1365487719_t@7400.jpg 790,308,235,208 1121,320,94,77
E:\ͼƬ\1365487719_t@7420.jpg 754,299,248,209 1096,308,96,78
E:\ͼƬ\1365487719_t@7440.jpg 742,286,254,220 1094,303,98,78
E:\ͼƬ\1365487719_t@7460.jpg 748,297,261,226 1109,316,100,77
E:\ͼƬ\1365487719_t@7480.jpg 754,307,274,229 1122,322,101,81
E:\ͼƬ\1365487719_t@7500.jpg 746,303,280,238 1120,321,100,80
E:\ͼƬ\1365487719_t@7520.jpg 725,302,282,237 1097,321,102,76
E:\ͼƬ\1365487719_t@7540.jpg 719,298,276,231 1100,314,102,81
E:\ͼƬ\1365487719_t@7560.jpg 684,309,274,223 1080,322,97,76
E:\ͼƬ\1365487719_t@7580.jpg 654,291,264,225 1067,310,98,78
E:\ͼƬ\1365487719_t@7600.jpg 627,292,259,218 1062,313,97,82
E:\ͼƬ\1365487719_t@7620.jpg 612,308,261,229 1069,327,97,80
E:\ͼƬ\1365487719_t@7640.jpg 597,286,269,231 1074,307,97,79
E:\ͼƬ\1365487719_t@7660.jpg 600,289,273,242 1090,313,101,80
E:\ͼƬ\1365487719_t@7680.jpg 597,293,294,251 1111,319,101,80
E:\ͼƬ\1365487719_t@7700.jpg 609,293,316,273 1125,321,103,81
E:\ͼƬ\1365487719_t@7720.jpg 645,297,326,282 1144,316,104,80
E:\ͼƬ\1365487719_t@7740.jpg 660,298,330,285 1146,316,100,80
E:\ͼƬ\1365487719_t@7760.jpg 681,302,317,269 1152,313,97,71
E:\ͼƬ\1365487719_t@7780.jpg 694,290,301,267 1152,307,93,73
E:\ͼƬ\1365487719_t@7800.jpg 705,293,284,257 1161,315,95,72
E:\ͼƬ\1365487719_t@7820.jpg 713,306,287,255 1169,327,95,70
E:\ͼƬ\1365487719_t@7840.jpg 715,302,286,245 1162,323,95,73
E:\ͼƬ\1365487719_t@7860.jpg 728,303,280,234 1165,324,89,70
E:\ͼƬ\1365487719_t@7880.jpg 730,298,266,234 1161,323,92,72
E:\ͼƬ\1365487719_t@7900.jpg 749,302,265,221 1179,328,88,69
E:\ͼƬ\1365487719_t@7920.jpg 771,305,263,216
E:\ͼƬ\1365487719_t@7940.jpg 795,307,253,221
E:\ͼƬ\1365487719_t@7960.jpg 794,311,262,227
E:\ͼƬ\1365487719_t@7980.jpg 800,303,266,222
E:\ͼƬ\1365487719_t@8000.jpg 799,308,268,228
E:\ͼƬ\1365487719_t@8020.jpg 801,301,259,230
E:\ͼƬ\1365487719_t@8040.jpg 798,304,264,221 732,293,69,86
E:\ͼƬ\1365487719_t@8060.jpg 789,304,263,220 1152,326,79,63
E:\ͼƬ\1365487719_t@8080.jpg 754,296,264,216 1082,321,77,56
E:\ͼƬ\1365487719_t@8100.jpg 702,296,252,218 975,310,69,58
E:\ͼƬ\1365487719_t@8120.jpg 255,270,83,76 369,281,142,120 634,293,265,223 892,302,64,57
E:\ͼƬ\1365487719_t@8140.jpg 280,267,79,72 452,280,114,104 610,289,264,226 843,296,61,53
E:\ͼƬ\1365487719_t@8160.jpg 316,279,76,67 511,290,102,88 591,294,275,227 827,300,58,53
E:\ͼƬ\1365487719_t@8180.jpg 306,275,57,57 346,284,66,59 548,297,88,76 576,298,272,223 811,303,65,48
E:\ͼƬ\1365487719_t@8200.jpg 336,277,58,59 395,289,69,52 605,297,260,226 838,305,63,48
E:\ͼƬ\1365487719_t@8220.jpg 52,274,184,147 619,296,258,206 423,284,68,53 351,273,60,54
E:\ͼƬ\1365487719_t@8240.jpg 215,279,142,113 628,294,244,206 441,287,61,50
E:\ͼƬ\1365487719_t@8260.jpg 315,290,116,97 631,300,241,201 966,319,68,51
E:\ͼƬ\1365487719_t@8280.jpg 389,294,108,82 639,307,230,195 1082,326,68,53
E:\ͼƬ\1365487719_t@8300.jpg 351,276,54,54 428,288,98,77 632,295,235,196
E:\ͼƬ\1365487719_t@8320.jpg 322,280,56,55 435,290,87,72 599,292,228,186
E:\ͼƬ\1365487719_t@8340.jpg 327,280,58,57 471,298,88,64 603,301,225,185
E:\ͼƬ\1365487719_t@8360.jpg 350,274,58,59 520,294,82,63 629,296,225,184
E:\ͼƬ\1365487719_t@8380.jpg 346,285,59,59 540,306,81,62 644,302,232,193
E:\ͼƬ\1365487719_t@8400.jpg 318,267,66,67 481,289,54,47 536,290,78,63 637,288,240,196
E:\ͼƬ\1365487719_t@8420.jpg 631,310,237,189 4,278,234,209 534,306,75,59 468,303,52,46
E:\ͼƬ\1365487719_t@8440.jpg 79,271,228,176 634,284,236,190 459,291,50,44 538,294,72,54
E:\ͼƬ\1365487719_t@8460.jpg 173,287,191,150 632,306,237,192 459,308,56,45 546,308,69,55
E:\ͼƬ\1365487719_t@8480.jpg 229,281,176,139 630,291,231,196 543,298,70,55 451,295,55,47
E:\ͼƬ\1365487719_t@8500.jpg 264,281,170,131 618,296,237,191 541,300,72,53 452,295,51,45
E:\ͼƬ\1365487719_t@8520.jpg 286,283,157,128 620,297,226,191 537,301,68,55
E:\ͼƬ\1365487719_t@8540.jpg 314,293,152,122 630,300,226,187 547,304,66,51
E:\ͼƬ\1365487719_t@8560.jpg 305,283,148,123 528,294,67,55 621,302,218,170
E:\ͼƬ\1365487719_t@8580.jpg 308,275,155,129 648,292,193,164 524,289,67,57
E:\ͼƬ\1365487719_t@8600.jpg 327,277,157,121 663,284,189,158 530,290,66,53
E:\ͼƬ\1365487719_t@8620.jpg 325,281,145,120 670,294,187,157 522,293,70,58
E:\ͼƬ\1365487719_t@8640.jpg 329,286,140,122 523,296,66,55 701,303,180,153
E:\ͼƬ\1365487719_t@8660.jpg 333,286,144,117 532,295,63,55 768,306,177,147
E:\ͼƬ\1365487719_t@8680.jpg 330,285,141,117 535,293,60,58 896,304,177,156
E:\ͼƬ\1365487719_t@8700.jpg 335,282,139,118 541,292,65,50
E:\ͼƬ\1365487719_t@8720.jpg 333,279,142,117 540,291,66,50
E:\ͼƬ\1365487719_t@8740.jpg 339,285,137,120 550,292,63,50
E:\ͼƬ\1365487719_t@8760.jpg 345,280,147,123 562,288,65,50
E:\ͼƬ\1365487719_t@8780.jpg 344,281,151,124 571,296,56,50
E:\ͼƬ\1365487719_t@8800.jpg 337,273,165,134 583,293,57,51
E:\ͼƬ\1365487719_t@8820.jpg 300,299,173,145 571,308,58,50
E:\ͼƬ\1365487719_t@8840.jpg 256,283,189,149 558,293,63,43
E:\ͼƬ\1365487719_t@8860.jpg 208,296,210,171 561,309,59,52
E:\ͼƬ\1365487719_t@8880.jpg 143,277,246,191 560,294,60,49
E:\ͼƬ\1365487719_t@8900.jpg 44,271,292,221 387,282,71,54 558,290,62,51
E:\ͼƬ\1365487719_t@8920.jpg 370,284,70,62 555,291,61,48
E:\ͼƬ\1365487719_t@8940.jpg 360,287,80,67 561,295,63,50
E:\ͼƬ\1365487719_t@8960.jpg 330,281,84,68 552,290,66,48
E:\ͼƬ\1365487719_t@8980.jpg 313,274,88,82 545,285,65,57
E:\ͼƬ\1365487719_t@9000.jpg 320,277,99,84 558,288,69,58
E:\ͼƬ\1365487719_t@9020.jpg 289,267,109,91 533,281,76,61
