E:\abc\1364612318@0.jpg 520,315,112,87 622,313,54,40 653,285,48,56
E:\abc\1364612318@20.jpg 533,316,110,89 628,314,49,42 656,284,51,59
E:\abc\1364612318@40.jpg 532,316,114,91 652,280,54,62
E:\abc\1364612318@60.jpg 512,316,114,90 645,279,56,69
E:\abc\1364612318@80.jpg 502,311,112,90 642,276,60,68
E:\abc\1364612318@100.jpg 506,311,108,88 660,275,63,75
E:\abc\1364612318@120.jpg 493,316,106,90 656,275,65,80
E:\abc\1364612318@140.jpg 499,314,107,85 673,270,72,84
E:\abc\1364612318@160.jpg 508,312,103,86 693,265,74,86
E:\abc\1364612318@180.jpg 521,311,98,79 721,265,81,92
E:\abc\1364612318@200.jpg 533,311,97,81 750,260,88,102
E:\abc\1364612318@220.jpg 550,315,94,75 797,256,102,117
E:\abc\1364612318@240.jpg 553,307,91,72 857,240,121,130
E:\abc\1364612318@260.jpg 565,316,84,73 963,229,151,164
E:\abc\1364612318@280.jpg 565,315,79,64
E:\abc\1364612318@300.jpg 564,313,75,59
E:\abc\1364612318@320.jpg 584,324,69,57
E:\abc\1364612318@340.jpg 597,320,69,56
E:\abc\1364612318@360.jpg 612,319,66,57
E:\abc\1364612318@380.jpg 618,318,67,58
E:\abc\1364612318@400.jpg 626,322,69,54
E:\abc\1364612318@420.jpg 635,325,68,52
E:\abc\1364612318@440.jpg 632,321,71,57
E:\abc\1364612318@460.jpg 623,323,76,58
E:\abc\1364612318@480.jpg 559,322,52,42 628,329,81,64
E:\abc\1364612318@500.jpg 625,319,88,68 551,314,55,42
E:\abc\1364612318@520.jpg 551,307,54,45 628,310,97,74
E:\abc\1364612318@540.jpg 538,316,55,45 619,321,103,81
E:\abc\1364612318@560.jpg 521,307,58,48 604,312,110,85
E:\abc\1364612318@580.jpg 505,309,61,44 589,311,117,92
E:\abc\1364612318@600.jpg 497,315,61,49 579,318,124,101
E:\abc\1364612318@620.jpg 487,308,66,50 575,313,130,107
E:\abc\1364612318@640.jpg 574,309,139,109 484,307,64,53
E:\abc\1364612318@660.jpg 480,307,69,53 580,308,148,116
E:\abc\1364612318@680.jpg 473,312,69,52 590,313,152,121
E:\abc\1364612318@700.jpg 455,311,74,60 595,314,159,126
E:\abc\1364612318@720.jpg 455,309,74,63 620,310,166,141
E:\abc\1364612318@740.jpg 429,306,82,67 620,307,186,150
E:\abc\1364612318@760.jpg 412,308,84,70 618,311,209,162
E:\abc\1364612318@780.jpg 388,303,91,75 603,304,228,178
E:\abc\1364612318@800.jpg 361,301,95,79 584,302,233,190
E:\abc\1364612318@820.jpg 347,300,104,83 563,303,261,204
E:\abc\1364612318@840.jpg 330,298,108,85 533,303,290,223
E:\abc\1364612318@860.jpg 311,296,103,82 491,300,300,228
E:\abc\1364612318@880.jpg 326,296,96,82 473,296,312,240
E:\abc\1364612318@900.jpg 328,311,90,73 440,310,306,242
E:\abc\1364612318@920.jpg 447,308,291,224 347,308,88,70
E:\abc\1364612318@940.jpg 357,306,80,65 447,310,270,210
E:\abc\1364612318@960.jpg 55,300,204,168 454,311,252,193 368,309,71,58
E:\abc\1364612318@980.jpg 175,296,157,130 472,307,233,183 381,305,64,53
E:\abc\1364612318@1000.jpg 243,301,126,106 470,306,225,182 388,308,63,49 657,292,63,72
E:\abc\1364612318@1020.jpg 295,310,104,86 476,313,209,165 409,315,59,45 664,297,65,70
E:\abc\1364612318@1040.jpg 321,312,94,81 479,319,192,154 665,298,66,74
E:\abc\1364612318@1060.jpg 348,311,81,65 484,316,178,143 663,292,70,78
E:\abc\1364612318@1080.jpg 368,313,72,65 491,317,169,137 666,295,73,80
E:\abc\1364612318@1100.jpg 386,313,69,59 498,313,164,134 669,290,78,83 750,316,58,52
E:\abc\1364612318@1120.jpg 400,314,64,53 507,313,162,133 669,291,79,86 778,316,71,60
E:\abc\1364612318@1140.jpg 412,317,63,52 517,315,166,136 829,317,82,69 675,291,83,92
E:\abc\1364612318@1160.jpg 511,319,173,139 670,291,87,98 888,315,103,93 414,317,58,48
E:\abc\1364612318@1180.jpg 415,312,55,49 505,312,183,147 661,286,93,101 987,308,142,125
E:\abc\1364612318@1200.jpg 429,315,53,47 521,317,186,144 673,288,95,103 790,319,79,67 981,312,138,111
E:\abc\1364612318@1220.jpg 451,317,51,46 503,319,74,62 542,318,182,146 692,286,101,109 868,320,101,83
E:\abc\1364612318@1240.jpg 463,313,48,41 509,316,67,58 549,317,179,144 707,285,103,112 978,317,137,114
E:\abc\1364612318@1260.jpg 518,313,167,137 694,280,106,120 476,313,60,57
E:\abc\1364612318@1280.jpg 476,316,54,56 504,318,153,126 718,281,114,126
E:\abc\1364612318@1300.jpg 461,320,144,120 571,253,105,127 729,283,127,138
E:\abc\1364612318@1320.jpg 430,319,133,110 564,258,110,121 765,274,139,154
E:\abc\1364612318@1340.jpg 394,317,125,100 555,255,117,130 800,267,157,174
E:\abc\1364612318@1360.jpg 372,316,124,99 558,248,122,136 857,255,182,204
E:\abc\1364612318@1380.jpg 356,312,118,96 558,234,135,152 909,241,215,233 477,315,62,47
E:\abc\1364612318@1400.jpg 364,320,109,84 563,234,147,160 968,235,234,258
E:\abc\1364612318@1420.jpg 364,311,102,84 563,221,158,179 1019,218,260,288 493,313,61,52
E:\abc\1364612318@1440.jpg 371,310,91,74 562,210,173,189 491,312,62,50
E:\abc\1364612318@1460.jpg 43,232,215,250 378,311,88,72 494,312,60,48 561,203,188,207
E:\abc\1364612318@1480.jpg 118,255,182,212 561,208,198,215 382,320,77,66 494,320,61,52
E:\abc\1364612318@1500.jpg 224,267,154,184 421,324,78,63 536,324,65,51 603,206,217,230
E:\abc\1364612318@1520.jpg 314,270,139,168 659,179,249,267 579,323,64,55
E:\abc\1364612318@1540.jpg 404,273,136,163 740,164,296,305
E:\abc\1364612318@1560.jpg 446,264,136,172 839,99,402,410 670,316,77,65
E:\abc\1364612318@1580.jpg 484,259,139,171 731,311,83,71
E:\abc\1364612318@1600.jpg 515,255,135,175 787,308,95,78 718,281,68,81
E:\abc\1364612318@1620.jpg 546,264,133,167 854,312,103,88 746,285,74,86
E:\abc\1364612318@1640.jpg 525,268,130,159 878,315,107,89 740,284,76,91
E:\abc\1364612318@1660.jpg 516,276,122,150 757,288,84,94 923,318,118,100 654,319,56,45
E:\abc\1364612318@1680.jpg 517,279,116,146 661,317,60,54 792,285,86,101 967,320,131,108
E:\abc\1364612318@1700.jpg 519,279,113,140 667,316,63,54 824,282,94,103 1004,314,153,130
E:\abc\1364612318@1720.jpg 512,278,108,134 668,311,68,58 850,274,100,117 1065,311,179,152
E:\abc\1364612318@1740.jpg 500,283,103,131 675,317,69,63 878,276,108,126
E:\abc\1364612318@1760.jpg 504,280,98,126 605,288,53,61 700,313,77,69 929,269,116,134
E:\abc\1364612318@1780.jpg 504,286,96,115 618,287,56,65 731,312,87,78 987,264,129,154
E:\abc\1364612318@1800.jpg 512,289,90,115 626,282,64,73 774,314,101,92 1058,260,144,169
E:\abc\1364612318@1820.jpg 518,286,88,115 634,278,67,77 816,308,122,110
E:\abc\1364612318@1840.jpg 507,286,88,110 632,273,71,80 876,305,160,139
E:\abc\1364612318@1860.jpg 509,282,87,109 626,259,78,95 1005,297,250,203
E:\abc\1364612318@1880.jpg 503,279,83,105 625,259,82,98
E:\abc\1364612318@1900.jpg 505,285,82,104 628,264,91,99
E:\abc\1364612318@1920.jpg 499,286,79,100 630,258,94,108
E:\abc\1364612318@1940.jpg 499,287,79,97 637,254,107,122 1104,317,71,62
E:\abc\1364612318@1960.jpg 504,295,74,91 649,251,119,133
E:\abc\1364612318@1980.jpg 492,298,75,89 648,240,131,156
E:\abc\1364612318@2000.jpg 506,293,69,88 669,224,152,166
E:\abc\1364612318@2020.jpg 513,295,66,86 686,219,168,185
E:\abc\1364612318@2040.jpg 529,301,63,77 719,215,199,210
E:\abc\1364612318@2060.jpg 539,281,61,72 757,171,236,250
E:\abc\1364612318@2080.jpg 556,280,56,66 830,129,286,310
E:\abc\1364612318@2100.jpg 557,282,53,66 925,81,353,390
E:\abc\1364612318@2120.jpg 551,294,51,59 683,310,45,37
E:\abc\1364612318@2140.jpg 551,291,50,63 692,306,49,42
E:\abc\1364612318@2160.jpg 504,295,51,59 665,311,52,46
E:\abc\1364612318@2180.jpg 511,297,49,62 699,315,59,47
E:\abc\1364612318@2200.jpg 495,314,50,58 726,330,65,51
E:\abc\1364612318@2220.jpg 452,305,48,54 751,320,67,54
E:\abc\1364612318@2240.jpg 440,312,46,57 843,326,81,66
E:\abc\1364612318@2260.jpg 450,318,43,52 1031,327,97,81
E:\abc\1364612318@2280.jpg 464,301,41,53
E:\abc\1364612318@2300.jpg 472,295,39,50
E:\abc\1364612318@2320.jpg 489,304,40,46
E:\abc\1364612318@2340.jpg 516,300,34,45 687,304,38,39
E:\abc\1364612318@2360.jpg 514,297,36,44 703,300,43,49
E:\abc\1364612318@2380.jpg 496,295,37,42 706,296,53,59
E:\abc\1364612318@2400.jpg 495,302,39,41 739,300,64,68
E:\abc\1364612318@2420.jpg 478,305,36,38 772,294,81,91
E:\abc\1364612318@2440.jpg 471,302,36,42 852,283,119,123
E:\abc\1364612318@2460.jpg 476,296,37,43 1081,253,190,215
E:\abc\1364612318@2480.jpg 475,308,36,39
E:\abc\1364612318@2500.jpg 473,309,31,34
E:\abc\1364612318@2520.jpg 457,311,36,42
E:\abc\1364612318@2540.jpg 713,313,44,38 442,305,36,43
E:\abc\1364612318@2560.jpg 434,299,37,47 740,309,52,49
E:\abc\1364612318@2580.jpg 417,306,42,44 777,313,64,67
E:\abc\1364612318@2600.jpg 408,302,41,51 852,309,86,79
E:\abc\1364612318@2620.jpg 397,298,45,51 1001,298,120,117
E:\abc\1364612318@2640.jpg 384,299,45,57
E:\abc\1364612318@2660.jpg 357,297,50,64
E:\abc\1364612318@2680.jpg 318,294,60,71 406,312,55,42 518,318,49,34
E:\abc\1364612318@2700.jpg 273,289,68,77 392,309,60,51 519,312,59,48
E:\abc\1364612318@2720.jpg 200,290,80,95 359,315,77,55 507,318,65,51
E:\abc\1364612318@2740.jpg 115,273,100,115 326,304,83,68 500,310,77,64
E:\abc\1364612318@2760.jpg 7,261,122,153 289,300,95,79 488,307,91,74
E:\abc\1364612318@2780.jpg 251,304,111,87 483,310,105,88
E:\abc\1364612318@2800.jpg 208,300,128,105 467,310,129,107 342,296,69,64
E:\abc\1364612318@2820.jpg 170,298,145,117 455,306,144,119 338,293,67,64
E:\abc\1364612318@2840.jpg 152,306,153,127 448,314,166,135 343,300,65,64
E:\abc\1364612318@2860.jpg 120,298,166,136 439,308,180,146 339,294,64,62
E:\abc\1364612318@2880.jpg 75,299,177,148 429,310,202,165
E:\abc\1364612318@2900.jpg 10,296,191,154 391,305,228,176
E:\abc\1364612318@2920.jpg 315,309,265,204
E:\abc\1364612318@2940.jpg 223,304,317,241
E:\abc\1364612318@2960.jpg 154,298,382,285
E:\abc\1364612318@2980.jpg 120,298,418,301
E:\abc\1364612318@3000.jpg 102,301,432,311
E:\abc\1364612318@3020.jpg 84,301,440,325
E:\abc\1364612318@3040.jpg 58,301,474,338
E:\abc\1364612318@3060.jpg 46,301,480,346
E:\abc\1364612318@3080.jpg 46,301,473,344
E:\abc\1364612318@3100.jpg 48,296,467,339
E:\abc\1364612318@3120.jpg 39,298,478,339
E:\abc\1364612318@3140.jpg 12,297,501,358
E:\abc\1364612318@3160.jpg 4,302,513,369
E:\abc\1364612318@3180.jpg 0,308,518,399
E:\abc\1364612318@3260.jpg 48,302,452,313
E:\abc\1364612318@3280.jpg 135,303,368,261
E:\abc\1364612318@3300.jpg 82,310,178,138 229,314,280,208
E:\abc\1364612318@3320.jpg 106,313,160,123 292,313,226,177
E:\abc\1364612318@3340.jpg 130,318,151,113 333,315,193,156
E:\abc\1364612318@3360.jpg 44,322,109,92 154,325,137,105 357,322,183,153
E:\abc\1364612318@3380.jpg 93,316,105,85 164,318,145,106 372,318,182,142 341,297,68,78
E:\abc\1364612318@3400.jpg 178,314,143,108 393,314,185,151
E:\abc\1364612318@3420.jpg 198,310,139,108 407,310,193,159
E:\abc\1364612318@3440.jpg 224,311,137,102 425,313,206,164
E:\abc\1364612318@3460.jpg 236,314,131,96 419,314,215,169
E:\abc\1364612318@3480.jpg 242,311,120,93 392,292,70,76 406,313,229,178
E:\abc\1364612318@3500.jpg 246,310,118,86 373,291,67,78 389,310,243,189
E:\abc\1364612318@3520.jpg 260,310,104,84 374,309,269,206
E:\abc\1364612318@3540.jpg 264,311,101,81 345,309,297,229
E:\abc\1364612318@3560.jpg 308,308,347,267 268,315,95,77
E:\abc\1364612318@3580.jpg 249,303,424,309
E:\abc\1364612318@3600.jpg 191,300,503,359
E:\abc\1364612318@3620.jpg 163,300,542,381
E:\abc\1364612318@3640.jpg 169,304,527,371
E:\abc\1364612318@3660.jpg 73,305,133,109 51,221,153,169 211,305,467,336
E:\abc\1364612318@3680.jpg 259,306,393,291 215,307,97,89 107,233,134,151
E:\abc\1364612318@3700.jpg 157,243,123,133 298,309,79,79 308,313,323,242
E:\abc\1364612318@3720.jpg 343,312,274,214 191,246,109,125
E:\abc\1364612318@3740.jpg 214,260,102,113 379,317,225,175
E:\abc\1364612318@3760.jpg 390,319,206,164 222,263,93,100
E:\abc\1364612318@3780.jpg 393,317,196,164 220,260,87,103 360,318,45,41
E:\abc\1364612318@3800.jpg 393,312,195,156 346,312,42,37 555,305,66,69
E:\abc\1364612318@3820.jpg 390,313,198,156 331,314,41,34 555,305,68,71
E:\abc\1364612318@3840.jpg 4,220,180,175 394,312,195,153 555,304,73,71
E:\abc\1364612318@3860.jpg 389,309,196,157 553,302,76,78
E:\abc\1364612318@3880.jpg 381,305,203,157 547,297,83,85
E:\abc\1364612318@3900.jpg 385,310,200,157 549,299,83,84
E:\abc\1364612318@3920.jpg 400,310,180,162 547,301,88,91
E:\abc\1364612318@3940.jpg 548,300,91,91
E:\abc\1364612318@3960.jpg 542,298,92,95
E:\abc\1364612318@3980.jpg 543,299,92,92
E:\abc\1364612318@4000.jpg 547,301,86,91
E:\abc\1364612318@4020.jpg 543,302,93,95
E:\abc\1364612318@4040.jpg 539,301,99,92
E:\abc\1364612318@4220.jpg 550,301,92,93
E:\abc\1364612318@4240.jpg 546,301,96,90
E:\abc\1364612318@4260.jpg 551,300,88,91
E:\abc\1364612318@4280.jpg 1,275,448,390 550,303,90,90
E:\abc\1364612318@4300.jpg 2,278,457,376 550,302,89,93
E:\abc\1364612318@4320.jpg 33,278,437,350 550,299,91,92
E:\abc\1364612318@4340.jpg 80,280,397,331 548,300,91,97
E:\abc\1364612318@4360.jpg 126,282,376,303 548,301,91,91
E:\abc\1364612318@4380.jpg 158,283,349,288 549,301,92,94
E:\abc\1364612318@4400.jpg 187,288,328,272 550,298,93,94
E:\abc\1364612318@4420.jpg 217,288,300,250 550,299,91,93
E:\abc\1364612318@4440.jpg 2,283,167,158 242,288,287,231 551,301,86,90
E:\abc\1364612318@4460.jpg 261,296,267,218 551,303,89,90 65,290,150,134
E:\abc\1364612318@4480.jpg 127,293,127,125 266,294,260,211 551,304,90,92
E:\abc\1364612318@4500.jpg 180,294,119,112 282,296,251,205 558,301,100,96
E:\abc\1364612318@4520.jpg 237,299,103,104 292,298,256,205 582,303,95,99 2,293,180,166
E:\abc\1364612318@4540.jpg 48,291,171,150 295,293,263,210 592,297,101,103
E:\abc\1364612318@4560.jpg 78,294,153,128 288,291,267,221
E:\abc\1364612318@4580.jpg 114,297,126,111 280,292,272,219
E:\abc\1364612318@4600.jpg 273,289,277,226 163,298,104,94
E:\abc\1364612318@4620.jpg 214,301,83,80 265,289,283,229 613,293,120,117
E:\abc\1364612318@4640.jpg 252,288,291,235 617,292,121,123
E:\abc\1364612318@4660.jpg 253,291,282,226 620,291,127,120 926,281,78,103
E:\abc\1364612318@4680.jpg 3,298,187,165 257,289,271,214 625,291,129,128 936,282,78,101
E:\abc\1364612318@4700.jpg 266,289,254,207 630,291,134,129 945,281,83,108
E:\abc\1364612318@4720.jpg 263,291,247,195 629,291,145,133 951,281,86,107
E:\abc\1364612318@4740.jpg 271,294,235,191 637,290,142,138 962,282,84,113
E:\abc\1364612318@4760.jpg 271,295,232,193 643,291,142,138 970,280,89,110 778,307,92,95
E:\abc\1364612318@4780.jpg 264,293,240,201 650,289,147,147 982,280,92,112 785,307,97,98
E:\abc\1364612318@4800.jpg 255,292,245,201 655,290,157,155 994,281,95,113
E:\abc\1364612318@4820.jpg 245,291,257,210 662,287,169,161 1011,278,102,119
E:\abc\1364612318@4840.jpg 222,287,280,230 677,285,175,172 1036,277,99,120
E:\abc\1364612318@4860.jpg 206,283,299,247 690,280,193,181 1059,275,106,121
E:\abc\1364612318@4880.jpg 196,284,313,254 704,277,205,196 1081,271,112,137
E:\abc\1364612318@4900.jpg 191,285,314,256 716,278,219,207 1099,275,120,136
E:\abc\1364612318@4920.jpg 193,283,329,267 740,275,230,221 1133,273,119,143
E:\abc\1364612318@4940.jpg 191,284,337,274 770,275,253,240
E:\abc\1364612318@4960.jpg 189,280,354,285 807,269,287,271
E:\abc\1364612318@4980.jpg 183,279,381,310 867,260,338,313
E:\abc\1364612318@5000.jpg 163,277,424,335 942,257,335,342
E:\abc\1364612318@5020.jpg 151,273,469,372
E:\abc\1364612318@5040.jpg 133,269,510,413
E:\abc\1364612318@5060.jpg 104,267,555,439
E:\abc\1364612318@5080.jpg 82,264,584,455 1,58,240,391
E:\abc\1364612318@5100.jpg 122,126,202,319
E:\abc\1364612318@5120.jpg 95,266,583,451
E:\abc\1364612318@5140.jpg 93,268,585,441
E:\abc\1364612318@5160.jpg 106,268,571,448
E:\abc\1364612318@5180.jpg 124,267,548,437 5,310,108,104
E:\abc\1364612318@5200.jpg 130,268,541,436
E:\abc\1364612318@5220.jpg 129,268,548,448 102,298,115,120
E:\abc\1364612318@5240.jpg 136,266,536,429
E:\abc\1364612318@5260.jpg 140,270,539,425
E:\abc\1364612318@5280.jpg 100,312,109,95 150,270,521,428
E:\abc\1364612318@5300.jpg 163,270,506,413
E:\abc\1364612318@5320.jpg 155,270,519,423
E:\abc\1364612318@5340.jpg 147,270,525,435
E:\abc\1364612318@5360.jpg 147,266,529,433 3,296,150,150
E:\abc\1364612318@5380.jpg 157,268,513,425 157,323,82,65
E:\abc\1364612318@5400.jpg 183,272,484,387
E:\abc\1364612318@5420.jpg 215,280,442,367
E:\abc\1364612318@5440.jpg 250,279,400,335
E:\abc\1364612318@5460.jpg 308,285,355,297 243,312,91,82
E:\abc\1364612318@5480.jpg 361,284,317,276
E:\abc\1364612318@5500.jpg 420,285,292,261
E:\abc\1364612318@5520.jpg 463,317,43,39 469,287,269,248
E:\abc\1364612318@5540.jpg 488,286,268,237
E:\abc\1364612318@5560.jpg 500,286,263,244
E:\abc\1364612318@5580.jpg 512,289,256,229
E:\abc\1364612318@5600.jpg 515,290,258,231
E:\abc\1364612318@5620.jpg 516,292,259,228
E:\abc\1364612318@5640.jpg 534,292,249,226
E:\abc\1364612318@5660.jpg 557,291,249,225
E:\abc\1364612318@5680.jpg 570,291,243,218
E:\abc\1364612318@5700.jpg 579,293,239,216
E:\abc\1364612318@5720.jpg 598,289,243,215
E:\abc\1364612318@5740.jpg 628,293,230,199
E:\abc\1364612318@5760.jpg 650,294,218,192
E:\abc\1364612318@5780.jpg 668,294,212,186
E:\abc\1364612318@5800.jpg 690,294,207,181
E:\abc\1364612318@5820.jpg 721,295,187,173
E:\abc\1364612318@5840.jpg 753,295,174,167
E:\abc\1364612318@5860.jpg 790,299,174,152
E:\abc\1364612318@5880.jpg 817,301,172,147
E:\abc\1364612318@5900.jpg 850,300,165,141
E:\abc\1364612318@6280.jpg 125,265,157,168
E:\abc\1364612318@6300.jpg 228,278,125,134
E:\abc\1364612318@6320.jpg 280,286,100,107 436,300,53,65
E:\abc\1364612318@6340.jpg 296,290,84,91 416,303,49,55
E:\abc\1364612318@6360.jpg 308,294,70,78 404,303,39,49
E:\abc\1364612318@6440.jpg 134,255,240,355
E:\abc\1364612318@6460.jpg 266,259,222,341
E:\abc\1364612318@6480.jpg 341,263,196,314 222,257,86,122 47,317,62,47
E:\abc\1364612318@6500.jpg 110,263,81,112 0,321,54,41 342,267,194,310
E:\abc\1364612318@6520.jpg 285,260,201,332
E:\abc\1364612318@6540.jpg 180,257,235,349
E:\abc\1364612318@6560.jpg 62,254,255,380
E:\abc\1364612318@6580.jpg 812,0,463,625
E:\abc\1364612318@6600.jpg 761,1,511,637
E:\abc\1364612318@6620.jpg 694,0,571,602
E:\abc\1364612318@6640.jpg 600,2,632,652
E:\abc\1364612318@6660.jpg 482,2,697,656
E:\abc\1364612318@6680.jpg 412,4,734,669
E:\abc\1364612318@6700.jpg 420,2,729,656
E:\abc\1364612318@6720.jpg 446,3,692,640
E:\abc\1364612318@6740.jpg 470,0,665,656
E:\abc\1364612318@6760.jpg 492,1,633,610
E:\abc\1364612318@6780.jpg 477,2,642,611
E:\abc\1364612318@6800.jpg 441,1,661,629
E:\abc\1364612318@6820.jpg 450,5,649,618
E:\abc\1364612318@6840.jpg 460,2,626,597
E:\abc\1364612318@6860.jpg 434,6,643,617
E:\abc\1364612318@6880.jpg 403,8,657,609
E:\abc\1364612318@6900.jpg 372,8,684,640
E:\abc\1364612318@6920.jpg 341,5,707,640
E:\abc\1364612318@6940.jpg 317,4,718,638
E:\abc\1364612318@6960.jpg 339,4,685,646
E:\abc\1364612318@6980.jpg 405,4,624,606
E:\abc\1364612318@7000.jpg 493,0,548,559
E:\abc\1364612318@7020.jpg 580,20,476,499
E:\abc\1364612318@7040.jpg 651,35,413,455
E:\abc\1364612318@7060.jpg 702,78,362,395
E:\abc\1364612318@7080.jpg 708,93,328,366
E:\abc\1364612318@7100.jpg 81,232,403,459 681,101,311,358
E:\abc\1364612318@7120.jpg 661,101,304,346 158,230,432,439
E:\abc\1364612318@7140.jpg 210,218,440,440 664,91,298,348
E:\abc\1364612318@7160.jpg 265,221,440,441 671,95,300,351
E:\abc\1364612318@7180.jpg 297,226,447,429 682,95,308,356
E:\abc\1364612318@7200.jpg 297,221,447,434 696,91,316,359
E:\abc\1364612318@7220.jpg 279,206,487,469 724,85,321,364
E:\abc\1364612318@7240.jpg 298,209,505,482 764,93,311,348
E:\abc\1364612318@7260.jpg 359,218,478,442 784,101,306,346
E:\abc\1364612318@7280.jpg 432,231,443,418 804,114,299,335
E:\abc\1364612318@7300.jpg 511,239,438,418 841,124,296,327
E:\abc\1364612318@7320.jpg 649,238,438,415 919,118,303,335
E:\abc\1364612318@7340.jpg 813,233,463,452
E:\abc\1364612318@7360.jpg 888,230,387,468
E:\abc\1364612318@7380.jpg 835,205,442,489
E:\abc\1364612318@7400.jpg 809,212,468,491
E:\abc\1364612318@7420.jpg 793,224,485,453
E:\abc\1364612318@7440.jpg 803,241,470,419
E:\abc\1364612318@7460.jpg 785,248,415,377
E:\abc\1364612318@7480.jpg 734,247,387,376
E:\abc\1364612318@7500.jpg 671,243,404,375 632,127,280,306
E:\abc\1364612318@7520.jpg 554,114,307,332 602,235,434,401
E:\abc\1364612318@7540.jpg 510,93,316,359 556,222,476,445
E:\abc\1364612318@7560.jpg 547,216,494,476 489,88,337,367
E:\abc\1364612318@7580.jpg 487,85,340,387 534,219,516,474
E:\abc\1364612318@7600.jpg 490,89,334,365 542,218,503,472
E:\abc\1364612318@7620.jpg 487,87,337,380 537,219,510,471
E:\abc\1364612318@7720.jpg 494,95,321,358 540,218,507,464
E:\abc\1364612318@7740.jpg 496,105,308,335 537,218,512,475
E:\abc\1364612318@7760.jpg 500,114,295,324 540,217,511,478
E:\abc\1364612318@7780.jpg 504,122,281,310 545,216,504,472
E:\abc\1364612318@7800.jpg 503,126,280,310 553,223,478,458
E:\abc\1364612318@7820.jpg 555,229,446,417 503,124,279,306
E:\abc\1364612318@7840.jpg 502,128,278,301 563,232,419,394
E:\abc\1364612318@7860.jpg 569,235,398,382 506,128,277,305
E:\abc\1364612318@7880.jpg 506,128,276,307 564,239,390,368
E:\abc\1364612318@7900.jpg 569,245,389,362 504,132,279,306
E:\abc\1364612318@7920.jpg 470,122,289,324 531,239,411,385
E:\abc\1364612318@7940.jpg 334,109,311,340
E:\abc\1364612318@7960.jpg 37,219,574,500 87,93,347,408
E:\abc\1364612318@8100.jpg 288,321,76,65 224,303,68,71
E:\abc\1364612318@8120.jpg 394,312,73,71
E:\abc\1364612318@8140.jpg 456,311,81,74
E:\abc\1364612318@8160.jpg 443,309,101,87
E:\abc\1364612318@8180.jpg 406,306,113,109
E:\abc\1364612318@8200.jpg 395,300,134,124
E:\abc\1364612318@8220.jpg 385,295,155,144 295,263,117,134
E:\abc\1364612318@8240.jpg 272,266,128,154 355,299,191,169
E:\abc\1364612318@8260.jpg 253,259,140,170 335,294,222,200
E:\abc\1364612318@8280.jpg 228,253,160,188 304,292,259,229
E:\abc\1364612318@8300.jpg 196,246,182,208 258,285,313,269
E:\abc\1364612318@8320.jpg 226,281,362,305
E:\abc\1364612318@8340.jpg 198,281,396,339
E:\abc\1364612318@8360.jpg 172,277,426,359
E:\abc\1364612318@8380.jpg 169,279,436,367
E:\abc\1364612318@8400.jpg 194,283,388,330
E:\abc\1364612318@8420.jpg 169,239,196,234 254,289,323,290
E:\abc\1364612318@8440.jpg 173,245,207,229 354,300,249,223
E:\abc\1364612318@8460.jpg 163,249,216,233 436,309,194,182 421,188,139,199
E:\abc\1364612318@8480.jpg 121,243,242,252 460,314,167,152 422,188,142,212
E:\abc\1364612318@8500.jpg 38,220,297,304 455,312,161,140 423,175,147,206
E:\abc\1364612318@8520.jpg 428,304,160,143 420,161,158,229
E:\abc\1364612318@8540.jpg 374,302,162,146 387,146,170,247
E:\abc\1364612318@8560.jpg 307,303,181,165 346,135,178,270
E:\abc\1364612318@8580.jpg 231,301,225,196 296,114,206,306 56,313,155,127
E:\abc\1364612318@8600.jpg 221,296,267,232 312,91,233,330
E:\abc\1364612318@8620.jpg 226,287,322,292 375,73,242,348 58,304,189,167
E:\abc\1364612318@8640.jpg 66,307,201,181 213,288,378,322 397,63,257,375
E:\abc\1364612318@8660.jpg 192,281,420,362 413,53,253,383
E:\abc\1364612318@8680.jpg 158,276,461,394 408,49,265,390
E:\abc\1364612318@8700.jpg 123,272,501,425 405,46,265,392
E:\abc\1364612318@8720.jpg 410,50,260,374 120,270,504,430
E:\abc\1364612318@8740.jpg 119,272,512,440 425,67,245,362
E:\abc\1364612318@8760.jpg 127,276,493,429 438,81,229,338
E:\abc\1364612318@8780.jpg 11,300,217,199 142,275,454,388 446,95,217,316
E:\abc\1364612318@8800.jpg 10,297,234,209 173,279,398,344 453,106,209,305
E:\abc\1364612318@8820.jpg 13,298,234,211 209,282,349,295 456,109,204,302
E:\abc\1364612318@8840.jpg 13,303,236,200 251,296,300,258 462,116,200,293
E:\abc\1364612318@8860.jpg 3,308,243,210 264,296,294,251 467,114,208,303
E:\abc\1364612318@8880.jpg 3,305,249,224 269,290,312,275 488,96,221,324
E:\abc\1364612318@8900.jpg 277,286,364,317 524,78,236,343
E:\abc\1364612318@8920.jpg 260,280,431,367 550,64,249,371
E:\abc\1364612318@8940.jpg 211,275,500,421 548,50,258,379
E:\abc\1364612318@8960.jpg 194,267,527,440 548,44,268,395
E:\abc\1364612318@8980.jpg 197,273,525,435 549,42,266,400
E:\abc\1364612318@9000.jpg 221,271,499,413 549,41,273,395
