E:\2014年工作\车尾框框\1362385183_t@0.jpg 524,217,179,201 820,275,131,110 722,266,70,64
E:\2014年工作\车尾框框\1362385183_t@20.jpg 519,231,174,194 794,285,130,108 723,276,65,60
E:\2014年工作\车尾框框\1362385183_t@40.jpg 509,227,177,192 783,284,119,96
E:\2014年工作\车尾框框\1362385183_t@60.jpg 502,223,173,193 764,282,115,97
E:\2014年工作\车尾框框\1362385183_t@80.jpg 519,232,173,189 770,285,114,91
E:\2014年工作\车尾框框\1362385183_t@100.jpg 529,227,171,198 771,283,105,90
E:\2014年工作\车尾框框\1362385183_t@120.jpg 532,228,171,195 766,281,103,86
E:\2014年工作\车尾框框\1362385183_t@140.jpg 542,225,162,185 764,278,98,81 902,264,56,66
E:\2014年工作\车尾框框\1362385183_t@160.jpg 549,232,161,178 771,280,84,78 964,263,60,79
E:\2014年工作\车尾框框\1362385183_t@180.jpg 537,240,158,171 756,289,80,72 1033,269,78,95
E:\2014年工作\车尾框框\1362385183_t@200.jpg 506,235,161,180 728,285,81,71 1157,257,106,139
E:\2014年工作\车尾框框\1362385183_t@220.jpg 439,226,168,187 676,282,86,67
E:\2014年工作\车尾框框\1362385183_t@240.jpg 351,226,186,188 630,285,88,69
E:\2014年工作\车尾框框\1362385183_t@260.jpg 243,217,220,233 607,280,87,75
E:\2014年工作\车尾框框\1362385183_t@280.jpg 104,201,270,277 443,275,77,62 598,277,93,74
E:\2014年工作\车尾框框\1362385183_t@300.jpg 426,263,78,67 581,268,96,78
E:\2014年工作\车尾框框\1362385183_t@320.jpg 332,271,72,56 426,277,85,68 593,278,99,81
E:\2014年工作\车尾框框\1362385183_t@340.jpg 318,277,89,66 425,282,97,74 601,280,100,89
E:\2014年工作\车尾框框\1362385183_t@360.jpg 291,274,96,67 415,277,107,81 603,274,108,96
E:\2014年工作\车尾框框\1362385183_t@380.jpg 243,272,108,86 399,278,115,98 595,277,112,97
E:\2014年工作\车尾框框\1362385183_t@400.jpg 165,272,133,101 384,280,119,99 592,280,113,100
E:\2014年工作\车尾框框\1362385183_t@420.jpg 37,270,168,123 356,278,133,109 590,276,123,108
E:\2014年工作\车尾框框\1362385183_t@440.jpg 320,266,141,118 580,266,136,117
E:\2014年工作\车尾框框\1362385183_t@460.jpg 292,280,154,116 577,278,148,124
E:\2014年工作\车尾框框\1362385183_t@480.jpg 283,282,146,122 482,279,70,60 571,283,163,139
E:\2014年工作\车尾框框\1362385183_t@500.jpg 288,279,147,117 484,274,70,56 568,280,164,141
E:\2014年工作\车尾框框\1362385183_t@520.jpg 305,274,135,107 489,272,71,53 563,274,173,142
E:\2014年工作\车尾框框\1362385183_t@540.jpg 332,273,126,101 502,270,66,55 573,275,165,136
E:\2014年工作\车尾框框\1362385183_t@560.jpg 351,277,111,92 506,276,61,52 577,276,154,132
E:\2014年工作\车尾框框\1362385183_t@580.jpg 372,278,107,85 515,275,56,50 581,278,141,117
E:\2014年工作\车尾框框\1362385183_t@600.jpg 392,282,95,75 520,277,53,50 590,282,126,107
E:\2014年工作\车尾框框\1362385183_t@620.jpg 416,276,89,76 529,276,53,45 593,280,126,102
E:\2014年工作\车尾框框\1362385183_t@640.jpg 423,281,90,74 527,280,51,48 592,281,118,104 707,284,45,33
E:\2014年工作\车尾框框\1362385183_t@660.jpg 435,287,87,68 534,282,51,45 603,285,114,98 725,284,43,39
E:\2014年工作\车尾框框\1362385183_t@680.jpg 446,288,88,70 541,283,51,42 609,286,119,104 749,282,46,41
E:\2014年工作\车尾框框\1362385183_t@700.jpg 6,181,321,330 534,272,48,47 600,276,128,104 765,277,54,39
E:\2014年工作\车尾框框\1362385183_t@720.jpg 576,277,135,113 515,276,53,46 2,166,344,365
E:\2014年工作\车尾框框\1362385183_t@740.jpg 1,168,361,387 570,285,138,120 728,253,56,64
E:\2014年工作\车尾框框\1362385183_t@760.jpg 557,275,152,130 731,235,60,66
E:\2014年工作\车尾框框\1362385183_t@780.jpg 548,283,159,133 740,244,63,73
E:\2014年工作\车尾框框\1362385183_t@800.jpg 11,140,471,470 558,281,162,129 747,239,66,78
E:\2014年工作\车尾框框\1362385183_t@820.jpg 42,141,462,450 751,232,75,84 578,274,159,126
E:\2014年工作\车尾框框\1362385183_t@840.jpg 77,145,453,453 585,273,162,135 748,232,75,83
E:\2014年工作\车尾框框\1362385183_t@860.jpg 112,149,436,424 602,272,149,128 746,229,73,88 1082,278,76,59
E:\2014年工作\车尾框框\1362385183_t@880.jpg 111,159,415,413 582,275,141,120 718,232,80,95 1077,285,79,65
E:\2014年工作\车尾框框\1362385183_t@900.jpg 45,165,392,392 512,276,141,120 660,235,80,91 1038,289,83,64
E:\2014年工作\车尾框框\1362385183_t@920.jpg 410,279,130,104 567,233,88,89 969,288,82,70
E:\2014年工作\车尾框框\1362385183_t@940.jpg 310,277,138,112 493,230,84,103 915,290,86,65
E:\2014年工作\车尾框框\1362385183_t@960.jpg 201,267,136,117 408,223,91,105 866,289,82,69
E:\2014年工作\车尾框框\1362385183_t@980.jpg 174,204,91,106
E:\2014年工作\车尾框框\1362385183_t@1000.jpg 357,289,97,72
E:\2014年工作\车尾框框\1362385183_t@1020.jpg 176,290,100,74
E:\2014年工作\车尾框框\1362385183_t@1060.jpg 223,281,129,98
E:\2014年工作\车尾框框\1362385183_t@1080.jpg 402,265,141,111
E:\2014年工作\车尾框框\1362385183_t@1100.jpg 514,265,162,136
E:\2014年工作\车尾框框\1362385183_t@1120.jpg 585,270,196,163
E:\2014年工作\车尾框框\1362385183_t@1140.jpg 613,268,241,196
E:\2014年工作\车尾框框\1362385183_t@1160.jpg 637,275,271,221
E:\2014年工作\车尾框框\1362385183_t@1180.jpg 659,277,301,254
E:\2014年工作\车尾框框\1362385183_t@1200.jpg 691,279,332,281
E:\2014年工作\车尾框框\1362385183_t@1220.jpg 720,302,386,306
E:\2014年工作\车尾框框\1362385183_t@1240.jpg 814,305,442,350
E:\2014年工作\车尾框框\1362385183_t@1320.jpg 764,287,417,320
E:\2014年工作\车尾框框\1362385183_t@1340.jpg 699,285,365,308
E:\2014年工作\车尾框框\1362385183_t@1360.jpg 631,279,333,295 982,269,194,199
E:\2014年工作\车尾框框\1362385183_t@1380.jpg 996,271,270,263 542,284,315,257
E:\2014年工作\车尾框框\1362385183_t@1400.jpg 515,285,300,243 809,261,141,155
E:\2014年工作\车尾框框\1362385183_t@1420.jpg 538,274,275,243 867,250,175,188
E:\2014年工作\车尾框框\1362385183_t@1440.jpg 549,270,262,223 951,239,219,238
E:\2014年工作\车尾框框\1362385183_t@1460.jpg 566,283,266,208
E:\2014年工作\车尾框框\1362385183_t@1480.jpg 549,291,256,215
E:\2014年工作\车尾框框\1362385183_t@1500.jpg 530,281,251,207
E:\2014年工作\车尾框框\1362385183_t@1520.jpg 541,269,238,202
E:\2014年工作\车尾框框\1362385183_t@1540.jpg 551,281,209,165
E:\2014年工作\车尾框框\1362385183_t@1560.jpg 565,282,181,149
E:\2014年工作\车尾框框\1362385183_t@1580.jpg 591,284,160,138
E:\2014年工作\车尾框框\1362385183_t@1600.jpg 328,237,74,90 451,251,48,58 625,293,149,123
E:\2014年工作\车尾框框\1362385183_t@1620.jpg 639,296,148,122
E:\2014年工作\车尾框框\1362385183_t@1640.jpg 329,202,72,82 638,260,145,121 24,154,143,158
E:\2014年工作\车尾框框\1362385183_t@1660.jpg 20,180,141,166 327,222,73,87 637,272,158,125
E:\2014年工作\车尾框框\1362385183_t@1680.jpg 320,224,75,89 646,274,166,141
E:\2014年工作\车尾框框\1362385183_t@1700.jpg 629,282,185,150
E:\2014年工作\车尾框框\1362385183_t@1720.jpg 620,287,195,160
E:\2014年工作\车尾框框\1362385183_t@1740.jpg 608,285,207,169
E:\2014年工作\车尾框框\1362385183_t@1760.jpg 597,253,216,188 807,260,90,91
E:\2014年工作\车尾框框\1362385183_t@1780.jpg 569,237,236,199 841,255,131,118
E:\2014年工作\车尾框框\1362385183_t@1800.jpg 566,276,253,213 933,291,171,149
E:\2014年工作\车尾框框\1362385183_t@1820.jpg 574,294,256,220
E:\2014年工作\车尾框框\1362385183_t@1840.jpg 551,291,252,215 1101,274,50,42
E:\2014年工作\车尾框框\1362385183_t@1860.jpg 540,275,244,205 1111,249,51,49
E:\2014年工作\车尾框框\1362385183_t@1880.jpg 545,274,249,200 1139,233,62,56
E:\2014年工作\车尾框框\1362385183_t@1900.jpg 1171,250,64,59 549,280,245,206
E:\2014年工作\车尾框框\1362385183_t@1920.jpg 554,280,242,201 1213,248,65,56
E:\2014年工作\车尾框框\1362385183_t@1940.jpg 566,276,243,190
E:\2014年工作\车尾框框\1362385183_t@1960.jpg 581,280,233,188
E:\2014年工作\车尾框框\1362385183_t@1980.jpg 596,281,223,180
E:\2014年工作\车尾框框\1362385183_t@2000.jpg 612,282,216,184
E:\2014年工作\车尾框框\1362385183_t@2020.jpg 625,282,210,177
E:\2014年工作\车尾框框\1362385183_t@2040.jpg 656,291,209,172
E:\2014年工作\车尾框框\1362385183_t@2060.jpg 265,248,46,30 686,261,211,174
E:\2014年工作\车尾框框\1362385183_t@2080.jpg 195,244,63,59 727,269,52,43 768,277,243,191
E:\2014年工作\车尾框框\1362385183_t@2100.jpg 784,297,56,47 958,302,321,245
E:\2014年工作\车尾框框\1362385183_t@2120.jpg 830,301,67,53
E:\2014年工作\车尾框框\1362385183_t@2140.jpg 826,269,74,61
E:\2014年工作\车尾框框\1362385183_t@2160.jpg 867,287,122,103
E:\2014年工作\车尾框框\1362385183_t@2180.jpg 965,291,199,169
E:\2014年工作\车尾框框\1362385183_t@2200.jpg 1047,288,211,177
E:\2014年工作\车尾框框\1362385183_t@2360.jpg 439,256,76,86
E:\2014年工作\车尾框框\1362385183_t@2380.jpg 441,224,81,90 602,257,36,37 668,283,39,32
E:\2014年工作\车尾框框\1362385183_t@2400.jpg 663,283,36,31 440,220,82,102
E:\2014年工作\车尾框框\1362385183_t@2420.jpg 442,216,94,107 664,281,39,32
E:\2014年工作\车尾框框\1362385183_t@2440.jpg 436,210,102,122 659,276,46,39
E:\2014年工作\车尾框框\1362385183_t@2460.jpg 431,192,114,140 651,268,51,39
E:\2014年工作\车尾框框\1362385183_t@2480.jpg 403,200,124,151 635,285,53,47
E:\2014年工作\车尾框框\1362385183_t@2500.jpg 363,190,141,159 620,280,56,49
E:\2014年工作\车尾框框\1362385183_t@2520.jpg 579,254,63,53 297,149,156,180
E:\2014年工作\车尾框框\1362385183_t@2540.jpg 212,140,182,199 531,258,67,66
E:\2014年工作\车尾框框\1362385183_t@2560.jpg 161,137,204,218 524,265,78,67
E:\2014年工作\车尾框框\1362385183_t@2580.jpg 109,94,229,252 528,257,86,76
E:\2014年工作\车尾框框\1362385183_t@2600.jpg 53,78,267,301 547,275,97,86
E:\2014年工作\车尾框框\1362385183_t@2620.jpg 574,274,106,95
E:\2014年工作\车尾框框\1362385183_t@2640.jpg 578,291,121,101
E:\2014年工作\车尾框框\1362385183_t@2660.jpg 574,297,131,116
E:\2014年工作\车尾框框\1362385183_t@2680.jpg 564,276,141,117
E:\2014年工作\车尾框框\1362385183_t@2700.jpg 576,276,148,130
E:\2014年工作\车尾框框\1362385183_t@2720.jpg 568,295,158,128
E:\2014年工作\车尾框框\1362385183_t@2740.jpg 557,285,167,141
E:\2014年工作\车尾框框\1362385183_t@2760.jpg 544,289,176,148
E:\2014年工作\车尾框框\1362385183_t@2780.jpg 521,282,191,170
E:\2014年工作\车尾框框\1362385183_t@2800.jpg 496,286,211,183
E:\2014年工作\车尾框框\1362385183_t@2820.jpg 466,289,228,197
E:\2014年工作\车尾框框\1362385183_t@2840.jpg 441,287,247,220
E:\2014年工作\车尾框框\1362385183_t@2860.jpg 408,286,265,228
E:\2014年工作\车尾框框\1362385183_t@2880.jpg 382,284,284,249
E:\2014年工作\车尾框框\1362385183_t@2900.jpg 356,286,309,260
E:\2014年工作\车尾框框\1362385183_t@2920.jpg 353,289,335,297
E:\2014年工作\车尾框框\1362385183_t@2940.jpg 388,296,359,297
E:\2014年工作\车尾框框\1362385183_t@2960.jpg 400,297,403,329
E:\2014年工作\车尾框框\1362385183_t@2980.jpg 407,305,441,348
E:\2014年工作\车尾框框\1362385183_t@3000.jpg 413,305,480,397
E:\2014年工作\车尾框框\1362385183_t@3020.jpg 403,312,519,393
E:\2014年工作\车尾框框\1362385183_t@3040.jpg 388,311,554,397
E:\2014年工作\车尾框框\1362385183_t@3060.jpg 382,310,584,406
E:\2014年工作\车尾框框\1362385183_t@3080.jpg 384,312,576,404
E:\2014年工作\车尾框框\1362385183_t@3100.jpg 373,300,596,416
E:\2014年工作\车尾框框\1362385183_t@3120.jpg 378,305,585,410
E:\2014年工作\车尾框框\1362385183_t@3140.jpg 381,303,577,406
E:\2014年工作\车尾框框\1362385183_t@3160.jpg 385,307,577,402
E:\2014年工作\车尾框框\1362385183_t@3180.jpg 388,306,572,409
E:\2014年工作\车尾框框\1362385183_t@3800.jpg 258,212,88,106
E:\2014年工作\车尾框框\1362385183_t@3980.jpg 223,210,88,111
E:\2014年工作\车尾框框\1362385183_t@4000.jpg 273,215,88,105
E:\2014年工作\车尾框框\1362385183_t@4020.jpg 311,221,81,104
E:\2014年工作\车尾框框\1362385183_t@4040.jpg 329,221,80,99
E:\2014年工作\车尾框框\1362385183_t@4060.jpg 343,224,82,94
E:\2014年工作\车尾框框\1362385183_t@4080.jpg 401,316,550,361
E:\2014年工作\车尾框框\1362385183_t@4100.jpg 422,312,508,383
E:\2014年工作\车尾框框\1362385183_t@4120.jpg 413,317,542,387
E:\2014年工作\车尾框框\1362385183_t@4140.jpg 420,313,632,390
E:\2014年工作\车尾框框\1362385183_t@4160.jpg 429,309,651,400
E:\2014年工作\车尾框框\1362385183_t@4200.jpg 481,320,528,390
E:\2014年工作\车尾框框\1362385183_t@4220.jpg 22,274,167,137 458,229,82,94 529,325,402,295 905,300,74,63
E:\2014年工作\车尾框框\1362385183_t@4240.jpg 898,301,85,63 451,312,343,265 81,276,129,110 439,229,82,95 736,274,64,72
E:\2014年工作\车尾框框\1362385183_t@4260.jpg 57,267,124,106 300,308,339,295 708,265,72,73 889,292,90,72
E:\2014年工作\车尾框框\1362385183_t@4280.jpg 127,316,393,292 758,266,72,75 960,295,112,84 866,201,110,136
E:\2014年工作\车尾框框\1362385183_t@4300.jpg 454,169,108,138 856,230,68,76 1117,258,121,98 972,143,136,167
E:\2014年工作\车尾框框\1362385183_t@4320.jpg 526,188,121,153 324,258,100,91
E:\2014年工作\车尾框框\1362385183_t@4340.jpg 623,184,136,166
E:\2014年工作\车尾框框\1362385183_t@4360.jpg 707,172,156,201
E:\2014年工作\车尾框框\1362385183_t@4380.jpg 476,288,139,120 792,179,182,204
E:\2014年工作\车尾框框\1362385183_t@4400.jpg 882,166,210,241 722,287,125,97 8,324,441,348
E:\2014年工作\车尾框框\1362385183_t@4420.jpg 224,291,364,295 999,142,247,290
E:\2014年工作\车尾框框\1362385183_t@4440.jpg 462,313,280,252
E:\2014年工作\车尾框框\1362385183_t@4460.jpg 617,306,225,200 1074,298,81,60
E:\2014年工作\车尾框框\1362385183_t@4480.jpg 678,301,209,193 1012,302,66,53
E:\2014年工作\车尾框框\1362385183_t@4500.jpg 656,302,192,173 909,294,58,48
E:\2014年工作\车尾框框\1362385183_t@4520.jpg 537,297,184,178 756,284,57,48
E:\2014年工作\车尾框框\1362385183_t@4540.jpg 435,293,198,169 659,281,52,42 859,209,136,153
E:\2014年工作\车尾框框\1362385183_t@4560.jpg 835,194,147,171 402,294,190,173 647,276,48,43
E:\2014年工作\车尾框框\1362385183_t@4580.jpg 414,291,193,176 656,274,49,42 845,178,163,185
E:\2014年工作\车尾框框\1362385183_t@4600.jpg 444,284,175,175 849,168,191,217 671,276,47,37
E:\2014年工作\车尾框框\1362385183_t@4620.jpg 460,270,168,158 850,146,206,249 667,267,41,37
E:\2014年工作\车尾框框\1362385183_t@4640.jpg 499,297,154,139 856,159,228,266
E:\2014年工作\车尾框框\1362385183_t@4660.jpg 513,299,142,120 850,145,255,289
E:\2014年工作\车尾框框\1362385183_t@4680.jpg 505,279,131,110 837,109,285,325
E:\2014年工作\车尾框框\1362385183_t@4700.jpg 91,273,235,185 531,277,108,97 843,80,343,371
E:\2014年工作\车尾框框\1362385183_t@4720.jpg 886,56,387,434 560,287,110,93 219,281,185,153
E:\2014年工作\车尾框框\1362385183_t@4740.jpg 275,267,155,128 564,277,94,77 856,22,423,465
E:\2014年工作\车尾框框\1362385183_t@4760.jpg 324,272,137,111 571,279,87,73 818,10,447,491
E:\2014年工作\车尾框框\1362385183_t@4780.jpg 751,20,463,478 580,280,81,65 367,275,120,95
E:\2014年工作\车尾框框\1362385183_t@4800.jpg 402,274,97,82 585,278,64,58 713,27,433,454
E:\2014年工作\车尾框框\1362385183_t@4820.jpg 431,280,87,70 592,285,58,50 695,49,415,426
E:\2014年工作\车尾框框\1362385183_t@4840.jpg 436,277,85,62 577,283,50,45 679,57,389,412
E:\2014年工作\车尾框框\1362385183_t@4860.jpg 442,281,70,59 553,283,49,47 665,72,361,372
E:\2014年工作\车尾框框\1362385183_t@4880.jpg 473,284,70,51 555,287,46,39 681,95,334,346
E:\2014年工作\车尾框框\1362385183_t@4900.jpg 501,285,65,48 690,113,311,318
E:\2014年工作\车尾框框\1362385183_t@4920.jpg 532,282,59,44 712,125,286,293
E:\2014年工作\车尾框框\1362385183_t@4940.jpg 550,277,51,42 714,135,261,275
E:\2014年工作\车尾框框\1362385183_t@4960.jpg 557,281,47,39 700,142,255,257
E:\2014年工作\车尾框框\1362385183_t@4980.jpg 556,265,46,36 680,135,240,254
E:\2014年工作\车尾框框\1362385183_t@5000.jpg 574,283,42,38 680,155,238,244
E:\2014年工作\车尾框框\1362385183_t@5020.jpg 594,281,43,33 693,146,229,245
E:\2014年工作\车尾框框\1362385183_t@5040.jpg 715,155,229,244 619,286,43,33
E:\2014年工作\车尾框框\1362385183_t@5060.jpg 636,281,36,35 738,156,226,235
E:\2014年工作\车尾框框\1362385183_t@5080.jpg 648,282,35,31 762,160,225,226
E:\2014年工作\车尾框框\1362385183_t@5100.jpg 780,153,227,245 661,278,36,29
E:\2014年工作\车尾框框\1362385183_t@5120.jpg 771,153,223,234 644,278,35,29
E:\2014年工作\车尾框框\1362385183_t@5140.jpg 778,161,218,225 647,280,37,30
E:\2014年工作\车尾框框\1362385183_t@5160.jpg 772,167,217,224 646,283,35,31
E:\2014年工作\车尾框框\1362385183_t@5180.jpg 761,168,209,222 638,284,36,27
E:\2014年工作\车尾框框\1362385183_t@5200.jpg 733,161,201,221 621,276,38,27
E:\2014年工作\车尾框框\1362385183_t@5220.jpg 679,171,210,223 598,281,32,30
E:\2014年工作\车尾框框\1362385183_t@5240.jpg 661,172,195,205
E:\2014年工作\车尾框框\1362385183_t@5260.jpg 648,169,194,208
E:\2014年工作\车尾框框\1362385183_t@5280.jpg 601,178,189,202
E:\2014年工作\车尾框框\1362385183_t@5300.jpg 585,180,168,187
E:\2014年工作\车尾框框\1362385183_t@5320.jpg 573,190,159,186
E:\2014年工作\车尾框框\1362385183_t@5340.jpg 564,195,156,176
E:\2014年工作\车尾框框\1362385183_t@5360.jpg 581,192,144,169
E:\2014年工作\车尾框框\1362385183_t@5380.jpg 594,203,136,160
E:\2014年工作\车尾框框\1362385183_t@5400.jpg 584,206,125,144
E:\2014年工作\车尾框框\1362385183_t@5420.jpg 542,213,117,139
E:\2014年工作\车尾框框\1362385183_t@5440.jpg 475,214,112,126
E:\2014年工作\车尾框框\1362385183_t@5460.jpg 441,211,106,125
E:\2014年工作\车尾框框\1362385183_t@5540.jpg 463,229,89,101
E:\2014年工作\车尾框框\1362385183_t@5560.jpg 478,220,87,105
E:\2014年工作\车尾框框\1362385183_t@5600.jpg 488,219,78,95 586,266,34,29
E:\2014年工作\车尾框框\1362385183_t@5620.jpg 506,239,71,91 591,280,34,29
E:\2014年工作\车尾框框\1362385183_t@5640.jpg 532,232,71,75
E:\2014年工作\车尾框框\1362385183_t@5660.jpg 539,225,69,80
E:\2014年工作\车尾框框\1362385183_t@5680.jpg 549,225,67,76
E:\2014年工作\车尾框框\1362385183_t@5720.jpg 559,244,61,70
E:\2014年工作\车尾框框\1362385183_t@5740.jpg 1023,289,62,49
E:\2014年工作\车尾框框\1362385183_t@5760.jpg 928,286,74,61
E:\2014年工作\车尾框框\1362385183_t@5780.jpg 692,282,69,63
E:\2014年工作\车尾框框\1362385183_t@5920.jpg 1015,277,49,37
E:\2014年工作\车尾框框\1362385183_t@5940.jpg 844,270,49,40
E:\2014年工作\车尾框框\1362385183_t@5960.jpg 717,282,56,42
E:\2014年工作\车尾框框\1362385183_t@5980.jpg 654,279,57,44
E:\2014年工作\车尾框框\1362385183_t@6000.jpg 621,278,70,51
E:\2014年工作\车尾框框\1362385183_t@6020.jpg 608,276,79,57
E:\2014年工作\车尾框框\1362385183_t@6040.jpg 605,277,80,62
E:\2014年工作\车尾框框\1362385183_t@6060.jpg 605,278,81,65
E:\2014年工作\车尾框框\1362385183_t@6080.jpg 596,277,91,68
E:\2014年工作\车尾框框\1362385183_t@6100.jpg 586,276,101,87
E:\2014年工作\车尾框框\1362385183_t@6120.jpg 584,275,111,89
E:\2014年工作\车尾框框\1362385183_t@6140.jpg 578,275,129,103
E:\2014年工作\车尾框框\1362385183_t@6160.jpg 567,278,146,120
E:\2014年工作\车尾框框\1362385183_t@6180.jpg 560,281,154,142 811,282,93,76
E:\2014年工作\车尾框框\1362385183_t@6200.jpg 549,282,178,150 823,284,107,78
E:\2014年工作\车尾框框\1362385183_t@6220.jpg 535,276,214,181
E:\2014年工作\车尾框框\1362385183_t@6240.jpg 513,282,243,201
E:\2014年工作\车尾框框\1362385183_t@6260.jpg 500,279,277,231
E:\2014年工作\车尾框框\1362385183_t@6280.jpg 477,275,316,257 881,276,141,112
E:\2014年工作\车尾框框\1362385183_t@6300.jpg 470,277,332,271 890,276,150,109
E:\2014年工作\车尾框框\1362385183_t@6320.jpg 462,272,357,293 904,276,154,115
E:\2014年工作\车尾框框\1362385183_t@6340.jpg 451,274,370,303 909,277,161,121
E:\2014年工作\车尾框框\1362385183_t@6360.jpg 449,278,385,314 920,281,158,128
E:\2014年工作\车尾框框\1362385183_t@6380.jpg 448,275,383,319 923,282,157,130
E:\2014年工作\车尾框框\1362385183_t@6420.jpg 465,287,382,313 947,289,173,139
E:\2014年工作\车尾框框\1362385183_t@6440.jpg 471,288,379,314 973,288,186,157
E:\2014年工作\车尾框框\1362385183_t@6460.jpg 500,291,357,296 994,295,211,162
E:\2014年工作\车尾框框\1362385183_t@6480.jpg 536,289,325,274 1050,296,228,177
E:\2014年工作\车尾框框\1362385183_t@6500.jpg 576,290,294,246
E:\2014年工作\车尾框框\1362385183_t@6520.jpg 572,291,278,227
E:\2014年工作\车尾框框\1362385183_t@6540.jpg 569,280,271,219
E:\2014年工作\车尾框框\1362385183_t@6560.jpg 577,275,258,215
E:\2014年工作\车尾框框\1362385183_t@6580.jpg 580,276,253,205
E:\2014年工作\车尾框框\1362385183_t@6600.jpg 573,298,239,199
E:\2014年工作\车尾框框\1362385183_t@6620.jpg 577,285,232,192 874,283,66,49
E:\2014年工作\车尾框框\1362385183_t@6640.jpg 596,270,223,194 887,274,63,47
E:\2014年工作\车尾框框\1362385183_t@6660.jpg 80,224,300,268 628,273,214,183
E:\2014年工作\车尾框框\1362385183_t@6680.jpg 224,224,239,213 621,267,205,182
E:\2014年工作\车尾框框\1362385183_t@6700.jpg 337,244,193,184 633,284,199,166
E:\2014年工作\车尾框框\1362385183_t@6720.jpg 446,263,159,144 678,290,184,156
E:\2014年工作\车尾框框\1362385183_t@6740.jpg 516,258,134,129 700,284,171,146
E:\2014年工作\车尾框框\1362385183_t@6760.jpg 550,271,123,115 706,295,166,133
E:\2014年工作\车尾框框\1362385183_t@6780.jpg 584,272,109,99 717,291,150,126
E:\2014年工作\车尾框框\1362385183_t@6820.jpg 504,274,94,87 600,295,141,114
E:\2014年工作\车尾框框\1362385183_t@6840.jpg 566,282,142,116
E:\2014年工作\车尾框框\1362385183_t@6860.jpg 547,275,144,121
E:\2014年工作\车尾框框\1362385183_t@6920.jpg 419,270,159,132 630,278,89,79
E:\2014年工作\车尾框框\1362385183_t@6940.jpg 411,269,161,138 644,277,96,85
E:\2014年工作\车尾框框\1362385183_t@6960.jpg 379,272,171,143 640,280,107,87
E:\2014年工作\车尾框框\1362385183_t@6980.jpg 332,271,190,163 626,276,115,100
E:\2014年工作\车尾框框\1362385183_t@7000.jpg 280,264,219,182 605,271,124,110
E:\2014年工作\车尾框框\1362385183_t@7020.jpg 235,266,242,209 595,276,129,111
E:\2014年工作\车尾框框\1362385183_t@7040.jpg 212,276,268,229 596,282,125,107
E:\2014年工作\车尾框框\1362385183_t@7060.jpg 220,260,289,237 584,267,128,107 736,269,69,59
E:\2014年工作\车尾框框\1362385183_t@7080.jpg 262,259,320,258 763,268,85,80
E:\2014年工作\车尾框框\1362385183_t@7100.jpg 339,274,313,254 813,276,109,101
E:\2014年工作\车尾框框\1362385183_t@7120.jpg 427,274,297,243 894,277,154,136 790,277,80,65
E:\2014年工作\车尾框框\1362385183_t@7140.jpg 825,284,105,86 510,280,286,237
E:\2014年工作\车尾框框\1362385183_t@7160.jpg 558,273,279,232 876,278,155,117 1094,270,133,118
E:\2014年工作\车尾框框\1362385183_t@7180.jpg 583,276,260,218 1002,283,244,186
E:\2014年工作\车尾框框\1362385183_t@7200.jpg 603,276,247,210 844,272,130,105
E:\2014年工作\车尾框框\1362385183_t@7220.jpg 602,276,236,204 901,263,193,159
E:\2014年工作\车尾框框\1362385183_t@7240.jpg 605,277,229,195
E:\2014年工作\车尾框框\1362385183_t@7260.jpg 614,272,228,195
E:\2014年工作\车尾框框\1362385183_t@7280.jpg 623,276,235,190
E:\2014年工作\车尾框框\1362385183_t@7300.jpg 642,274,226,187 512,275,110,83
E:\2014年工作\车尾框框\1362385183_t@7320.jpg 488,276,101,86 651,282,226,187
E:\2014年工作\车尾框框\1362385183_t@7340.jpg 652,274,226,201 456,271,99,91
E:\2014年工作\车尾框框\1362385183_t@7360.jpg 638,274,237,207 430,270,99,84
E:\2014年工作\车尾框框\1362385183_t@7380.jpg 901,249,78,83 1047,253,101,100 599,276,244,206 395,275,95,83
E:\2014年工作\车尾框框\1362385183_t@7420.jpg 420,273,88,75 632,272,226,194
E:\2014年工作\车尾框框\1362385183_t@7440.jpg 403,278,87,72 630,279,206,184
E:\2014年工作\车尾框框\1362385183_t@7460.jpg 386,278,82,71 615,279,203,174
E:\2014年工作\车尾框框\1362385183_t@7480.jpg 394,281,85,69 615,278,198,168 1082,267,89,79
E:\2014年工作\车尾框框\1362385183_t@7500.jpg 429,283,78,65 647,277,189,164
E:\2014年工作\车尾框框\1362385183_t@7520.jpg 432,284,76,69 624,283,198,163 1168,274,107,74
E:\2014年工作\车尾框框\1362385183_t@7540.jpg 326,280,46,37 432,280,78,66 562,281,205,163
E:\2014年工作\车尾框框\1362385183_t@7560.jpg 370,274,48,40 460,277,207,168
E:\2014年工作\车尾框框\1362385183_t@7580.jpg 357,274,203,172
E:\2014年工作\车尾框框\1362385183_t@7600.jpg 245,274,221,177 469,278,80,66
E:\2014年工作\车尾框框\1362385183_t@7620.jpg 182,268,235,187 508,273,82,73 648,276,55,44
E:\2014年工作\车尾框框\1362385183_t@7640.jpg 88,268,281,216 555,272,82,78 716,272,70,55
E:\2014年工作\车尾框框\1362385183_t@7660.jpg 584,282,93,80 784,286,76,58 672,274,70,64 5,277,277,248
E:\2014年工作\车尾框框\1362385183_t@7680.jpg 596,285,96,85 689,276,74,70 835,290,92,75
E:\2014年工作\车尾框框\1362385183_t@7700.jpg 585,291,107,90 698,286,71,66 886,302,114,91
E:\2014年工作\车尾框框\1362385183_t@7720.jpg 582,281,117,101 707,272,73,71 967,293,152,125
E:\2014年工作\车尾框框\1362385183_t@7740.jpg 1072,294,206,175 599,278,118,105 731,269,73,72
E:\2014年工作\车尾框框\1362385183_t@7760.jpg 612,279,129,117 746,274,73,67
E:\2014年工作\车尾框框\1362385183_t@7780.jpg 618,283,134,114 748,274,69,60
E:\2014年工作\车尾框框\1362385183_t@7800.jpg 627,276,125,110 740,266,62,60
E:\2014年工作\车尾框框\1362385183_t@7820.jpg 648,287,129,112
E:\2014年工作\车尾框框\1362385183_t@7840.jpg 630,289,135,114
E:\2014年工作\车尾框框\1362385183_t@7860.jpg 604,276,132,116
E:\2014年工作\车尾框框\1362385183_t@7880.jpg 580,273,133,117
E:\2014年工作\车尾框框\1362385183_t@7900.jpg 564,278,139,115
E:\2014年工作\车尾框框\1362385183_t@7920.jpg 557,281,143,120
E:\2014年工作\车尾框框\1362385183_t@7940.jpg 560,276,143,114
E:\2014年工作\车尾框框\1362385183_t@7960.jpg 558,281,141,118
E:\2014年工作\车尾框框\1362385183_t@7980.jpg 550,284,141,112
E:\2014年工作\车尾框框\1362385183_t@8000.jpg 566,279,124,112
E:\2014年工作\车尾框框\1362385183_t@8020.jpg 580,280,125,103
E:\2014年工作\车尾框框\1362385183_t@8040.jpg 594,278,127,109
E:\2014年工作\车尾框框\1362385183_t@8060.jpg 619,275,130,109
E:\2014年工作\车尾框框\1362385183_t@8080.jpg 629,278,128,111
E:\2014年工作\车尾框框\1362385183_t@8100.jpg 653,283,120,103
E:\2014年工作\车尾框框\1362385183_t@8120.jpg 622,279,116,99
E:\2014年工作\车尾框框\1362385183_t@8140.jpg 630,271,107,98
E:\2014年工作\车尾框框\1362385183_t@8160.jpg 651,283,104,90
E:\2014年工作\车尾框框\1362385183_t@8180.jpg 618,283,102,86
E:\2014年工作\车尾框框\1362385183_t@8200.jpg 587,277,103,87
E:\2014年工作\车尾框框\1362385183_t@8220.jpg 601,282,97,83
E:\2014年工作\车尾框框\1362385183_t@8240.jpg 612,279,98,87
E:\2014年工作\车尾框框\1362385183_t@8260.jpg 616,276,97,86
E:\2014年工作\车尾框框\1362385183_t@8280.jpg 626,282,100,81
E:\2014年工作\车尾框框\1362385183_t@8300.jpg 650,276,104,84
E:\2014年工作\车尾框框\1362385183_t@8320.jpg 685,272,96,86
E:\2014年工作\车尾框框\1362385183_t@8340.jpg 725,272,98,81
E:\2014年工作\车尾框框\1362385183_t@8360.jpg 676,268,50,40 754,266,92,80
E:\2014年工作\车尾框框\1362385183_t@8380.jpg 675,269,49,40 756,271,81,74
E:\2014年工作\车尾框框\1362385183_t@8400.jpg 417,237,98,126 674,275,44,39 739,278,78,66
E:\2014年工作\车尾框框\1362385183_t@8420.jpg 456,233,127,148 714,276,78,59
E:\2014年工作\车尾框框\1362385183_t@8440.jpg 495,231,159,179
E:\2014年工作\车尾框框\1362385183_t@8460.jpg 498,215,196,220
E:\2014年工作\车尾框框\1362385183_t@8480.jpg 486,202,249,273
E:\2014年工作\车尾框框\1362385183_t@8500.jpg 481,196,269,301 964,282,187,156
E:\2014年工作\车尾框框\1362385183_t@8520.jpg 472,202,254,284 843,281,125,107
E:\2014年工作\车尾框框\1362385183_t@8540.jpg 480,214,230,246 798,273,91,78
E:\2014年工作\车尾框框\1362385183_t@8560.jpg 512,230,195,213 764,281,73,62
E:\2014年工作\车尾框框\1362385183_t@8580.jpg 530,228,179,205 745,283,62,55
E:\2014年工作\车尾框框\1362385183_t@8600.jpg 543,231,168,190 731,279,53,49
E:\2014年工作\车尾框框\1362385183_t@8620.jpg 562,232,157,178 728,280,46,38
E:\2014年工作\车尾框框\1362385183_t@8640.jpg 574,234,143,158
E:\2014年工作\车尾框框\1362385183_t@8660.jpg 593,239,131,147
E:\2014年工作\车尾框框\1362385183_t@8680.jpg 602,244,122,132
E:\2014年工作\车尾框框\1362385183_t@8700.jpg 607,245,110,123
E:\2014年工作\车尾框框\1362385183_t@8720.jpg 618,247,99,116
E:\2014年工作\车尾框框\1362385183_t@8720.jpg 617,246,100,118
E:\2014年工作\车尾框框\1362385183_t@8740.jpg 605,250,94,107
E:\2014年工作\车尾框框\1362385183_t@8760.jpg 613,254,86,89
E:\2014年工作\车尾框框\1362385183_t@8780.jpg 624,255,80,85
E:\2014年工作\车尾框框\1362385183_t@8800.jpg 620,254,76,84
E:\2014年工作\车尾框框\1362385183_t@8820.jpg 625,255,70,79
E:\2014年工作\车尾框框\1362385183_t@8840.jpg 626,257,66,71
E:\2014年工作\车尾框框\1362385183_t@8860.jpg 617,256,62,72
E:\2014年工作\车尾框框\1362385183_t@8880.jpg 612,256,60,64
E:\2014年工作\车尾框框\1362385183_t@8900.jpg 602,260,55,62
E:\2014年工作\车尾框框\1362385183_t@8920.jpg 598,260,54,59 881,293,398,342
E:\2014年工作\车尾框框\1362385183_t@8940.jpg 605,261,49,54 856,290,382,333
E:\2014年工作\车尾框框\1362385183_t@8960.jpg 613,262,49,55 856,296,350,284
E:\2014年工作\车尾框框\1362385183_t@8980.jpg 851,291,336,295 623,266,48,50
E:\2014年工作\车尾框框\1362385183_t@9000.jpg 635,267,46,50 887,296,315,263
E:\2014年工作\车尾框框\1362385183_t@9020.jpg 642,266,40,42 909,290,320,278
E:\2014年工作\车尾框框\1362385183_t@9040.jpg 641,267,43,44 956,290,322,282
E:\2014年工作\车尾框框\1362385183_t@9060.jpg 640,268,38,39
E:\2014年工作\车尾框框\1362385183_t@9080.jpg 643,264,39,45
E:\2014年工作\车尾框框\1362385183_t@9100.jpg 646,262,42,43
E:\2014年工作\车尾框框\1362385183_t@9120.jpg 653,257,41,46
E:\2014年工作\车尾框框\1362385183_t@9140.jpg 648,255,44,42
E:\2014年工作\车尾框框\1362385183_t@9160.jpg 652,254,40,45
E:\2014年工作\车尾框框\1362385183_t@9180.jpg 645,252,42,47
E:\2014年工作\车尾框框\1362385183_t@9200.jpg 639,257,44,43
E:\2014年工作\车尾框框\1362385183_t@9220.jpg 634,256,40,44 982,272,58,45
E:\2014年工作\车尾框框\1362385183_t@9240.jpg 624,263,45,45 1032,271,73,62
E:\2014年工作\车尾框框\1362385183_t@9260.jpg 610,267,40,39 1039,284,239,225
E:\2014年工作\车尾框框\1362385183_t@9280.jpg 1167,274,111,79 939,278,205,172 596,267,39,38
E:\2014年工作\车尾框框\1362385183_t@9300.jpg 606,270,30,36 879,272,155,137 678,282,36,27
E:\2014年工作\车尾框框\1362385183_t@9320.jpg 835,273,122,109 691,284,35,26
E:\2014年工作\车尾框框\1362385183_t@9360.jpg 667,284,30,29 755,291,37,28
E:\2014年工作\车尾框框\1362385183_t@9400.jpg 1160,286,66,56
E:\2014年工作\车尾框框\1362385183_t@9520.jpg 18,235,88,69 393,251,83,72
E:\2014年工作\车尾框框\1362385183_t@9540.jpg 149,241,86,72 542,253,94,75
E:\2014年工作\车尾框框\1362385183_t@9560.jpg 221,247,105,89 664,269,110,89
E:\2014年工作\车尾框框\1362385183_t@9580.jpg 216,261,126,93 762,270,135,112
E:\2014年工作\车尾框框\1362385183_t@9600.jpg 126,282,163,126 836,299,187,146
E:\2014年工作\车尾框框\1362385183_t@9620.jpg 971,309,294,241 3,277,184,171
E:\2014年工作\车尾框框\1362385183_t@9660.jpg 394,286,97,82
E:\2014年工作\车尾框框\1362385183_t@9680.jpg 324,271,121,102 507,267,75,58
E:\2014年工作\车尾框框\1362385183_t@9700.jpg 183,283,163,138
E:\2014年工作\车尾框框\1362385183_t@9820.jpg 432,267,88,81
E:\2014年工作\车尾框框\1362385183_t@9840.jpg 379,271,114,93
E:\2014年工作\车尾框框\1362385183_t@9860.jpg 299,268,137,118
E:\2014年工作\车尾框框\1362385183_t@9880.jpg 175,262,187,142 738,278,72,64
E:\2014年工作\车尾框框\1362385183_t@9900.jpg 701,274,78,74
E:\2014年工作\车尾框框\1362385183_t@9920.jpg 651,251,88,80
E:\2014年工作\车尾框框\1362385183_t@9940.jpg 586,279,103,94
E:\2014年工作\车尾框框\1362385183_t@9960.jpg 521,272,118,110
E:\2014年工作\车尾框框\1362385183_t@9980.jpg 501,277,137,119
E:\2014年工作\车尾框框\1362385183_t@10000.jpg 546,273,156,135
E:\2014年工作\车尾框框\1362385183_t@10020.jpg 656,278,181,153
E:\2014年工作\车尾框框\1362385183_t@10040.jpg 822,275,210,192
E:\2014年工作\车尾框框\1362385183_t@10060.jpg 916,292,250,221
E:\2014年工作\车尾框框\1362385183_t@10080.jpg 729,290,299,258
E:\2014年工作\车尾框框\1362385183_t@10100.jpg 151,271,418,313