E:\2014年工作\车尾框框\1363322945@0.jpg 553,290,70,59 726,302,237,200 883,178,156,188
E:\2014年工作\车尾框框\1363322945@20.jpg 675,287,57,50 550,291,70,53 775,304,237,198 910,168,174,208
E:\2014年工作\车尾框框\1363322945@40.jpg 554,285,68,57 680,285,55,46 970,143,191,245 821,296,260,215
E:\2014年工作\车尾框框\1363322945@60.jpg 871,298,282,241 1046,122,227,278 678,285,56,45 555,290,64,58
E:\2014年工作\车尾框框\1363322945@80.jpg 931,301,310,256 675,291,54,40 548,286,72,59 827,280,41,30
E:\2014年工作\车尾框框\1363322945@100.jpg 827,278,45,35 671,281,59,51 553,286,68,60
E:\2014年工作\车尾框框\1363322945@120.jpg 561,287,73,65 675,288,59,48 835,285,47,38
E:\2014年工作\车尾框框\1363322945@140.jpg 838,287,45,41 676,291,61,44 558,288,72,67
E:\2014年工作\车尾框框\1363322945@160.jpg 561,294,76,63 679,300,61,46 849,295,52,41
E:\2014年工作\车尾框框\1363322945@180.jpg 684,294,62,51 862,296,55,41 564,295,76,67
E:\2014年工作\车尾框框\1363322945@200.jpg 563,290,76,73 680,291,64,55 870,293,58,49
E:\2014年工作\车尾框框\1363322945@220.jpg 875,299,69,50 675,295,67,55 560,294,75,71
E:\2014年工作\车尾框框\1363322945@240.jpg 672,287,64,61 891,295,74,57 761,256,63,65 555,288,82,77
E:\2014年工作\车尾框框\1363322945@260.jpg 551,289,85,88 664,291,68,63 784,256,69,81 909,298,81,64
E:\2014年工作\车尾框框\1363322945@280.jpg 552,284,85,84 668,286,63,65 819,247,81,84 932,294,102,77 730,289,48,47
E:\2014年工作\车尾框框\1363322945@300.jpg 557,287,89,86 674,288,63,61 739,288,51,46 987,296,110,84 873,239,91,98
E:\2014年工作\车尾框框\1363322945@320.jpg 1032,303,132,110 743,294,51,48 669,300,65,59 549,300,93,82
E:\2014年工作\车尾框框\1363322945@340.jpg 542,287,101,88 662,288,70,64 744,289,51,49 1097,299,164,122
E:\2014年工作\车尾框框\1363322945@360.jpg 746,291,57,53 659,291,71,67 544,289,99,98
E:\2014年工作\车尾框框\1363322945@380.jpg 541,284,97,95 658,285,69,68 751,286,59,56
E:\2014年工作\车尾框框\1363322945@400.jpg 767,291,59,54 658,289,77,65 548,288,97,93
E:\2014年工作\车尾框框\1363322945@420.jpg 551,295,100,85 667,293,73,61 776,288,66,59 986,285,42,35
E:\2014年工作\车尾框框\1363322945@440.jpg 1007,287,45,36 788,285,66,61 668,286,73,70 551,285,100,102
E:\2014年工作\车尾框框\1363322945@460.jpg 544,283,103,97 665,286,78,70 793,285,69,66 1031,287,48,38
E:\2014年工作\车尾框框\1363322945@480.jpg 1057,298,45,41 802,298,69,67 671,296,71,66 545,294,103,97
E:\2014年工作\车尾框框\1363322945@500.jpg 537,288,105,102 668,286,73,72 806,287,73,74 1082,299,50,42
E:\2014年工作\车尾框框\1363322945@520.jpg 1116,299,54,42 817,284,72,68 668,283,72,69 535,283,105,98
E:\2014年工作\车尾框框\1363322945@540.jpg 540,285,109,105 669,285,78,70 830,283,79,75
E:\2014年工作\车尾框框\1363322945@560.jpg 835,276,81,71 669,275,75,74 541,275,109,104
E:\2014年工作\车尾框框\1363322945@580.jpg 548,285,110,106 674,283,72,72 844,282,81,80
E:\2014年工作\车尾框框\1363322945@600.jpg 847,276,80,84 676,280,77,70 550,278,115,109
E:\2014年工作\车尾框框\1363322945@620.jpg 552,291,115,100 673,287,74,65 843,283,82,77
E:\2014年工作\车尾框框\1363322945@640.jpg 556,288,115,104 679,291,70,68 842,290,82,73
E:\2014年工作\车尾框框\1363322945@660.jpg 833,291,78,70 674,294,74,68 556,291,112,110
E:\2014年工作\车尾框框\1363322945@680.jpg 548,288,112,112 670,293,74,67 828,293,71,69
E:\2014年工作\车尾框框\1363322945@700.jpg 817,294,70,64 671,296,74,64 542,298,115,102
E:\2014年工作\车尾框框\1363322945@720.jpg 542,289,112,112 672,292,72,66 811,292,73,68 1018,305,261,219
E:\2014年工作\车尾框框\1363322945@740.jpg 991,303,276,226 805,291,66,62 672,296,71,59 537,294,115,102
E:\2014年工作\车尾框框\1363322945@760.jpg 526,291,115,98 662,290,71,63 788,286,74,64 957,292,283,228
E:\2014年工作\车尾框框\1363322945@780.jpg 936,300,271,225 791,303,68,55 659,302,76,63 520,298,120,102
E:\2014年工作\车尾框框\1363322945@800.jpg 509,303,117,99 653,302,72,63 781,302,67,60 911,305,260,224
E:\2014年工作\车尾框框\1363322945@820.jpg 896,302,250,210 778,303,67,55 653,304,73,59 507,302,111,95
E:\2014年工作\车尾框框\1363322945@840.jpg 500,301,112,96 643,303,75,58 765,301,68,54 875,303,250,192
E:\2014年工作\车尾框框\1363322945@860.jpg 500,301,114,100 645,305,75,60 763,304,67,50 868,310,246,194
E:\2014年工作\车尾框框\1363322945@880.jpg 871,296,249,197 763,296,67,53 649,299,77,58 505,298,115,92
E:\2014年工作\车尾框框\1363322945@900.jpg 505,303,114,99 650,303,76,65 760,300,62,56 879,298,258,205
E:\2014年工作\车尾框框\1363322945@920.jpg 900,307,280,221 757,305,60,54 650,303,79,65 506,303,117,97
E:\2014年工作\车尾框框\1363322945@940.jpg 515,304,120,99 666,309,83,67 762,309,61,52 951,304,304,242
E:\2014年工作\车尾框框\1363322945@960.jpg 762,300,59,50 673,302,88,67 524,298,115,105
E:\2014年工作\车尾框框\1363322945@980.jpg 527,297,118,110 681,298,83,70
E:\2014年工作\车尾框框\1363322945@1000.jpg 688,300,87,68 532,301,123,103
E:\2014年工作\车尾框框\1363322945@1020.jpg 539,293,122,104 700,292,83,71
E:\2014年工作\车尾框框\1363322945@1040.jpg 543,302,118,104 704,301,83,69
E:\2014年工作\车尾框框\1363322945@1060.jpg 712,304,78,67 544,304,119,104
E:\2014年工作\车尾框框\1363322945@1080.jpg 548,303,118,107 712,307,77,65
E:\2014年工作\车尾框框\1363322945@1100.jpg 714,303,77,68 554,302,116,102
E:\2014年工作\车尾框框\1363322945@1120.jpg 708,311,75,62 550,310,113,102
E:\2014年工作\车尾框框\1363322945@1140.jpg 701,305,73,67 548,305,113,91
E:\2014年工作\车尾框框\1363322945@1160.jpg 546,303,111,95 695,301,73,64
E:\2014年工作\车尾框框\1363322945@1180.jpg 685,299,73,68 538,300,115,100
E:\2014年工作\车尾框框\1363322945@1200.jpg 680,298,73,66 538,296,114,101
E:\2014年工作\车尾框框\1363322945@1220.jpg 679,300,70,63 537,301,114,100
E:\2014年工作\车尾框框\1363322945@1240.jpg 674,293,68,67 535,295,116,103
E:\2014年工作\车尾框框\1363322945@1260.jpg 675,296,70,62 537,296,120,109
E:\2014年工作\车尾框框\1363322945@1280.jpg 668,294,72,63 533,291,116,113
E:\2014年工作\车尾框框\1363322945@1300.jpg 669,295,66,60 529,295,115,110
E:\2014年工作\车尾框框\1363322945@1320.jpg 671,294,67,59 530,298,118,102
E:\2014年工作\车尾框框\1363322945@1340.jpg 667,295,70,59 525,293,120,109
E:\2014年工作\车尾框框\1363322945@1360.jpg 659,292,67,58 520,295,120,106 961,296,310,252
E:\2014年工作\车尾框框\1363322945@1380.jpg 914,296,281,226 645,286,67,60 513,291,122,110
E:\2014年工作\车尾框框\1363322945@1400.jpg 507,292,125,106 629,285,69,60 872,296,262,216
E:\2014年工作\车尾框框\1363322945@1420.jpg 852,299,239,199 632,285,69,58 514,291,125,107
E:\2014年工作\车尾框框\1363322945@1440.jpg 535,291,124,109 648,280,62,57 846,292,235,202
E:\2014年工作\车尾框框\1363322945@1460.jpg 865,291,225,187 566,285,125,112
E:\2014年工作\车尾框框\1363322945@1480.jpg 587,286,124,111 856,288,233,188
E:\2014年工作\车尾框框\1363322945@1500.jpg 525,289,82,73 612,291,121,113 866,295,242,200
E:\2014年工作\车尾框框\1363322945@1520.jpg 521,291,90,78 630,290,123,106 871,296,271,216
E:\2014年工作\车尾框框\1363322945@1540.jpg 916,300,296,242 651,296,124,108 517,292,100,87
E:\2014年工作\车尾框框\1363322945@1560.jpg 515,292,102,85 678,293,121,106 967,299,311,275
E:\2014年工作\车尾框框\1363322945@1580.jpg 706,298,116,109 517,298,104,90
E:\2014年工作\车尾框框\1363322945@1600.jpg 513,291,113,98 716,293,124,107
E:\2014年工作\车尾框框\1363322945@1620.jpg 724,296,124,108 513,294,120,100
E:\2014年工作\车尾框框\1363322945@1640.jpg 519,295,120,106 742,296,114,109
E:\2014年工作\车尾框框\1363322945@1660.jpg 736,293,113,103 509,295,129,108
E:\2014年工作\车尾框框\1363322945@1680.jpg 734,294,105,101 504,294,135,119 838,293,42,36
E:\2014年工作\车尾框框\1363322945@1700.jpg 852,292,45,37 727,296,97,92 502,294,143,128
E:\2014年工作\车尾框框\1363322945@1700.jpg 499,294,143,124 727,296,98,90 856,292,42,37
E:\2014年工作\车尾框框\1363322945@1720.jpg 715,291,91,89 496,293,150,121
E:\2014年工作\车尾框框\1363322945@1740.jpg 706,294,85,83 496,297,147,127 862,295,41,34
E:\2014年工作\车尾框框\1363322945@1760.jpg 862,294,45,34 700,294,80,78 491,296,152,124
E:\2014年工作\车尾框框\1363322945@1780.jpg 694,293,76,70 496,297,147,125 865,291,39,34
E:\2014年工作\车尾框框\1363322945@1800.jpg 691,295,72,71 497,299,149,129
E:\2014年工作\车尾框框\1363322945@1820.jpg 1096,274,46,50 1145,300,38,30 681,297,71,68 496,302,149,122
E:\2014年工作\车尾框框\1363322945@1840.jpg 670,294,68,62 486,295,154,128
E:\2014年工作\车尾框框\1363322945@1860.jpg 659,297,70,58 476,293,155,132
E:\2014年工作\车尾框框\1363322945@1880.jpg 649,300,63,58 456,300,163,132
E:\2014年工作\车尾框框\1363322945@1900.jpg 890,305,313,253 620,304,64,55 418,300,164,135
E:\2014年工作\车尾框框\1363322945@1920.jpg 811,300,285,244 590,306,65,52 364,300,171,144
E:\2014年工作\车尾框框\1363322945@1940.jpg 310,302,177,146 570,304,60,52 739,303,269,223
E:\2014年工作\车尾框框\1363322945@1960.jpg 683,301,245,205 565,303,60,53 483,307,56,41 258,301,193,153
E:\2014年工作\车尾框框\1363322945@1980.jpg 648,305,222,186 570,307,62,51 489,308,58,45 208,309,213,162
E:\2014年工作\车尾框框\1363322945@2000.jpg 150,305,242,181 492,307,59,45 611,303,215,179
E:\2014年工作\车尾框框\1363322945@2020.jpg 581,300,217,184 491,303,58,48 90,299,264,207
E:\2014年工作\车尾框框\1363322945@2040.jpg 469,309,58,45 544,307,205,168
E:\2014年工作\车尾框框\1363322945@2060.jpg 447,304,59,45 504,304,201,170
E:\2014年工作\车尾框框\1363322945@2080.jpg 441,298,61,44 488,303,194,162
E:\2014年工作\车尾框框\1363322945@2100.jpg 443,293,55,45 480,300,190,149
E:\2014年工作\车尾框框\1363322945@2120.jpg 447,288,57,49 481,301,178,143
E:\2014年工作\车尾框框\1363322945@2140.jpg 451,277,52,44 483,296,166,138
E:\2014年工作\车尾框框\1363322945@2160.jpg 491,289,157,136
E:\2014年工作\车尾框框\1363322945@2180.jpg 499,288,155,133 451,278,62,52
E:\2014年工作\车尾框框\1363322945@2200.jpg 498,293,154,130 448,285,69,55
E:\2014年工作\车尾框框\1363322945@2220.jpg 497,297,156,139 445,293,67,54
E:\2014年工作\车尾框框\1363322945@2240.jpg 441,293,68,56 485,297,163,137
E:\2014年工作\车尾框框\1363322945@2260.jpg 482,297,171,137
E:\2014年工作\车尾框框\1363322945@2280.jpg 484,297,173,147 431,288,73,60
E:\2014年工作\车尾框框\1363322945@2300.jpg 429,290,80,64 481,299,180,149
E:\2014年工作\车尾框框\1363322945@2320.jpg 646,284,55,53 422,288,76,65 486,291,179,148
E:\2014年工作\车尾框框\1363322945@2340.jpg 417,293,82,67 482,299,183,152 649,287,54,50
E:\2014年工作\车尾框框\1363322945@2360.jpg 414,289,77,68 647,282,55,50 484,299,176,152 1033,298,245,222
E:\2014年工作\车尾框框\1363322945@2380.jpg 913,291,206,165 648,273,55,45 485,295,172,143 413,277,73,67
E:\2014年工作\车尾框框\1363322945@2400.jpg 409,275,80,69 482,289,169,142 647,274,59,48 860,287,170,143
E:\2014年工作\车尾框框\1363322945@2420.jpg 837,280,149,127 662,278,58,47 479,284,172,148 420,278,82,70
E:\2014年工作\车尾框框\1363322945@2440.jpg 468,300,177,142 671,293,57,49 823,295,135,109
E:\2014年工作\车尾框框\1363322945@2460.jpg 806,294,121,106 673,295,55,45 445,298,178,152
E:\2014年工作\车尾框框\1363322945@2480.jpg 406,301,187,159 665,298,62,52 787,295,114,97
E:\2014年工作\车尾框框\1363322945@2500.jpg 751,298,113,96 648,301,62,55 540,297,71,60 343,303,210,169
E:\2014年工作\车尾框框\1363322945@2520.jpg 256,301,234,191 509,296,78,67 632,303,60,52 720,301,106,95
E:\2014年工作\车尾框框\1363322945@2540.jpg 718,291,106,95 513,291,84,67 187,296,255,197
E:\2014年工作\车尾框框\1363322945@2560.jpg 128,307,270,207 520,291,82,76 722,297,110,96
E:\2014年工作\车尾框框\1363322945@2580.jpg 731,302,114,98 527,293,94,86 68,308,291,221
E:\2014年工作\车尾框框\1363322945@2600.jpg 5,305,319,246 372,304,99,80 530,293,99,90 749,306,114,105
E:\2014年工作\车尾框框\1363322945@2620.jpg 383,297,95,77 530,284,111,97 759,298,131,109 1,296,288,254
E:\2014年工作\车尾框框\1363322945@2640.jpg 392,294,91,77 527,281,120,110 773,295,131,111 674,294,81,68 9,300,259,253
E:\2014年工作\车尾框框\1363322945@2660.jpg 6,295,277,242 414,292,88,71 536,277,129,119 677,291,74,67 797,294,135,115
E:\2014年工作\车尾框框\1363322945@2680.jpg 10,300,291,221 427,297,85,66 540,278,135,127 797,297,136,114
E:\2014年工作\车尾框框\1363322945@2700.jpg 783,300,124,110 530,282,140,126 428,296,78,64 79,303,242,184
E:\2014年工作\车尾框框\1363322945@2720.jpg 146,304,196,162 433,296,74,65 519,285,149,130 749,299,122,94
E:\2014年工作\车尾框框\1363322945@2740.jpg 448,296,65,55 518,281,154,136 745,298,104,86 211,304,170,133
E:\2014年工作\车尾框框\1363322945@2760.jpg 262,303,145,119 460,296,61,53 513,282,164,143 733,297,97,84
E:\2014年工作\车尾框框\1363322945@2780.jpg 716,295,90,79 507,276,173,150 305,296,130,103
E:\2014年工作\车尾框框\1363322945@2800.jpg 340,298,113,91 497,272,177,160 699,294,82,72
E:\2014年工作\车尾框框\1363322945@2820.jpg 692,293,79,66 491,270,185,169 374,296,100,81
E:\2014年工作\车尾框框\1363322945@2840.jpg 388,297,86,78 486,275,184,172 676,296,72,65
E:\2014年工作\车尾框框\1363322945@2860.jpg 666,295,67,59 482,270,195,175 399,297,85,70
E:\2014年工作\车尾框框\1363322945@2880.jpg 407,297,77,67 484,270,197,182
E:\2014年工作\车尾框框\1363322945@2900.jpg 437,298,75,63 515,271,203,181
E:\2014年工作\车尾框框\1363322945@2920.jpg 471,299,75,59 563,272,212,182
E:\2014年工作\车尾框框\1363322945@2940.jpg 513,297,69,58 627,269,217,192
E:\2014年工作\车尾框框\1363322945@2960.jpg 90,271,332,285 541,294,69,54 687,266,230,204
E:\2014年工作\车尾框框\1363322945@2980.jpg 229,296,291,235 560,299,66,56 744,268,245,212
E:\2014年工作\车尾框框\1363322945@3000.jpg 312,297,262,224 790,269,264,228
E:\2014年工作\车尾框框\1363322945@3020.jpg 361,302,264,219 846,264,266,241 676,301,43,37
E:\2014年工作\车尾框框\1363322945@3040.jpg 707,300,54,46 873,258,288,266 382,296,257,220
E:\2014年工作\车尾框框\1363322945@3060.jpg 396,294,254,219 676,296,56,41 892,257,307,277
E:\2014年工作\车尾框框\1363322945@3080.jpg 908,253,329,293 655,293,53,44 714,292,49,41 408,285,249,219
E:\2014年工作\车尾框框\1363322945@3100.jpg 423,299,235,202 644,296,54,45 718,295,46,42 925,258,338,301
E:\2014年工作\车尾框框\1363322945@3120.jpg 440,299,226,183 647,296,51,42 723,299,48,37 956,256,322,303
E:\2014年工作\车尾框框\1363322945@3140.jpg 719,294,50,40 445,292,220,187
E:\2014年工作\车尾框框\1363322945@3160.jpg 739,298,46,44 476,299,211,180
E:\2014年工作\车尾框框\1363322945@3180.jpg 745,298,53,43 500,300,202,177
E:\2014年工作\车尾框框\1363322945@3200.jpg 749,293,52,40 503,293,208,173
E:\2014年工作\车尾框框\1363322945@3220.jpg 748,293,55,46 498,291,204,182
E:\2014年工作\车尾框框\1363322945@3240.jpg 748,292,55,48 494,296,206,171
E:\2014年工作\车尾框框\1363322945@3260.jpg 754,293,53,47 489,294,201,176
E:\2014年工作\车尾框框\1363322945@3280.jpg 492,294,200,170 757,294,54,48
E:\2014年工作\车尾框框\1363322945@3300.jpg 755,293,58,48 484,292,202,178
E:\2014年工作\车尾框框\1363322945@3320.jpg 754,292,57,45 484,292,192,165
E:\2014年工作\车尾框框\1363322945@3340.jpg 493,297,187,153 764,296,57,44
E:\2014年工作\车尾框框\1363322945@3360.jpg 761,295,52,45 493,295,180,151
E:\2014年工作\车尾框框\1363322945@3380.jpg 759,296,51,48 493,296,172,148 672,293,54,49
E:\2014年工作\车尾框框\1363322945@3400.jpg 757,298,56,43 671,294,58,50 495,300,165,143
E:\2014年工作\车尾框框\1363322945@3420.jpg 760,295,53,48 674,294,61,50 504,297,162,142
E:\2014年工作\车尾框框\1363322945@3440.jpg 500,299,159,134 668,293,65,53 746,295,53,48 808,293,43,39
E:\2014年工作\车尾框框\1363322945@3460.jpg 819,293,46,40 740,293,53,47 665,292,63,53 500,299,160,132
E:\2014年工作\车尾框框\1363322945@3480.jpg 508,298,152,129 664,296,61,51 734,293,52,48 838,293,53,48
E:\2014年工作\车尾框框\1363322945@3500.jpg 516,296,150,130 661,290,64,58 726,293,57,43 860,289,54,48
E:\2014年工作\车尾框框\1363322945@3520.jpg 887,292,57,52 730,295,49,42 525,295,143,117 662,292,66,59 800,295,45,35
E:\2014年工作\车尾框框\1363322945@3540.jpg 531,297,136,115 667,295,64,58 833,295,45,39 921,298,64,53 777,252,45,66
E:\2014年工作\车尾框框\1363322945@3560.jpg 875,296,48,42 967,299,65,56 668,296,67,63 531,301,129,114
E:\2014年工作\车尾框框\1363322945@3580.jpg 1030,289,76,64 924,289,55,46 673,291,68,57 527,293,124,103
E:\2014年工作\车尾框框\1363322945@3600.jpg 1114,297,91,69 980,294,56,47 679,293,66,63 526,299,118,99
E:\2014年工作\车尾框框\1363322945@3620.jpg 523,299,115,96 683,292,67,63 1031,292,67,50
E:\2014年工作\车尾框框\1363322945@3640.jpg 1093,294,78,61 681,285,67,65 520,290,109,96
E:\2014年工作\车尾框框\1363322945@3660.jpg 687,289,71,66 521,294,111,94 617,280,34,29
E:\2014年工作\车尾框框\1363322945@3680.jpg 686,284,74,65 616,275,34,28 521,291,106,87
E:\2014年工作\车尾框框\1363322945@3700.jpg 697,280,74,73 525,288,102,91 621,278,30,29
E:\2014年工作\车尾框框\1363322945@3720.jpg 693,283,81,76 524,291,104,89
E:\2014年工作\车尾框框\1363322945@3740.jpg 683,286,78,72 507,290,106,91
E:\2014年工作\车尾框框\1363322945@3760.jpg 657,289,84,76 476,292,103,87
E:\2014年工作\车尾框框\1363322945@3780.jpg 627,294,87,78 445,295,101,88 708,296,62,51
E:\2014年工作\车尾框框\1363322945@3800.jpg 702,295,60,52 612,293,87,79 423,298,101,83
E:\2014年工作\车尾框框\1363322945@3820.jpg 597,295,84,80 692,298,61,56 406,294,94,89 545,294,35,31
E:\2014年工作\车尾框框\1363322945@3840.jpg 395,300,101,80 582,292,89,80 688,296,64,55
E:\2014年工作\车尾框框\1363322945@3860.jpg 678,296,71,58 564,295,93,78 383,300,100,78
E:\2014年工作\车尾框框\1363322945@3880.jpg 382,298,92,78 555,291,89,81 688,297,63,55
E:\2014年工作\车尾框框\1363322945@3900.jpg 690,305,72,62 555,304,90,80 388,306,87,76
E:\2014年工作\车尾框框\1363322945@3920.jpg 546,300,91,82 687,302,73,63 376,303,92,81
E:\2014年工作\车尾框框\1363322945@3940.jpg 376,303,92,75 543,297,92,84 693,300,73,64
E:\2014年工作\车尾框框\1363322945@3960.jpg 695,304,76,64 544,300,93,82 374,307,95,74
E:\2014年工作\车尾框框\1363322945@3980.jpg 364,300,97,85 540,297,91,85 693,301,85,74
E:\2014年工作\车尾框框\1363322945@4000.jpg 353,302,101,82 535,296,95,86 700,297,82,76
E:\2014年工作\车尾框框\1363322945@4020.jpg 705,299,91,78 539,302,89,81 345,305,97,82
E:\2014年工作\车尾框框\1363322945@4040.jpg 340,303,102,84 539,298,95,83 721,301,99,85
E:\2014年工作\车尾框框\1363322945@4060.jpg 731,300,104,89 543,299,90,80 331,304,104,86
E:\2014年工作\车尾框框\1363322945@4080.jpg 327,303,107,87 505,302,34,29 547,299,91,81 747,302,114,99
E:\2014年工作\车尾框框\1363322945@4100.jpg 317,297,111,90 503,295,34,27 549,291,89,79 762,294,127,109
E:\2014年工作\车尾框框\1363322945@4120.jpg 786,296,147,126 557,292,86,77 508,294,38,29 312,297,119,97
E:\2014年工作\车尾框框\1363322945@4140.jpg 308,299,121,97 517,296,34,29 567,293,87,74 826,299,168,151
E:\2014年工作\车尾框框\1363322945@4160.jpg 301,295,122,104 516,294,33,28 570,289,82,77 861,295,213,173
E:\2014年工作\车尾框框\1363322945@4180.jpg 939,297,259,208 570,293,83,76 511,295,38,31 287,298,135,106
E:\2014年工作\车尾框框\1363322945@4200.jpg 278,297,133,113 514,297,34,31 571,293,84,74
E:\2014年工作\车尾框框\1363322945@4220.jpg 569,288,84,76 509,291,34,31 264,291,138,121
E:\2014年工作\车尾框框\1363322945@4240.jpg 257,299,147,120 514,296,36,32 575,293,81,73
E:\2014年工作\车尾框框\1363322945@4260.jpg 570,291,81,72 505,295,39,31 241,298,153,119
E:\2014年工作\车尾框框\1363322945@4280.jpg 220,296,162,130 502,296,36,28 572,292,77,68
E:\2014年工作\车尾框框\1363322945@4300.jpg 583,296,78,65 498,300,39,31 197,301,178,138
E:\2014年工作\车尾框框\1363322945@4320.jpg 166,293,187,150 497,301,37,30 597,291,79,70
E:\2014年工作\车尾框框\1363322945@4340.jpg 621,299,72,65 495,306,43,33 135,301,207,157
E:\2014年工作\车尾框框\1363322945@4360.jpg 628,296,74,64 491,306,38,31 92,291,218,177
E:\2014年工作\车尾框框\1363322945@4380.jpg 47,292,229,183 481,304,45,34 636,294,70,65
E:\2014年工作\车尾框框\1363322945@4400.jpg 647,299,71,63 483,309,42,32 16,301,235,185 564,312,35,27
E:\2014年工作\车尾框框\1363322945@4420.jpg 649,299,69,64 478,311,41,32 561,313,28,25 1,305,235,182
E:\2014年工作\车尾框框\1363322945@4440.jpg 473,307,41,33 649,296,72,67 561,308,33,27
E:\2014年工作\车尾框框\1363322945@4460.jpg 466,304,46,40 649,298,73,63 558,305,33,29
E:\2014年工作\车尾框框\1363322945@4480.jpg 644,295,74,66 555,302,32,31 453,304,48,36
E:\2014年工作\车尾框框\1363322945@4500.jpg 443,305,52,41 551,303,36,31 643,297,76,69
E:\2014年工作\车尾框框\1363322945@4520.jpg 655,291,77,68 560,294,35,30 446,296,54,45
E:\2014年工作\车尾框框\1363322945@4540.jpg 438,295,58,49 562,295,38,33 661,292,75,73
E:\2014年工作\车尾框框\1363322945@4560.jpg 663,293,82,69 424,297,61,52 563,296,36,29
E:\2014年工作\车尾框框\1363322945@4580.jpg 662,300,83,72 560,301,39,35 408,303,74,59
E:\2014年工作\车尾框框\1363322945@4600.jpg 383,291,79,69 473,289,47,41 556,290,41,34 663,288,91,78
E:\2014年工作\车尾框框\1363322945@4620.jpg 674,292,93,85 556,294,40,37 467,294,48,42 351,297,90,77
E:\2014年工作\车尾框框\1363322945@4640.jpg 301,289,112,92 454,284,59,46 553,283,43,37 686,284,96,85 629,280,37,35
E:\2014年工作\车尾框框\1363322945@4660.jpg 701,284,109,99 635,285,40,32 554,284,46,38 448,286,57,46 246,294,135,114
E:\2014年工作\车尾框框\1363322945@4680.jpg 177,297,164,136 439,284,61,51 552,282,49,40 644,278,43,36 721,285,119,107
E:\2014年工作\车尾框框\1363322945@4700.jpg 743,284,133,120 653,277,45,40 552,279,51,43 427,281,69,59 72,293,209,163
E:\2014年工作\车尾框框\1363322945@4720.jpg 418,281,69,59 552,277,54,50 771,279,159,138 665,276,51,44
E:\2014年工作\车尾框框\1363322945@4740.jpg 411,279,81,63 558,275,56,48 685,270,56,51 831,278,196,175
E:\2014年工作\车尾框框\1363322945@4760.jpg 911,274,258,221 708,271,65,55 562,277,63,49 407,281,86,68
E:\2014年工作\车尾框框\1363322945@4780.jpg 723,279,74,62 559,279,65,55 395,282,89,78 665,262,53,64
E:\2014年工作\车尾框框\1363322945@4800.jpg 750,275,80,73 672,256,61,76 551,281,75,60 384,281,96,76
E:\2014年工作\车尾框框\1363322945@4820.jpg 377,283,99,79 553,284,76,63 688,263,69,82 778,279,105,96
E:\2014年工作\车尾框框\1363322945@4840.jpg 825,288,115,117 698,265,76,95 541,290,84,71 366,288,108,89
E:\2014年工作\车尾框框\1363322945@4860.jpg 354,287,104,93 532,290,82,72 719,260,90,117 879,285,168,148
E:\2014年工作\车尾框框\1363322945@4880.jpg 1027,297,248,194 760,257,110,146 530,294,89,75 346,292,111,91
E:\2014年工作\车尾框框\1363322945@4900.jpg 832,239,150,193 537,291,90,76 333,286,127,101
E:\2014年工作\车尾框框\1363322945@4920.jpg 535,295,100,79 980,209,247,309 762,300,128,118 319,295,135,106 459,296,58,44
E:\2014年工作\车尾框框\1363322945@4940.jpg 807,295,192,162 536,289,100,84 458,290,63,49 303,287,141,113
E:\2014年工作\车尾框框\1363322945@4960.jpg 291,280,143,110 527,284,103,85 449,282,61,48 813,295,269,222
E:\2014年工作\车尾框框\1363322945@4980.jpg 727,303,339,270 520,288,103,81 447,289,64,45 296,286,133,104
E:\2014年工作\车尾框框\1363322945@5000.jpg 570,297,373,329 942,293,298,247 321,290,117,100 454,291,58,47
E:\2014年工作\车尾框框\1363322945@5020.jpg 343,292,105,94 437,308,362,310
E:\2014年工作\车尾框框\1363322945@5040.jpg 754,292,126,101 421,315,310,260 377,297,90,83
E:\2014年工作\车尾框框\1363322945@5060.jpg 778,297,139,116 435,310,272,234 396,299,84,75
E:\2014年工作\车尾框框\1363322945@5080.jpg 40,303,233,184 402,300,88,68 455,308,234,202 807,299,169,132
E:\2014年工作\车尾框框\1363322945@5100.jpg 865,294,203,179 722,298,101,86 466,308,202,175 108,308,197,157 406,301,73,66
E:\2014年工作\车尾框框\1363322945@5120.jpg 960,293,280,230 734,299,108,95 473,308,191,164 407,302,75,60 141,307,187,143
E:\2014年工作\车尾框框\1363322945@5140.jpg 756,294,123,106 483,307,184,154 423,297,68,60 166,305,177,136
E:\2014年工作\车尾框框\1363322945@5160.jpg 498,304,168,147 791,297,139,119 433,303,64,51 189,306,171,130
E:\2014年工作\车尾框框\1363322945@5180.jpg 210,304,163,128 438,298,68,57 506,304,163,142 845,296,170,145
E:\2014年工作\车尾框框\1363322945@5200.jpg 238,303,148,124 516,302,153,137 680,296,73,59 933,290,242,201 443,296,66,56
E:\2014年工作\车尾框框\1363322945@5220.jpg 694,299,73,63 513,305,149,123 441,298,72,56 250,305,139,114
E:\2014年工作\车尾框框\1363322945@5240.jpg 245,303,145,120 440,297,70,53 508,303,141,121 698,296,82,69 937,294,216,166
E:\2014年工作\车尾框框\1363322945@5260.jpg 709,298,90,80 505,305,138,116 442,297,63,50 239,299,145,114
E:\2014年工作\车尾框框\1363322945@5280.jpg 431,294,63,57 491,300,141,122 720,297,101,84 221,301,151,117
E:\2014年工作\车尾框框\1363322945@5300.jpg 211,298,152,126 424,296,69,55 479,303,136,120 736,301,111,97
E:\2014年工作\车尾框框\1363322945@5320.jpg 771,299,125,103 683,294,72,57 484,300,142,114 225,299,142,115
E:\2014年工作\车尾框框\1363322945@5340.jpg 693,289,73,56 810,290,144,121 485,292,142,119 237,291,145,115
E:\2014年工作\车尾框框\1363322945@5360.jpg 493,303,134,122 702,297,77,65 863,301,160,134 247,300,140,111 436,296,66,55
E:\2014年工作\车尾框框\1363322945@5380.jpg 244,298,138,110 438,294,62,55 493,301,134,114 640,296,49,43 706,296,79,68 910,298,202,168
E:\2014年工作\车尾框框\1363322945@5400.jpg 983,293,256,198 713,297,84,67 641,296,56,43 499,303,130,112 436,298,64,49 243,302,144,111
E:\2014年工作\车尾框框\1363322945@5420.jpg 240,298,141,113 500,297,126,109 709,293,89,75 644,291,55,48 435,292,66,55
E:\2014年工作\车尾框框\1363322945@5440.jpg 717,293,90,70 647,293,57,45 507,298,125,107 439,294,69,50 244,299,140,113
E:\2014年工作\车尾框框\1363322945@5460.jpg 727,292,91,78 657,292,52,48 509,298,129,104 444,294,66,50 256,298,128,107
E:\2014年工作\车尾框框\1363322945@5480.jpg 737,296,89,75 659,293,56,50 517,298,121,110 448,295,69,53 271,299,133,106
E:\2014年工作\车尾框框\1363322945@5500.jpg 289,294,123,99 453,293,58,46 523,297,117,102 662,290,56,49 740,293,92,75
E:\2014年工作\车尾框框\1363322945@5520.jpg 740,297,91,80 660,297,55,47 524,303,116,102 456,299,58,46 305,302,118,94
E:\2014年工作\车尾框框\1363322945@5540.jpg 316,297,102,90 450,292,58,51 521,294,112,106 649,291,57,49 723,289,97,86
E:\2014年工作\车尾框框\1363322945@5560.jpg 726,295,94,80 653,294,56,50 525,298,111,95 457,296,54,43 331,298,102,86
E:\2014年工作\车尾框框\1363322945@5580.jpg 345,301,98,79 462,298,59,45 525,302,109,92 653,298,55,47 724,297,93,78
E:\2014年工作\车尾框框\1363322945@5600.jpg 351,301,94,80 465,297,54,44 526,301,102,95 715,298,92,77
E:\2014年工作\车尾框框\1363322945@5620.jpg 717,293,88,80 523,300,102,87 355,300,97,71 464,296,55,42 648,293,63,46
E:\2014年工作\车尾框框\1363322945@5640.jpg 718,296,93,78 659,297,55,45 529,300,98,90 368,303,88,70 475,297,48,41
E:\2014年工作\车尾框框\1363322945@5660.jpg 370,297,90,71 474,293,55,45 527,298,99,82 660,293,55,46 727,294,92,79
E:\2014年工作\车尾框框\1363322945@5680.jpg 378,304,85,72 537,299,92,84 742,300,86,76 666,303,53,39 483,303,49,36
E:\2014年工作\车尾框框\1363322945@5700.jpg 377,303,86,68 480,299,48,39 537,303,87,75 666,299,52,40 752,301,92,70
E:\2014年工作\车尾框框\1363322945@5720.jpg 769,302,84,70 668,299,49,42 534,303,88,70 478,299,49,38 374,303,84,71
E:\2014年工作\车尾框框\1363322945@5740.jpg 374,303,86,66 477,298,50,37 534,301,86,73 669,299,48,40 775,300,94,78
E:\2014年工作\车尾框框\1363322945@5760.jpg 793,297,92,73 671,297,46,38 535,299,85,72 478,296,48,37 375,299,86,67
E:\2014年工作\车尾框框\1363322945@5780.jpg 369,301,84,70 477,296,48,38 534,299,86,76 670,297,48,41 807,297,93,74
E:\2014年工作\车尾框框\1363322945@5800.jpg 822,298,96,75 677,297,47,39 531,303,92,72 478,298,49,35 365,302,87,67
E:\2014年工作\车尾框框\1363322945@5820.jpg 363,299,87,73 479,295,45,39 535,299,88,73 685,295,47,40 839,296,98,77
E:\2014年工作\车尾框框\1363322945@5840.jpg 855,293,100,77 695,293,48,40 539,296,94,80 482,294,48,36 368,299,84,67
E:\2014年工作\车尾框框\1363322945@5860.jpg 375,299,82,70 481,295,49,39 541,300,96,81 699,295,46,36 874,294,97,79
E:\2014年工作\车尾框框\1363322945@5880.jpg 386,298,80,65 486,295,49,38 551,300,95,80 706,293,45,38 894,294,93,85
E:\2014年工作\车尾框框\1363322945@5900.jpg 892,297,98,81 704,297,45,37 555,304,96,79 484,299,48,37 390,302,79,64
E:\2014年工作\车尾框框\1363322945@5920.jpg 393,297,75,66 483,294,50,37 568,297,93,78 705,292,44,34 893,293,95,74
E:\2014年工作\车尾框框\1363322945@5940.jpg 895,295,91,78 712,296,41,36 591,303,91,72 485,297,49,38 399,301,78,62
E:\2014年工作\车尾框框\1363322945@5960.jpg 392,297,80,67 480,295,49,41 555,294,57,49 618,297,86,74 706,294,44,32 890,295,93,78
E:\2014年工作\车尾框框\1363322945@5980.jpg 877,294,94,73 713,293,37,34 637,297,80,72 561,295,49,46 476,293,49,39 384,299,82,68
E:\2014年工作\车尾框框\1363322945@6000.jpg 373,299,85,70 472,297,50,38 564,297,53,43 648,299,75,67 873,294,87,75
E:\2014年工作\车尾框框\1363322945@6020.jpg 868,296,90,74 647,301,74,60 578,300,51,43 469,301,53,38 362,302,92,72
E:\2014年工作\车尾框框\1363322945@6040.jpg 357,300,90,76 469,296,52,39 595,295,49,41 651,296,72,62 873,293,87,74 720,293,50,40
E:\2014年工作\车尾框框\1363322945@6060.jpg 879,295,93,76 734,297,49,42 647,298,72,57 559,298,39,36 468,298,53,43 355,302,96,78
E:\2014年工作\车尾框框\1363322945@6080.jpg 355,300,96,77 466,298,53,42 645,298,71,59 741,295,56,47 896,296,103,85 557,295,43,39
E:\2014年工作\车尾框框\1363322945@6100.jpg 764,297,59,50 943,297,116,99 651,301,62,52 560,298,41,34 368,301,90,80 470,295,49,42
E:\2014年工作\车尾框框\1363322945@6120.jpg 379,300,95,82 559,295,39,41 645,293,65,60 784,294,69,59 1031,296,148,122
E:\2014年工作\车尾框框\1363322945@6140.jpg 825,293,77,70 742,293,55,46 640,295,66,56 554,294,40,36 396,296,92,82
E:\2014年工作\车尾框框\1363322945@6160.jpg 420,301,104,80 560,297,43,37 646,299,66,54 776,295,65,55 891,295,101,89
E:\2014年工作\车尾框框\1363322945@6180.jpg 1014,293,146,119 828,294,78,66 653,297,60,55 559,297,42,35 449,302,98,79
E:\2014年工作\车尾框框\1363322945@6200.jpg 478,300,99,84 653,295,63,53 924,293,106,84
E:\2014年工作\车尾框框\1363322945@6220.jpg 1120,288,159,120 942,290,57,47 991,285,48,45 658,296,62,49 510,300,99,83 455,294,68,56
E:\2014年工作\车尾框框\1363322945@6240.jpg 664,296,58,50 542,300,98,78 454,298,65,53
E:\2014年工作\车尾框框\1363322945@6260.jpg 565,299,94,79 664,299,53,44 445,300,69,53
E:\2014年工作\车尾框框\1363322945@6280.jpg 442,295,71,62 584,296,96,81
E:\2014年工作\车尾框框\1363322945@6300.jpg 553,301,47,41 603,301,90,77 432,299,78,63
E:\2014年工作\车尾框框\1363322945@6320.jpg 616,300,87,73 551,299,46,40 427,297,76,62
E:\2014年工作\车尾框框\1363322945@6340.jpg 417,293,77,65 550,293,48,43 623,296,85,69 503,292,38,32
E:\2014年工作\车尾框框\1363322945@6360.jpg 627,298,83,69 550,294,45,43 499,295,37,30 406,297,77,64
E:\2014年工作\车尾框框\1363322945@6380.jpg 398,293,82,68 496,293,40,30 551,294,46,39 637,294,79,70
E:\2014年工作\车尾框框\1363322945@6400.jpg 645,296,81,65 551,295,45,39 496,294,41,31 391,293,85,71
E:\2014年工作\车尾框框\1363322945@6420.jpg 391,299,86,69 503,298,37,30 557,296,47,43 658,298,80,65
E:\2014年工作\车尾框框\1363322945@6440.jpg 663,296,77,63 558,295,50,40 503,294,38,33 389,294,88,73
E:\2014年工作\车尾框框\1363322945@6460.jpg 378,293,96,75 496,292,40,33 555,297,45,38 659,295,78,66
E:\2014年工作\车尾框框\1363322945@6480.jpg 655,293,78,63 551,291,46,45 489,294,37,32 367,295,92,71
E:\2014年工作\车尾框框\1363322945@6500.jpg 648,295,76,61 542,294,50,44 480,296,39,34 356,296,94,74
E:\2014年工作\车尾框框\1363322945@6520.jpg 353,295,96,79 478,299,44,32 544,298,50,41 650,296,78,62
E:\2014年工作\车尾框框\1363322945@6540.jpg 654,300,73,60 548,301,49,43 482,303,41,34 349,300,100,76
E:\2014年工作\车尾框框\1363322945@6560.jpg 347,301,104,79 491,302,40,41 558,303,46,43 663,301,72,61
E:\2014年工作\车尾框框\1363322945@6580.jpg 341,301,107,82 491,309,42,33 557,305,49,42 665,302,69,56
E:\2014年工作\车尾框框\1363322945@6600.jpg 662,304,67,54 559,304,48,42 490,309,43,34 326,302,113,87
E:\2014年工作\车尾框框\1363322945@6620.jpg 317,301,117,93 488,310,41,35 558,311,47,39 660,306,66,51
E:\2014年工作\车尾框框\1363322945@6640.jpg 655,306,58,48 557,307,49,43 484,307,46,38 302,303,126,98
E:\2014年工作\车尾框框\1363322945@6660.jpg 652,304,53,44 561,306,43,42 480,307,47,38 291,300,130,104
E:\2014年工作\车尾框框\1363322945@6680.jpg 647,304,49,41 557,305,50,42 477,306,47,37 274,298,139,110
E:\2014年工作\车尾框框\1363322945@6700.jpg 251,310,151,116 475,316,46,36 559,315,44,40 639,313,49,42
E:\2014年工作\车尾框框\1363322945@6720.jpg 630,302,46,38 553,301,47,42 469,302,51,39 218,300,170,125
E:\2014年工作\车尾框框\1363322945@6740.jpg 183,297,178,139 467,290,50,42 552,293,46,39 620,290,46,35
E:\2014年工作\车尾框框\1363322945@6760.jpg 602,271,41,33 546,277,46,39 461,278,51,38 136,286,205,162
E:\2014年工作\车尾框框\1363322945@6780.jpg 97,300,226,170 477,276,48,41 563,275,43,37
E:\2014年工作\车尾框框\1363322945@6800.jpg 555,271,45,33 469,269,53,40 43,288,264,191
E:\2014年工作\车尾框框\1363322945@6820.jpg 2,285,279,208 471,280,51,43 557,285,43,35
E:\2014年工作\车尾框框\1363322945@6840.jpg 474,290,53,42 562,289,43,39 622,285,28,26
E:\2014年工作\车尾框框\1363322945@6860.jpg 476,291,54,44 562,292,45,34
E:\2014年工作\车尾框框\1363322945@6880.jpg 469,291,59,44 555,288,46,38
E:\2014年工作\车尾框框\1363322945@6900.jpg 461,284,52,48 551,285,41,34 613,283,30,20
E:\2014年工作\车尾框框\1363322945@6920.jpg 551,295,39,30 457,293,53,46
E:\2014年工作\车尾框框\1363322945@6940.jpg 459,290,57,53 551,289,45,37 619,279,30,25
E:\2014年工作\车尾框框\1363322945@6960.jpg 453,286,57,51 548,285,42,34 618,275,29,23
E:\2014年工作\车尾框框\1363322945@6980.jpg 445,276,59,50 543,269,43,40 498,267,35,28 613,267,28,26
E:\2014年工作\车尾框框\1363322945@7000.jpg 442,266,56,52 544,264,43,38 612,265,28,23 494,262,33,29
E:\2014年工作\车尾框框\1363322945@7020.jpg 436,283,59,49 496,285,33,25 546,281,41,35 610,282,31,24
E:\2014年工作\车尾框框\1363322945@7040.jpg 421,281,60,49 534,282,42,36 601,286,29,28
E:\2014年工作\车尾框框\1363322945@7060.jpg 422,296,64,51 542,298,40,40 608,306,25,24
E:\2014年工作\车尾框框\1363322945@7080.jpg 549,307,37,37 422,307,63,52
E:\2014年工作\车尾框框\1363322945@7100.jpg 421,307,63,53 549,307,43,38
E:\2014年工作\车尾框框\1363322945@7120.jpg 560,314,45,35 422,309,70,55
E:\2014年工作\车尾框框\1363322945@7140.jpg 558,303,43,41 406,304,71,57
E:\2014年工作\车尾框框\1363322945@7160.jpg 399,306,77,65 562,309,44,39
E:\2014年工作\车尾框框\1363322945@7180.jpg 392,310,77,63 570,312,44,40 487,316,38,32
E:\2014年工作\车尾框框\1363322945@7200.jpg 567,309,48,40 478,310,42,33 374,306,85,67
E:\2014年工作\车尾框框\1363322945@7220.jpg 577,309,50,43 483,308,45,39 365,306,94,81
E:\2014年工作\车尾框框\1363322945@7240.jpg 556,298,55,52 458,299,48,42 317,297,103,91
E:\2014年工作\车尾框框\1363322945@7260.jpg 613,301,38,31 544,296,58,57 442,298,50,43 263,295,120,100
E:\2014年工作\车尾框框\1363322945@7280.jpg 199,296,140,123 429,297,53,46 535,294,69,63 613,297,40,37 693,287,33,40
E:\2014年工作\车尾框框\1363322945@7300.jpg 107,287,178,146 408,290,57,47 518,290,82,68 604,289,45,42 681,278,39,43
E:\2014年工作\车尾框框\1363322945@7320.jpg 748,282,48,44 670,273,48,49 597,286,53,49 502,286,93,84 393,287,67,52 7,288,219,167
E:\2014年工作\车尾框框\1363322945@7340.jpg 390,285,65,51 485,285,114,97 744,281,53,48 929,278,66,61 1124,281,100,77
E:\2014年工作\车尾框框\1363322945@7360.jpg 946,273,78,71 737,278,57,53 475,280,125,123 395,283,62,54
E:\2014年工作\车尾框框\1363322945@7380.jpg 397,288,60,51 452,292,150,131 721,285,68,63 950,282,98,83
E:\2014年工作\车尾框框\1363322945@7400.jpg 8,298,216,157 434,294,177,148 724,286,72,65 944,285,109,91
E:\2014年工作\车尾框框\1363322945@7420.jpg 929,283,118,109 719,284,86,73 637,288,45,36 422,295,198,167 99,297,182,137
E:\2014年工作\车尾框框\1363322945@7440.jpg 191,293,145,118 414,296,204,176 734,285,88,77 904,285,133,118 632,289,43,34
E:\2014年工作\车尾框框\1363322945@7460.jpg 884,285,141,123 1053,239,74,87 698,276,65,64 628,290,41,36 415,302,208,173 257,298,127,99
E:\2014年工作\车尾框框\1363322945@7480.jpg 315,300,100,88 436,305,194,166 697,281,63,64 871,291,151,129 1110,239,90,94 629,294,43,36
E:\2014年工作\车尾框框\1363322945@7500.jpg 373,299,91,75 463,300,184,160 705,277,62,66 901,291,163,132
E:\2014年工作\车尾框框\1363322945@7520.jpg 988,281,184,163 805,291,94,81 713,276,64,65 495,301,169,150 412,297,86,62
E:\2014年工作\车尾框框\1363322945@7540.jpg 72,290,260,198 448,290,74,65 525,298,154,140 718,271,66,67 802,287,94,89 1087,286,190,172
E:\2014年工作\车尾框框\1363322945@7560.jpg 798,287,94,87 725,273,64,65 552,302,147,128 469,294,68,57 222,297,199,152
E:\2014年工作\车尾框框\1363322945@7580.jpg 402,268,150,121 559,262,63,54 659,271,133,117 871,264,94,80
E:\2014年工作\车尾框框\1363322945@7600.jpg 471,287,119,96 677,289,116,105 849,283,86,76
E:\2014年工作\车尾框框\1363322945@7620.jpg 1065,287,205,175 727,288,87,73 580,296,101,91 408,289,98,81 3,266,296,265
E:\2014年工作\车尾框框\1363322945@7640.jpg 86,274,215,184 359,294,87,68 513,294,90,83 654,289,79,67 922,287,176,152
E:\2014年工作\车尾框框\1363322945@7660.jpg 873,284,158,141 652,287,76,64 513,291,87,76 374,290,81,64 187,276,157,143
E:\2014年工作\车尾框框\1363322945@7680.jpg 252,277,134,114 521,290,77,67 656,282,70,64 844,286,143,125
E:\2014年工作\车尾框框\1363322945@7700.jpg 288,277,112,100 517,287,72,68 649,284,72,63 819,279,135,126
E:\2014年工作\车尾框框\1363322945@7720.jpg 789,286,134,117 640,287,71,62 508,294,67,59 305,283,102,92
E:\2014年工作\车尾框框\1363322945@7740.jpg 326,283,95,82 509,290,63,57 637,288,73,60 778,286,128,112
E:\2014年工作\车尾框框\1363322945@7760.jpg 336,280,91,79 508,292,64,55 636,286,70,59 767,287,126,108
E:\2014年工作\车尾框框\1363322945@7780.jpg 760,285,130,117 645,288,73,62 513,292,59,50 347,283,83,73
E:\2014年工作\车尾框框\1363322945@7800.jpg 354,285,86,74 520,293,61,49 650,286,77,67 764,286,130,121
E:\2014年工作\车尾框框\1363322945@7820.jpg 359,282,84,70 534,288,54,47 647,284,82,71 763,284,141,125
E:\2014年工作\车尾框框\1363322945@7840.jpg 753,284,155,137 638,282,84,75 538,290,57,50 362,283,84,72
E:\2014年工作\车尾框框\1363322945@7860.jpg 743,286,168,146 618,289,85,74 544,295,57,45 366,285,84,73
E:\2014年工作\车尾框框\1363322945@7880.jpg 362,283,85,78 593,287,91,86 713,285,172,160
E:\2014年工作\车尾框框\1363322945@7900.jpg 645,284,188,175 361,282,81,77
E:\2014年工作\车尾框框\1363322945@7920.jpg 571,287,197,179 362,283,85,79
E:\2014年工作\车尾框框\1363322945@7940.jpg 501,286,199,184 358,284,82,77
E:\2014年工作\车尾框框\1363322945@7960.jpg 361,286,82,77 459,291,200,180 659,276,71,74
E:\2014年工作\车尾框框\1363322945@7980.jpg 655,276,74,72 440,292,198,169 358,284,85,79
E:\2014年工作\车尾框框\1363322945@8000.jpg 361,287,80,75 432,289,196,170 652,277,71,76
E:\2014年工作\车尾框框\1363322945@8020.jpg 364,285,82,72 438,287,184,162 655,273,72,80
E:\2014年工作\车尾框框\1363322945@8040.jpg 371,289,81,74 446,297,179,157 663,278,72,76
E:\2014年工作\车尾框框\1363322945@8060.jpg 662,278,72,75 447,293,177,151 369,289,83,73
E:\2014年工作\车尾框框\1363322945@8080.jpg 367,286,86,78 453,292,175,148 659,275,73,78
E:\2014年工作\车尾框框\1363322945@8100.jpg 374,297,81,74 458,300,173,147 664,283,72,77
E:\2014年工作\车尾框框\1363322945@8120.jpg 375,294,85,75 460,293,170,152 664,281,74,79
E:\2014年工作\车尾框框\1363322945@8140.jpg 366,295,85,77 459,296,165,142 664,283,75,80
E:\2014年工作\车尾框框\1363322945@8160.jpg 352,296,83,80 459,297,161,138 661,284,73,77
E:\2014年工作\车尾框框\1363322945@8180.jpg 338,288,97,86 467,291,157,144 660,279,74,82
E:\2014年工作\车尾框框\1363322945@8200.jpg 656,281,76,83 475,297,152,134 326,298,95,81
E:\2014年工作\车尾框框\1363322945@8220.jpg 324,292,95,91 482,297,156,132 659,279,76,80
E:\2014年工作\车尾框框\1363322945@8240.jpg 650,276,78,84 486,291,143,133 306,290,100,88 413,302,59,51
E:\2014年工作\车尾框框\1363322945@8260.jpg 651,281,80,85 502,298,137,125 300,294,101,91
E:\2014年工作\车尾框框\1363322945@8280.jpg 291,292,107,95 407,305,65,52 517,290,135,123 653,276,80,82
E:\2014年工作\车尾框框\1363322945@8300.jpg 283,301,109,101 406,313,62,56 521,302,130,114 656,282,76,85
E:\2014年工作\车尾框框\1363322945@8320.jpg 641,276,85,83 509,296,123,108 255,294,116,99 385,306,68,53
E:\2014年工作\车尾框框\1363322945@8340.jpg 230,294,126,110 373,309,75,60 494,298,118,104 638,279,84,87
E:\2014年工作\车尾框框\1363322945@8360.jpg 212,290,126,123 369,307,79,62 491,299,118,106 648,281,86,91
E:\2014年工作\车尾框框\1363322945@8380.jpg 177,288,147,136 364,306,85,66 495,298,119,104 657,274,94,104
E:\2014年工作\车尾框框\1363322945@8400.jpg 666,268,98,103 497,294,109,101 353,300,83,68 123,282,172,144
E:\2014年工作\车尾框框\1363322945@8420.jpg 71,277,186,172 340,304,95,73 491,297,111,98 672,270,108,112
E:\2014年工作\车尾框框\1363322945@8440.jpg 702,270,111,123 504,302,109,97 340,308,98,74 21,286,218,189
E:\2014年工作\车尾框框\1363322945@8460.jpg 312,296,104,79 498,290,101,97 704,258,119,130
E:\2014年工作\车尾框框\1363322945@8480.jpg 278,299,113,87 492,293,107,93 707,255,126,146
E:\2014年工作\车尾框框\1363322945@8500.jpg 253,301,114,93 384,304,60,52 494,296,105,91 719,257,136,152
E:\2014年工作\车尾框框\1363322945@8520.jpg 727,248,147,168 498,295,103,87 226,296,130,107 376,301,64,51
E:\2014年工作\车尾框框\1363322945@8540.jpg 204,298,141,116 380,298,61,57 511,293,101,95 913,432,0,0 977,491,0,0 740,243,173,190
E:\2014年工作\车尾框框\1363322945@8560.jpg 175,298,163,127 376,299,68,56 533,293,98,89 757,237,192,198
E:\2014年工作\车尾框框\1363322945@8580.jpg 798,234,206,230 568,292,97,89 501,296,53,45 375,295,72,58 139,296,179,142
E:\2014年工作\车尾框框\1363322945@8600.jpg 105,296,202,155 381,298,74,61 514,298,49,45 610,293,97,84 850,232,229,245
E:\2014年工作\车尾框框\1363322945@8620.jpg 43,299,239,167 382,297,75,64 522,298,51,44 647,293,92,81 914,210,278,281
E:\2014年工作\车尾框框\1363322945@8640.jpg 381,301,78,65 526,301,52,45 617,292,41,36 664,294,92,83
E:\2014年工作\车尾框框\1363322945@8660.jpg 675,290,88,84 612,285,40,36 525,292,51,47 368,293,84,73
E:\2014年工作\车尾框框\1363322945@8680.jpg 354,286,89,76 518,286,56,49 603,278,45,34 679,282,89,81 444,281,44,41
E:\2014年工作\车尾框框\1363322945@8700.jpg 339,282,92,81 435,277,43,42 513,281,55,50 597,276,43,37 678,277,86,80
E:\2014年工作\车尾框框\1363322945@8720.jpg 333,290,101,83 438,283,50,41 515,283,58,56 598,277,42,34 687,281,88,74
E:\2014年工作\车尾框框\1363322945@8740.jpg 692,285,84,77 598,280,36,36 514,289,60,56 437,286,47,44 319,294,108,91
E:\2014年工作\车尾框框\1363322945@8760.jpg 313,291,115,94 438,283,48,42 520,283,57,61 600,275,42,35 698,282,85,76
E:\2014年工作\车尾框框\1363322945@8780.jpg 698,280,86,72 598,276,41,32 520,285,65,57 437,285,51,39 301,292,118,102
E:\2014年工作\车尾框框\1363322945@8800.jpg 283,289,125,103 432,283,52,44 517,284,66,59 594,275,39,36 695,279,83,76
E:\2014年工作\车尾框框\1363322945@8820.jpg 260,289,131,112 430,285,50,41 515,283,67,63 591,279,39,38 682,276,86,75
E:\2014年工作\车尾框框\1363322945@8840.jpg 680,286,77,68 591,287,40,34 520,293,70,63 431,293,48,40 249,300,132,103
E:\2014年工作\车尾框框\1363322945@8860.jpg 240,295,140,111 434,292,46,43 521,292,73,66 676,284,81,72
E:\2014年工作\车尾框框\1363322945@8880.jpg 661,287,81,73 595,290,36,35 511,293,81,70 425,290,49,41 215,299,141,110
E:\2014年工作\车尾框框\1363322945@8900.jpg 150,293,152,129 401,294,48,43 487,298,83,75 572,292,40,39 628,292,80,68
E:\2014年工作\车尾框框\1363322945@8920.jpg 588,291,82,69 446,295,94,86 370,294,51,44 57,299,179,134
E:\2014年工作\车尾框框\1363322945@8940.jpg 345,288,52,46 405,292,107,94 551,287,82,73
E:\2014年工作\车尾框框\1363322945@8960.jpg 341,294,51,43 382,296,125,112 533,290,81,71
E:\2014年工作\车尾框框\1363322945@8980.jpg 374,293,142,125 530,287,81,71 350,289,51,42
E:\2014年工作\车尾框框\1363322945@9000.jpg 382,296,159,138
