E:\2014年工作\车尾框框\1363323247@0.jpg 407,300,179,152 375,296,49,37
E:\2014年工作\车尾框框\1363323247@20.jpg 406,300,173,159 375,292,48,43 18,297,141,104 724,293,34,31
E:\2014年工作\车尾框框\1363323247@40.jpg 790,291,44,37 836,259,59,55 410,296,177,151 42,293,134,101 374,292,48,41
E:\2014年工作\车尾框框\1363323247@60.jpg 368,296,51,40 413,299,182,157 876,260,66,65 788,293,46,37 40,296,126,104
E:\2014年工作\车尾框框\1363323247@80.jpg 7,301,139,108 349,298,55,47 420,300,184,162 925,259,72,70
E:\2014年工作\车尾框框\1363323247@100.jpg 331,293,59,51 434,294,184,165 996,245,90,84
E:\2014年工作\车尾框框\1363323247@120.jpg 1098,237,103,114 298,298,69,58 391,300,74,66 445,304,191,165
E:\2014年工作\车尾框框\1363323247@140.jpg 259,295,78,58 382,293,77,68 457,294,201,184
E:\2014年工作\车尾框框\1363323247@160.jpg 203,289,86,72 313,289,59,52 372,289,83,68 461,289,212,183
E:\2014年工作\车尾框框\1363323247@180.jpg 134,290,107,87 373,287,86,73 474,290,217,190
E:\2014年工作\车尾框框\1363323247@200.jpg 21,297,134,107 369,292,86,73 492,294,210,180
E:\2014年工作\车尾框框\1363323247@220.jpg 365,295,91,72 485,269,50,55 534,299,187,158
E:\2014年工作\车尾框框\1363323247@240.jpg 154,294,99,82 366,296,86,74 481,270,54,58 601,298,164,143
E:\2014年工作\车尾框框\1363323247@260.jpg 295,300,62,52 354,298,85,74 480,274,54,59 542,293,94,84 662,298,145,123
E:\2014年工作\车尾框框\1363323247@280.jpg 473,262,52,60 536,286,98,89 693,290,124,114
E:\2014年工作\车尾框框\1363323247@300.jpg 465,253,55,65 530,278,105,100 702,283,109,103 4,281,438,349
E:\2014年工作\车尾框框\1363323247@320.jpg 107,281,463,354 696,285,99,87 914,291,292,230
E:\2014年工作\车尾框框\1363323247@340.jpg 229,286,77,67 240,295,443,341 799,288,181,156 688,287,79,67
E:\2014年工作\车尾框框\1363323247@360.jpg 233,295,83,67 343,294,94,76 408,295,392,337
E:\2014年工作\车尾框框\1363323247@380.jpg 226,297,84,70 348,299,83,72 559,300,339,293
E:\2014年工作\车尾框框\1363323247@400.jpg 683,299,312,272 423,293,153,137 233,300,86,73
E:\2014年工作\车尾框框\1363323247@420.jpg 760,296,272,250 537,295,107,94 371,293,165,144 228,299,89,74
E:\2014年工作\车尾框框\1363323247@440.jpg 202,297,85,80 296,288,176,159 524,295,123,99 683,295,75,59 782,294,244,214 1000,274,58,55
E:\2014年工作\车尾框框\1363323247@460.jpg 197,285,207,177 506,293,141,112 678,295,73,63 778,291,214,184
E:\2014年工作\车尾框框\1363323247@480.jpg 85,281,241,199 488,293,159,130 677,293,67,64 776,292,176,155
E:\2014年工作\车尾框框\1363323247@500.jpg 2,285,263,220 480,291,174,154 673,295,73,59 769,292,147,136
E:\2014年工作\车尾框框\1363323247@520.jpg 469,289,198,163 762,290,134,124 677,293,73,56
E:\2014年工作\车尾框框\1363323247@540.jpg 754,291,127,112 457,287,217,180
E:\2014年工作\车尾框框\1363323247@560.jpg 211,296,143,130 452,295,230,185 743,296,123,101
E:\2014年工作\车尾框框\1363323247@580.jpg 198,299,156,129 443,295,233,202 738,299,108,99
E:\2014年工作\车尾框框\1363323247@600.jpg 961,302,245,195 728,298,105,93 431,293,245,198 199,300,152,131
E:\2014年工作\车尾框框\1363323247@620.jpg 207,300,160,128 425,296,255,207 730,297,107,92 917,303,226,186
E:\2014年工作\车尾框框\1363323247@640.jpg 902,297,214,167 736,296,105,84 417,296,265,212 227,298,153,123
E:\2014年工作\车尾框框\1363323247@660.jpg 243,299,142,118 402,295,283,222 906,300,206,177 738,298,109,92
E:\2014年工作\车尾框框\1363323247@680.jpg 738,300,107,86 924,302,216,181 395,293,291,233 259,296,139,114
E:\2014年工作\车尾框框\1363323247@700.jpg 286,290,126,112 406,284,284,238 745,292,108,90 943,293,229,182
E:\2014年工作\车尾框框\1363323247@720.jpg 321,293,114,107 431,289,267,214 747,296,105,90
E:\2014年工作\车尾框框\1363323247@740.jpg 352,296,102,93 452,295,232,182 748,297,95,82
E:\2014年工作\车尾框框\1363323247@760.jpg 64,288,251,205 375,299,97,84 478,292,199,163 741,302,95,76
E:\2014年工作\车尾框框\1363323247@780.jpg 148,296,212,171 495,300,169,137 390,305,95,83 760,318,509,389
E:\2014年工作\车尾框框\1363323247@800.jpg 41,297,132,123 184,298,184,156 614,315,420,328 927,310,218,177 387,305,98,83
E:\2014年工作\车尾框框\1363323247@820.jpg 82,301,118,108 201,298,172,144 511,305,372,318 954,317,232,183
E:\2014年工作\车尾框框\1363323247@840.jpg 200,301,170,141 456,312,366,305 988,314,277,221
E:\2014年工作\车尾框框\1363323247@860.jpg 169,292,186,154 417,300,395,331
E:\2014年工作\车尾框框\1363323247@880.jpg 113,282,211,178 387,293,415,354 738,290,82,65
E:\2014年工作\车尾框框\1363323247@900.jpg 738,288,82,63 378,295,409,339 52,284,241,197
E:\2014年工作\车尾框框\1363323247@920.jpg 373,298,396,326 866,298,172,133 740,294,80,64
E:\2014年工作\车尾框框\1363323247@940.jpg 362,296,408,348 731,296,81,64 881,303,191,146
E:\2014年工作\车尾框框\1363323247@960.jpg 225,289,147,123 344,293,433,344 727,287,79,65 905,297,203,169
E:\2014年工作\车尾框框\1363323247@980.jpg 237,292,135,114 330,293,441,363 913,296,221,184 728,292,72,61
E:\2014年工作\车尾框框\1363323247@1000.jpg 126,297,111,92 253,295,125,110 319,301,447,358 900,301,230,188 717,294,71,57
E:\2014年工作\车尾框框\1363323247@1020.jpg 204,296,94,80 280,300,110,104 319,306,438,343 885,299,219,172 707,294,66,58
E:\2014年工作\车尾框框\1363323247@1040.jpg 315,296,439,363 710,291,63,55 890,297,208,173
E:\2014年工作\车尾框框\1363323247@1060.jpg 314,294,438,355 883,297,203,171
E:\2014年工作\车尾框框\1363323247@1080.jpg 92,285,207,172 318,300,420,350 872,303,188,157
E:\2014年工作\车尾框框\1363323247@1100.jpg 201,286,156,142 334,295,391,339 849,298,176,148
E:\2014年工作\车尾框框\1363323247@1120.jpg 13,301,154,110 289,290,122,116 365,296,355,304 827,299,164,138
E:\2014年工作\车尾框框\1363323247@1140.jpg 151,305,119,92 384,301,338,282 818,304,150,127 669,245,98,122
E:\2014年工作\车尾框框\1363323247@1160.jpg 231,304,107,75 393,300,328,270 803,301,141,121 689,247,93,111
E:\2014年工作\车尾框框\1363323247@1180.jpg 286,304,84,68 389,304,333,270 783,301,135,111 691,252,89,102
E:\2014年工作\车尾框框\1363323247@1200.jpg 98,248,151,156 380,295,321,277 755,300,121,104
E:\2014年工作\车尾框框\1363323247@1220.jpg 174,257,131,134 365,306,317,263 724,303,116,99
E:\2014年工作\车尾框框\1363323247@1240.jpg 332,294,329,272 697,293,102,92 985,292,259,195
E:\2014年工作\车尾框框\1363323247@1260.jpg 140,296,183,150 299,302,328,271 674,297,104,86 924,297,225,170
E:\2014年工作\车尾框框\1363323247@1280.jpg 230,298,317,256 878,306,178,144 659,303,92,80 520,295,149,131
E:\2014年工作\车尾框框\1363323247@1300.jpg 153,303,308,242 513,298,161,142 848,304,160,136
E:\2014年工作\车尾框框\1363323247@1320.jpg 85,308,287,216 381,302,88,75 506,299,174,139 823,300,147,124
E:\2014年工作\车尾框框\1363323247@1340.jpg 69,301,257,193 405,297,81,70 481,293,201,161 801,296,141,122 669,263,61,72 344,273,70,70
E:\2014年工作\车尾框框\1363323247@1360.jpg 110,294,204,163 461,289,221,175 772,295,128,106 654,260,60,69 355,270,68,69
E:\2014年工作\车尾框框\1363323247@1380.jpg 179,296,161,133 448,293,238,196 747,298,117,100 649,264,59,71 366,277,64,63
E:\2014年工作\车尾框框\1363323247@1400.jpg 261,301,135,117 452,299,66,52 478,299,239,197 729,301,108,94
E:\2014年工作\车尾框框\1363323247@1420.jpg 325,304,114,95 467,303,57,45 547,298,242,197
E:\2014年工作\车尾框框\1363323247@1440.jpg 283,300,79,66 369,304,97,84 564,302,54,51 629,299,248,206 474,300,55,42
E:\2014年工作\车尾框框\1363323247@1460.jpg 297,301,75,64 402,300,94,78 565,302,57,52 647,272,54,66 739,296,281,227
E:\2014年工作\车尾框框\1363323247@1480.jpg 858,293,346,268 717,299,109,84 644,269,56,66 561,300,57,48 424,298,92,71 299,298,79,63
E:\2014年工作\车尾框框\1363323247@1500.jpg 296,301,75,64 445,300,81,67 557,302,57,49 641,267,60,71 728,302,105,89
E:\2014年工作\车尾框框\1363323247@1520.jpg 288,297,71,67 408,282,51,53 458,297,77,66 553,298,54,48 648,267,58,70 742,300,108,95
E:\2014年工作\车尾框框\1363323247@1540.jpg 267,295,80,66 398,278,49,55 468,295,81,67 652,255,64,79 754,298,125,111
E:\2014年工作\车尾框框\1363323247@1560.jpg 251,297,75,67 388,280,51,58 481,296,80,70 673,256,71,85 780,302,145,120
E:\2014年工作\车尾框框\1363323247@1580.jpg 234,291,96,71 384,274,57,63 496,293,88,68 711,249,79,90 818,291,184,147
E:\2014年工作\车尾框框\1363323247@1600.jpg 215,296,96,74 372,273,61,64 502,292,88,78 757,243,96,105 888,293,222,189
E:\2014年工作\车尾框框\1363323247@1620.jpg 832,233,107,129 510,293,91,80 368,275,64,64 207,297,91,78
E:\2014年工作\车尾框框\1363323247@1640.jpg 188,292,99,83 353,271,62,67 507,291,95,81 927,219,126,150 1070,273,76,74
E:\2014年工作\车尾框框\1363323247@1660.jpg 1063,201,164,176 509,293,98,85 350,271,62,70 169,289,107,92 459,288,56,54
E:\2014年工作\车尾框框\1363323247@1680.jpg 505,291,103,92 337,267,66,78 141,291,120,100 440,291,68,58
E:\2014年工作\车尾框框\1363323247@1700.jpg 89,295,132,104 318,274,69,76 418,294,69,63 497,296,105,88
E:\2014年工作\车尾框框\1363323247@1720.jpg 490,295,112,90 381,296,90,66 293,270,71,81 15,297,152,117
E:\2014年工作\车尾框框\1363323247@1740.jpg 486,293,116,97 346,295,98,77 268,268,80,84
E:\2014年工作\车尾框框\1363323247@1760.jpg 1060,276,82,80 492,299,116,102 301,302,111,93
E:\2014年工作\车尾框框\1363323247@1780.jpg 232,304,145,117 491,302,120,106 1078,274,83,84
E:\2014年工作\车尾框框\1363323247@1800.jpg 1092,276,81,86 481,299,124,109 110,304,195,146
E:\2014年工作\车尾框框\1363323247@1820.jpg 228,287,128,110 460,296,128,111 1091,272,91,93
E:\2014年工作\车尾框框\1363323247@1840.jpg 129,289,161,134 448,297,133,116
E:\2014年工作\车尾框框\1363323247@1860.jpg 439,300,134,112 565,297,62,53 343,295,81,65
E:\2014年工作\车尾框框\1363323247@1880.jpg 75,299,156,125 294,297,86,77 413,300,130,113 550,301,62,48
E:\2014年工作\车尾框框\1363323247@1900.jpg 531,299,66,50 383,298,130,110 223,298,109,85
E:\2014年工作\车尾框框\1363323247@1920.jpg 135,299,132,108 354,299,137,111 523,299,65,51
E:\2014年工作\车尾框框\1363323247@1940.jpg 522,305,62,55 462,292,46,47 329,303,137,119 2,302,160,139
E:\2014年工作\车尾框框\1363323247@1960.jpg 77,299,134,102 300,299,145,121 523,300,66,53 459,287,46,51
E:\2014年工作\车尾框框\1363323247@1980.jpg 153,293,68,61 260,298,170,134 454,285,46,57 526,300,66,58 831,295,59,39
E:\2014年工作\车尾框框\1363323247@2000.jpg 130,296,104,90 197,299,194,156 445,283,53,61 536,297,70,60
E:\2014年工作\车尾框框\1363323247@2020.jpg 80,290,255,199 427,280,61,67 536,294,67,61
E:\2014年工作\车尾框框\1363323247@2040.jpg 393,274,72,78 523,292,73,66
E:\2014年工作\车尾框框\1363323247@2060.jpg 244,280,79,77 356,269,84,96 514,290,83,64
E:\2014年工作\车尾框框\1363323247@2080.jpg 161,285,98,88 301,267,103,120 518,298,79,68 419,289,68,63
E:\2014年工作\车尾框框\1363323247@2100.jpg 28,271,128,115 186,250,145,158 362,278,88,79 511,288,82,69
E:\2014年工作\车尾框框\1363323247@2120.jpg 281,297,121,112 511,311,87,77
E:\2014年工作\车尾框框\1363323247@2140.jpg 145,283,185,159 512,300,88,73
E:\2014年工作\车尾框框\1363323247@2160.jpg 539,299,82,71 923,296,63,53
E:\2014年工作\车尾框框\1363323247@2180.jpg 543,294,87,72 914,288,76,50
E:\2014年工作\车尾框框\1363323247@2200.jpg 142,298,176,145 541,297,86,72 916,293,70,49
E:\2014年工作\车尾框框\1363323247@2220.jpg 538,294,86,75
E:\2014年工作\车尾框框\1363323247@2240.jpg 540,294,99,79 935,284,72,54
E:\2014年工作\车尾框框\1363323247@2260.jpg 357,290,95,81 544,295,104,86
E:\2014年工作\车尾框框\1363323247@2280.jpg 309,285,118,98 536,291,115,100 927,281,70,53
E:\2014年工作\车尾框框\1363323247@2300.jpg 75,288,120,100 256,287,148,112 531,291,133,119 914,282,63,49
E:\2014年工作\车尾框框\1363323247@2320.jpg 2,287,130,113 191,287,165,132 520,290,161,138 378,265,94,105
E:\2014年工作\车尾框框\1363323247@2340.jpg 118,284,211,159 512,293,183,155
E:\2014年工作\车尾框框\1363323247@2360.jpg 45,284,242,187 501,298,208,169 328,264,113,130
E:\2014年工作\车尾框框\1363323247@2380.jpg 1,280,237,203 302,258,127,140 488,294,223,185
E:\2014年工作\车尾框框\1363323247@2400.jpg 284,255,132,158 480,296,239,203
E:\2014年工作\车尾框框\1363323247@2420.jpg 269,256,136,158 474,297,242,198
E:\2014年工作\车尾框框\1363323247@2440.jpg 259,256,148,165 476,295,225,186
E:\2014年工作\车尾框框\1363323247@2460.jpg 245,264,155,171 478,303,211,177
E:\2014年工作\车尾框框\1363323247@2480.jpg 209,268,164,182 474,314,206,163
E:\2014年工作\车尾框框\1363323247@2500.jpg 469,307,204,174 159,261,185,207
E:\2014年工作\车尾框框\1363323247@2520.jpg 72,247,225,242 464,308,208,170
E:\2014年工作\车尾框框\1363323247@2540.jpg 463,303,216,180
E:\2014年工作\车尾框框\1363323247@2560.jpg 290,262,126,138 461,302,226,184 1021,284,126,75
E:\2014年工作\车尾框框\1363323247@2580.jpg 251,255,141,160 460,301,223,186
E:\2014年工作\车尾框框\1363323247@2600.jpg 123,283,81,74 209,250,165,176 462,303,236,201
E:\2014年工作\车尾框框\1363323247@2620.jpg 180,246,174,197 469,303,249,211
E:\2014年工作\车尾框框\1363323247@2640.jpg 168,247,190,204 481,303,252,207
E:\2014年工作\车尾框框\1363323247@2660.jpg 162,243,202,217 490,302,252,209
E:\2014年工作\车尾框框\1363323247@2680.jpg 142,238,216,234 507,302,256,216
E:\2014年工作\车尾框框\1363323247@2700.jpg 94,235,241,258 512,304,260,224
E:\2014年工作\车尾框框\1363323247@2720.jpg 19,226,283,286 496,305,280,237
E:\2014年工作\车尾框框\1363323247@2740.jpg 486,302,296,242
E:\2014年工作\车尾框框\1363323247@2760.jpg 476,306,314,253 351,293,114,89
E:\2014年工作\车尾框框\1363323247@2780.jpg 334,291,115,98 469,301,310,259
E:\2014年工作\车尾框框\1363323247@2800.jpg 303,295,127,101 460,308,310,252
E:\2014年工作\车尾框框\1363323247@2820.jpg 285,290,131,114 459,302,293,241
E:\2014年工作\车尾框框\1363323247@2840.jpg 187,294,80,75 265,291,132,116 468,306,274,227
E:\2014年工作\车尾框框\1363323247@2860.jpg 237,291,132,103 377,294,87,70 463,303,264,219
E:\2014年工作\车尾框框\1363323247@2880.jpg 220,292,125,107 386,296,84,73 446,305,277,222
E:\2014年工作\车尾框框\1363323247@2900.jpg 210,308,121,99 420,321,297,245
E:\2014年工作\车尾框框\1363323247@2920.jpg 213,299,112,88 392,309,311,257
E:\2014年工作\车尾框框\1363323247@2940.jpg 222,293,105,84 357,304,328,258
E:\2014年工作\车尾框框\1363323247@2960.jpg 246,287,91,78 329,301,336,267
E:\2014年工作\车尾框框\1363323247@2980.jpg 292,306,341,265 557,297,97,78
E:\2014年工作\车尾框框\1363323247@3000.jpg 250,313,340,269 554,295,108,88
E:\2014年工作\车尾框框\1363323247@3020.jpg 1,311,213,181 217,316,338,270 566,301,110,87
E:\2014年工作\车尾框框\1363323247@3040.jpg 161,312,345,274 552,301,118,95
E:\2014年工作\车尾框框\1363323247@3060.jpg 5,309,398,321 506,298,129,110
E:\2014年工作\车尾框框\1363323247@3080.jpg 217,291,118,108 440,291,141,122
E:\2014年工作\车尾框框\1363323247@3100.jpg 72,288,78,65 154,300,139,108 379,301,164,132
E:\2014年工作\车尾框框\1363323247@3120.jpg 156,300,142,110 363,302,186,152
E:\2014年工作\车尾框框\1363323247@3140.jpg 120,292,97,85 223,294,125,107 395,296,225,177
E:\2014年工作\车尾框框\1363323247@3160.jpg 296,281,121,106 444,290,251,209
E:\2014年工作\车尾框框\1363323247@3180.jpg 352,287,116,97 470,297,289,250
E:\2014年工作\车尾框框\1363323247@3200.jpg 66,298,213,172 424,292,101,97 503,302,344,292
E:\2014年工作\车尾框框\1363323247@3220.jpg 201,291,174,138 486,286,98,90 546,299,381,320
E:\2014年工作\车尾框框\1363323247@3240.jpg 273,291,148,118 542,294,380,327
E:\2014年工作\车尾框框\1363323247@3260.jpg 304,297,122,99 501,301,366,317
E:\2014年工作\车尾框框\1363323247@3280.jpg 318,302,110,88 443,297,55,42 803,249,93,104 465,301,388,319
E:\2014年工作\车尾框框\1363323247@3300.jpg 371,294,98,81 477,298,429,350 792,250,86,92 5,295,285,230
E:\2014年工作\车尾框框\1363323247@3320.jpg 81,300,267,202 429,294,94,76 482,299,451,364
E:\2014年工作\车尾框框\1363323247@3340.jpg 7,301,146,118 151,315,237,176 482,307,79,62 533,309,390,338 1069,303,87,66
E:\2014年工作\车尾框框\1363323247@3360.jpg 165,309,231,166 530,305,372,309 503,294,71,60
E:\2014年工作\车尾框框\1363323247@3380.jpg 511,298,67,53 532,306,355,305 162,304,224,175
E:\2014年工作\车尾框框\1363323247@3400.jpg 194,292,208,170 534,298,341,280
E:\2014年工作\车尾框框\1363323247@3420.jpg 53,289,145,117 220,295,189,151 436,289,93,71 524,298,334,270
E:\2014年工作\车尾框框\1363323247@3440.jpg 143,291,111,92 238,295,175,136 445,291,79,67 489,297,346,286
E:\2014年工作\车尾框框\1363323247@3460.jpg 1060,149,212,279 834,609,0,0 435,290,395,322 266,295,153,116
E:\2014年工作\车尾框框\1363323247@3480.jpg 303,293,116,97 398,291,440,355 1010,143,223,282
E:\2014年工作\车尾框框\1363323247@3500.jpg 359,292,480,380 936,149,243,293
E:\2014年工作\车尾框框\1363323247@3520.jpg 3,221,243,257 330,297,493,384 885,159,219,272
E:\2014年工作\车尾框框\1363323247@3540.jpg 173,243,170,189 343,302,457,351 822,167,211,255
E:\2014年工作\车尾框框\1363323247@3560.jpg 266,252,135,149 338,296,441,353 772,176,194,231
E:\2014年工作\车尾框框\1363323247@3580.jpg 322,300,451,353 732,188,180,207
E:\2014年工作\车尾框框\1363323247@3600.jpg 308,302,459,364 697,195,168,211
E:\2014年工作\车尾框框\1363323247@3620.jpg 301,306,451,355 680,205,149,180
E:\2014年工作\车尾框框\1363323247@3640.jpg 135,300,176,143 310,304,427,332 654,212,138,166
E:\2014年工作\车尾框框\1363323247@3660.jpg 219,296,141,118 330,302,382,329 629,212,131,169
E:\2014年工作\车尾框框\1363323247@3680.jpg 270,292,121,99 369,297,338,271
E:\2014年工作\车尾框框\1363323247@3700.jpg 313,289,113,93 421,296,286,230
E:\2014年工作\车尾框框\1363323247@3720.jpg 56,293,219,178 351,295,96,80 463,299,249,203
E:\2014年工作\车尾框框\1363323247@3740.jpg 482,297,224,181 368,292,98,70 152,297,174,139
E:\2014年工作\车尾框框\1363323247@3760.jpg 373,290,81,72 497,291,202,170
E:\2014年工作\车尾框框\1363323247@3780.jpg 498,296,185,153
E:\2014年工作\车尾框框\1363323247@3800.jpg 495,297,171,142 761,318,488,361
E:\2014年工作\车尾框框\1363323247@3820.jpg 0,194,275,268 675,310,443,336 496,292,157,135
E:\2014年工作\车尾框框\1363323247@3840.jpg 21,193,253,267 602,303,421,345
E:\2014年工作\车尾框框\1363323247@3860.jpg 49,205,241,245 554,307,390,341
E:\2014年工作\车尾框框\1363323247@3880.jpg 61,215,235,235 505,308,374,305 414,277,54,62
E:\2014年工作\车尾框框\1363323247@3900.jpg 72,215,224,223 415,278,59,56 467,308,356,296
E:\2014年工作\车尾框框\1363323247@3920.jpg 95,210,205,212 424,270,53,57 434,294,370,312 1121,270,77,53
E:\2014年工作\车尾框框\1363323247@3940.jpg 409,292,392,321 1058,271,69,45 124,215,199,207
E:\2014年工作\车尾框框\1363323247@3960.jpg 385,297,417,336 1007,279,56,41
E:\2014年工作\车尾框框\1363323247@3980.jpg 381,298,419,348
E:\2014年工作\车尾框框\1363323247@4000.jpg 373,294,427,350
E:\2014年工作\车尾框框\1363323247@4020.jpg 370,295,406,345
E:\2014年工作\车尾框框\1363323247@4040.jpg 377,302,380,322
E:\2014年工作\车尾框框\1363323247@4060.jpg 380,308,360,299
E:\2014年工作\车尾框框\1363323247@4080.jpg 5,98,304,354 394,303,327,267
E:\2014年工作\车尾框框\1363323247@4100.jpg 99,130,253,294 407,305,276,236
E:\2014年工作\车尾框框\1363323247@4120.jpg 157,154,220,259 362,309,248,212
E:\2014年工作\车尾框框\1363323247@4140.jpg 292,307,236,205 517,300,123,108
E:\2014年工作\车尾框框\1363323247@4160.jpg 519,302,120,107 220,304,235,192
E:\2014年工作\车尾框框\1363323247@4180.jpg 172,297,233,182 508,295,129,107
E:\2014年工作\车尾框框\1363323247@4200.jpg 146,309,227,176 515,304,121,105
E:\2014年工作\车尾框框\1363323247@4220.jpg 525,299,123,103 114,304,234,187
E:\2014年工作\车尾框框\1363323247@4240.jpg 42,305,271,206 520,298,129,108
E:\2014年工作\车尾框框\1363323247@4260.jpg 506,296,140,119
E:\2014年工作\车尾框框\1363323247@4280.jpg 496,290,162,131
E:\2014年工作\车尾框框\1363323247@4300.jpg 490,291,183,144
E:\2014年工作\车尾框框\1363323247@4320.jpg 17,83,311,352 491,284,202,171
E:\2014年工作\车尾框框\1363323247@4340.jpg 0,67,314,389 494,291,207,172
E:\2014年工作\车尾框框\1363323247@4360.jpg 493,289,221,186
E:\2014年工作\车尾框框\1363323247@4380.jpg 491,294,220,175
E:\2014年工作\车尾框框\1363323247@4400.jpg 492,295,228,188
E:\2014年工作\车尾框框\1363323247@4420.jpg 497,297,227,183
E:\2014年工作\车尾框框\1363323247@4440.jpg 498,295,230,188
E:\2014年工作\车尾框框\1363323247@4460.jpg 500,295,232,191
E:\2014年工作\车尾框框\1363323247@4480.jpg 493,292,255,203
E:\2014年工作\车尾框框\1363323247@4500.jpg 487,290,285,232
E:\2014年工作\车尾框框\1363323247@4520.jpg 467,291,331,264
E:\2014年工作\车尾框框\1363323247@4540.jpg 472,299,340,270
E:\2014年工作\车尾框框\1363323247@4560.jpg 470,299,349,290
E:\2014年工作\车尾框框\1363323247@4580.jpg 84,126,266,309 475,301,349,293
E:\2014年工作\车尾框框\1363323247@4600.jpg 168,153,220,255 471,301,357,282
E:\2014年工作\车尾框框\1363323247@4620.jpg 228,168,191,222 481,302,349,280
E:\2014年工作\车尾框框\1363323247@4640.jpg 275,184,164,195 478,297,353,285
E:\2014年工作\车尾框框\1363323247@4660.jpg 86,300,195,146 319,202,139,164 481,298,318,261
E:\2014年工作\车尾框框\1363323247@4680.jpg 42,298,127,94 182,300,157,129 349,212,120,151 489,300,275,225
E:\2014年工作\车尾框框\1363323247@4700.jpg 119,300,109,85 245,299,129,108 488,304,258,214 371,224,110,131
E:\2014年工作\车尾框框\1363323247@4720.jpg 162,297,100,76 284,301,110,89 493,303,244,195
E:\2014年工作\车尾框框\1363323247@4740.jpg 312,300,104,88 504,305,225,183
E:\2014年工作\车尾框框\1363323247@4760.jpg 333,300,98,80 506,301,220,177
E:\2014年工作\车尾框框\1363323247@4780.jpg 65,271,205,177 351,295,87,74 516,293,216,189
E:\2014年工作\车尾框框\1363323247@4800.jpg 132,282,178,153 362,300,88,70 518,303,221,181
E:\2014年工作\车尾框框\1363323247@4820.jpg 185,284,153,138 379,298,82,69 525,298,235,194
E:\2014年工作\车尾框框\1363323247@4840.jpg 222,285,144,132 520,301,254,208 390,303,82,60
E:\2014年工作\车尾框框\1363323247@4860.jpg 248,285,141,124 519,299,270,228
E:\2014年工作\车尾框框\1363323247@4880.jpg 277,285,126,117 518,298,278,231
E:\2014年工作\车尾框框\1363323247@4900.jpg 23,310,145,99 300,287,115,107 520,299,289,242
E:\2014年工作\车尾框框\1363323247@4920.jpg 315,286,110,103 522,295,295,254
E:\2014年工作\车尾框框\1363323247@4940.jpg 327,280,113,98 534,285,295,250
E:\2014年工作\车尾框框\1363323247@4960.jpg 334,294,106,95 536,294,281,231
E:\2014年工作\车尾框框\1363323247@4980.jpg 31,301,247,194 332,295,107,89 543,298,260,202
E:\2014年工作\车尾框框\1363323247@5000.jpg 65,305,225,179 544,304,229,189 331,303,93,91
E:\2014年工作\车尾框框\1363323247@5020.jpg 69,308,219,178 537,309,230,189
E:\2014年工作\车尾框框\1363323247@5040.jpg 58,304,218,173 525,304,226,184
E:\2014年工作\车尾框框\1363323247@5060.jpg 42,299,222,173 527,304,222,186
E:\2014年工作\车尾框框\1363323247@5080.jpg 37,301,217,170 520,302,234,192
E:\2014年工作\车尾框框\1363323247@5100.jpg 24,302,229,179 509,305,256,198
E:\2014年工作\车尾框框\1363323247@5120.jpg 499,303,266,225
E:\2014年工作\车尾框框\1363323247@5140.jpg 481,298,289,245
E:\2014年工作\车尾框框\1363323247@5160.jpg 459,286,313,265
E:\2014年工作\车尾框框\1363323247@5180.jpg 451,290,327,284
E:\2014年工作\车尾框框\1363323247@5200.jpg 427,295,352,299
E:\2014年工作\车尾框框\1363323247@5220.jpg 403,299,350,290
E:\2014年工作\车尾框框\1363323247@5240.jpg 389,302,352,288
E:\2014年工作\车尾框框\1363323247@5260.jpg 381,295,363,297
E:\2014年工作\车尾框框\1363323247@5280.jpg 390,297,359,275
E:\2014年工作\车尾框框\1363323247@5300.jpg 19,217,228,235 410,296,329,271
E:\2014年工作\车尾框框\1363323247@5320.jpg 91,232,201,209 433,302,313,253
E:\2014年工作\车尾框框\1363323247@5340.jpg 143,242,180,186 452,307,311,248
E:\2014年工作\车尾框框\1363323247@5360.jpg 173,247,161,172 458,304,317,260
E:\2014年工作\车尾框框\1363323247@5380.jpg 204,250,139,152 469,303,318,270
E:\2014年工作\车尾框框\1363323247@5400.jpg 224,255,123,146 471,300,341,278
E:\2014年工作\车尾框框\1363323247@5420.jpg 235,261,118,129 466,298,346,288
E:\2014年工作\车尾框框\1363323247@5440.jpg 0,294,227,189 460,311,357,278
E:\2014年工作\车尾框框\1363323247@5460.jpg 74,292,187,162 451,304,352,285
E:\2014年工作\车尾框框\1363323247@5480.jpg 52,309,87,68 134,298,167,139 452,309,321,250
E:\2014年工作\车尾框框\1363323247@5500.jpg 170,298,136,127 445,307,303,245
E:\2014年工作\车尾框框\1363323247@5520.jpg 185,300,137,117 433,307,300,239
E:\2014年工作\车尾框框\1363323247@5540.jpg 423,303,283,233 199,297,129,106
E:\2014年工作\车尾框框\1363323247@5560.jpg 403,300,287,237 205,292,119,107
E:\2014年工作\车尾框框\1363323247@5580.jpg 402,294,281,230 216,293,111,99
E:\2014年工作\车尾框框\1363323247@5600.jpg 397,292,279,221 226,290,114,95
E:\2014年工作\车尾框框\1363323247@5620.jpg 3,294,200,172 393,303,279,221
E:\2014年工作\车尾框框\1363323247@5640.jpg 11,296,196,168 383,307,285,228
E:\2014年工作\车尾框框\1363323247@5660.jpg 7,281,199,170 376,292,286,240 237,294,100,94
E:\2014年工作\车尾框框\1363323247@5680.jpg 2,296,204,168 373,300,295,237
E:\2014年工作\车尾框框\1363323247@5700.jpg 3,295,210,180 378,307,298,240
E:\2014年工作\车尾框框\1363323247@5720.jpg 4,294,214,185 385,312,288,238
E:\2014年工作\车尾框框\1363323247@5740.jpg 6,280,217,179 389,295,291,239
E:\2014年工作\车尾框框\1363323247@5760.jpg 18,281,225,186 397,290,289,238
E:\2014年工作\车尾框框\1363323247@5780.jpg 23,281,220,186 404,294,299,246
E:\2014年工作\车尾框框\1363323247@5800.jpg 14,281,224,184 406,292,302,239
E:\2014年工作\车尾框框\1363323247@5820.jpg 3,289,229,190 398,298,315,249
E:\2014年工作\车尾框框\1363323247@5840.jpg 1,295,223,190 380,313,313,238
E:\2014年工作\车尾框框\1363323247@5860.jpg 0,296,222,185 371,306,298,238
E:\2014年工作\车尾框框\1363323247@5880.jpg 16,290,212,181 370,298,265,219
E:\2014年工作\车尾框框\1363323247@5900.jpg 39,296,205,171 361,305,255,203
E:\2014年工作\车尾框框\1363323247@5920.jpg 51,301,194,163 365,310,246,193
E:\2014年工作\车尾框框\1363323247@5940.jpg 64,295,189,159 367,301,252,197
E:\2014年工作\车尾框框\1363323247@5960.jpg 78,292,182,151 370,297,245,194
E:\2014年工作\车尾框框\1363323247@5980.jpg 98,299,161,131 367,303,243,195
E:\2014年工作\车尾框框\1363323247@6000.jpg 129,312,143,119 369,314,233,187 52,293,39,28
E:\2014年工作\车尾框框\1363323247@6020.jpg 78,270,64,71 144,299,127,101 350,304,238,190
E:\2014年工作\车尾框框\1363323247@6040.jpg 77,260,68,71 167,290,112,99 338,299,243,189
E:\2014年工作\车尾框框\1363323247@6060.jpg 4,289,108,78 195,287,117,97 333,306,259,198
E:\2014年工作\车尾框框\1363323247@6080.jpg 233,278,102,92 335,299,275,215
E:\2014年工作\车尾框框\1363323247@6100.jpg 250,266,101,86 330,288,281,216
E:\2014年工作\车尾框框\1363323247@6120.jpg 267,274,100,87 326,291,283,229 212,260,69,50
E:\2014年工作\车尾框框\1363323247@6140.jpg 199,258,64,52 301,289,286,240
E:\2014年工作\车尾框框\1363323247@6160.jpg 190,259,58,51 287,287,288,226
E:\2014年工作\车尾框框\1363323247@6180.jpg 17,287,151,116 178,260,57,49 269,294,282,217 758,283,93,83 1019,282,111,85
E:\2014年工作\车尾框框\1363323247@6200.jpg 946,278,111,97 250,306,281,217 49,285,131,102
E:\2014年工作\车尾框框\1363323247@6220.jpg 259,293,281,230 87,270,113,97 35,256,74,67
E:\2014年工作\车尾框框\1363323247@6240.jpg 116,264,101,81 281,275,279,235 248,252,36,38
E:\2014年工作\车尾框框\1363323247@6260.jpg 110,279,97,75 252,269,35,41 285,286,293,232
E:\2014年工作\车尾框框\1363323247@6280.jpg 104,291,88,71 248,288,36,42 288,294,298,239
E:\2014年工作\车尾框框\1363323247@6300.jpg 108,301,84,64 254,301,29,38 307,299,303,243
E:\2014年工作\车尾框框\1363323247@6320.jpg 63,294,53,48 115,297,73,58 249,302,33,32 329,296,291,232
E:\2014年工作\车尾框框\1363323247@6340.jpg 53,301,56,49 113,306,66,51 242,310,34,33 331,304,292,234
E:\2014年工作\车尾框框\1363323247@6360.jpg 45,294,49,50 116,299,64,46 338,299,276,223
E:\2014年工作\车尾框框\1363323247@6380.jpg 46,297,58,48 134,306,51,41 226,307,36,34 352,296,253,210
E:\2014年工作\车尾框框\1363323247@6400.jpg 42,306,55,45 146,314,56,41 244,314,41,33 364,306,252,205
E:\2014年工作\车尾框框\1363323247@6420.jpg 11,309,57,47 131,316,53,37 368,309,248,194 656,311,75,69 249,318,33,32
E:\2014年工作\车尾框框\1363323247@6440.jpg 119,313,52,35 368,309,241,206 632,300,72,71 713,316,43,39 382,278,42,35
E:\2014年工作\车尾框框\1363323247@6460.jpg 94,311,51,38 173,313,36,30 353,302,248,215 586,290,74,66 364,265,40,34
E:\2014年工作\车尾框框\1363323247@6480.jpg 83,320,53,39 337,298,250,209 547,280,81,66
E:\2014年工作\车尾框框\1363323247@6500.jpg 318,303,250,214 537,274,79,67
E:\2014年工作\车尾框框\1363323247@6520.jpg 124,340,44,40 295,318,258,203 529,273,80,64
E:\2014年工作\车尾框框\1363323247@6540.jpg 282,290,259,209 554,253,72,64
E:\2014年工作\车尾框框\1363323247@6560.jpg 308,256,248,210 594,244,72,60
E:\2014年工作\车尾框框\1363323247@6580.jpg 624,267,65,58 339,286,254,202
E:\2014年工作\车尾框框\1363323247@6600.jpg 361,287,250,202 645,272,61,54
E:\2014年工作\车尾框框\1363323247@6620.jpg 647,274,62,55 376,283,243,210
E:\2014年工作\车尾框框\1363323247@6640.jpg 655,290,64,53 384,304,256,195
E:\2014年工作\车尾框框\1363323247@6660.jpg 378,300,255,204 653,287,66,53
E:\2014年工作\车尾框框\1363323247@6680.jpg 378,302,258,217 656,290,58,52
E:\2014年工作\车尾框框\1363323247@6700.jpg 653,290,62,52 366,299,259,216
E:\2014年工作\车尾框框\1363323247@6720.jpg 376,302,253,204 660,293,61,54
E:\2014年工作\车尾框框\1363323247@6740.jpg 389,302,245,198 669,296,59,49
E:\2014年工作\车尾框框\1363323247@6760.jpg 404,303,237,204 679,299,52,49
E:\2014年工作\车尾框框\1363323247@6780.jpg 412,306,229,193 842,59,371,416 686,301,51,49
E:\2014年工作\车尾框框\1363323247@6800.jpg 416,302,223,182 822,73,335,408 617,238,90,124
E:\2014年工作\车尾框框\1363323247@6820.jpg 404,298,224,191 627,240,102,133 809,89,308,363
E:\2014年工作\车尾框框\1363323247@6840.jpg 396,306,227,183 806,100,286,343 644,239,104,134
E:\2014年工作\车尾框框\1363323247@6860.jpg 393,303,229,188 804,117,275,335
E:\2014年工作\车尾框框\1363323247@6880.jpg 402,299,230,197 819,115,259,324
E:\2014年工作\车尾框框\1363323247@6900.jpg 416,304,244,195 815,120,261,324
E:\2014年工作\车尾框框\1363323247@6920.jpg 437,304,236,202 806,117,275,325
E:\2014年工作\车尾框框\1363323247@6940.jpg 454,305,242,196 812,111,286,334
E:\2014年工作\车尾框框\1363323247@6960.jpg 476,301,234,195 828,97,298,356
E:\2014年工作\车尾框框\1363323247@6980.jpg 481,295,227,195 834,80,315,363
E:\2014年工作\车尾框框\1363323247@7000.jpg 492,296,228,187 848,75,324,384
E:\2014年工作\车尾框框\1363323247@7020.jpg 550,303,227,193 902,76,342,384
E:\2014年工作\车尾框框\1363323247@7040.jpg 581,309,237,205 950,94,322,371
E:\2014年工作\车尾框框\1363323247@7060.jpg 569,293,268,219 948,86,324,352
E:\2014年工作\车尾框框\1363323247@7080.jpg 555,294,292,243 933,77,306,376
E:\2014年工作\车尾框框\1363323247@7100.jpg 160,303,133,136 540,301,312,257 945,117,281,326
E:\2014年工作\车尾框框\1363323247@7120.jpg 161,289,167,147 539,290,348,278 967,126,256,289
E:\2014年工作\车尾框框\1363323247@7140.jpg 229,290,170,161 553,287,373,325
E:\2014年工作\车尾框框\1363323247@7160.jpg 369,292,175,159 557,294,410,332
E:\2014年工作\车尾框框\1363323247@7180.jpg 605,302,369,320
E:\2014年工作\车尾框框\1363323247@7200.jpg 629,295,337,271 938,289,92,80
E:\2014年工作\车尾框框\1363323247@7220.jpg 654,293,286,240 1132,255,143,154
E:\2014年工作\车尾框框\1363323247@7240.jpg 696,299,249,205 1124,271,116,129
E:\2014年工作\车尾框框\1363323247@7260.jpg 734,299,206,172 1115,280,104,109
E:\2014年工作\车尾框框\1363323247@7280.jpg 757,304,164,140 1100,290,87,97 0,317,446,391
E:\2014年工作\车尾框框\1363323247@7300.jpg 275,306,420,329 760,312,135,119 999,309,66,50
E:\2014年工作\车尾框框\1363323247@7320.jpg 389,312,356,306 974,312,56,47
E:\2014年工作\车尾框框\1363323247@7340.jpg 1012,320,197,163 425,316,334,283
E:\2014年工作\车尾框框\1363323247@7360.jpg 442,315,326,269 963,317,162,138 810,298,75,58
E:\2014年工作\车尾框框\1363323247@7380.jpg 479,315,305,257 958,303,148,126 832,285,76,56
E:\2014年工作\车尾框框\1363323247@7400.jpg 497,301,297,249 948,279,136,119 1074,250,53,51 841,270,63,54 742,267,82,78
E:\2014年工作\车尾框框\1363323247@7420.jpg 528,278,277,235 827,269,66,52 935,271,128,106
E:\2014年工作\车尾框框\1363323247@7440.jpg 555,288,248,216 907,291,113,95 795,294,57,48
E:\2014年工作\车尾框框\1363323247@7460.jpg 569,288,239,198 866,291,103,92
E:\2014年工作\车尾框框\1363323247@7480.jpg 556,316,231,201 802,320,95,84
E:\2014年工作\车尾框框\1363323247@7500.jpg 567,306,227,202 838,296,69,72
E:\2014年工作\车尾框框\1363323247@7520.jpg 534,310,49,48 612,307,226,201 837,291,70,76
E:\2014年工作\车尾框框\1363323247@7540.jpg 563,304,47,41 659,304,49,38 713,297,228,194
E:\2014年工作\车尾框框\1363323247@7560.jpg 848,301,226,197 753,309,75,66 689,306,49,38 597,308,48,36
E:\2014年工作\车尾框框\1363323247@7580.jpg 911,305,230,188 794,291,44,43 709,307,67,60 577,301,43,33 664,300,39,36
E:\2014年工作\车尾框框\1363323247@7600.jpg 549,300,39,32 646,301,67,61 754,291,39,39 946,314,230,186
E:\2014年工作\车尾框框\1363323247@7620.jpg 531,287,40,33 589,289,71,59 654,254,51,69 729,281,39,40 861,275,68,74 980,303,237,185
E:\2014年工作\车尾框框\1363323247@7640.jpg 1037,306,241,191 861,284,68,73 717,290,37,42 637,263,58,63 550,299,72,55
E:\2014年工作\车尾框框\1363323247@7660.jpg 525,300,65,54 634,262,57,67 712,288,37,43 861,283,76,84
E:\2014年工作\车尾框框\1363323247@7680.jpg 502,297,61,54 632,261,47,70 709,289,37,40 872,280,74,80 564,297,43,35
E:\2014年工作\车尾框框\1363323247@7700.jpg 491,294,62,55 564,291,43,38 635,257,52,69 713,284,41,44 873,277,84,83
E:\2014年工作\车尾框框\1363323247@7720.jpg 871,274,84,88 719,286,44,40 640,257,56,70 489,300,61,45 569,294,44,33
E:\2014年工作\车尾框框\1363323247@7740.jpg 470,298,58,52 559,297,38,35 624,258,61,74 708,287,41,48 842,277,91,101
E:\2014年工作\车尾框框\1363323247@7760.jpg 833,273,100,108 711,286,41,48 621,257,64,75 552,297,43,33 465,295,54,49
E:\2014年工作\车尾框框\1363323247@7780.jpg 449,296,60,50 547,301,39,35 616,259,62,76 709,289,43,48 827,275,106,113
E:\2014年工作\车尾框框\1363323247@7800.jpg 829,266,120,133 706,289,49,52 611,257,66,81 541,303,44,32 438,298,59,50
E:\2014年工作\车尾框框\1363323247@7820.jpg 432,304,55,50 535,310,46,35 610,264,69,82 715,297,48,51 844,270,133,140
E:\2014年工作\车尾框框\1363323247@7840.jpg 865,260,153,169 721,293,53,54 613,262,72,84 541,311,42,37 433,309,57,46
E:\2014年工作\车尾框框\1363323247@7860.jpg 449,305,58,53 551,309,44,39 627,256,76,93 743,289,58,60 916,255,178,196
E:\2014年工作\车尾框框\1363323247@7880.jpg 969,243,224,251 755,291,64,64 638,260,79,94 558,307,49,40 466,311,60,48
E:\2014年工作\车尾框框\1363323247@7900.jpg 484,308,62,48 568,309,48,38 641,254,85,104 764,287,68,76
E:\2014年工作\车尾框框\1363323247@7920.jpg 778,282,75,80 652,251,89,101 578,305,45,39 499,307,63,47
E:\2014年工作\车尾框框\1363323247@7940.jpg 499,276,58,55 564,277,52,41 645,222,85,107 771,260,79,90
E:\2014年工作\车尾框框\1363323247@7960.jpg 774,272,88,97 650,238,90,104 505,298,65,50
E:\2014年工作\车尾框框\1363323247@7980.jpg 516,298,64,52 650,236,93,120 776,270,99,108
E:\2014年工作\车尾框框\1363323247@8000.jpg 458,292,54,47 528,297,59,49 653,229,97,119 787,263,108,120
E:\2014年工作\车尾框框\1363323247@8020.jpg 793,265,118,140 650,231,106,117 536,297,57,47 447,294,63,47
E:\2014年工作\车尾框框\1363323247@8040.jpg 447,295,64,55 551,298,55,49 655,230,112,123 822,258,137,151
E:\2014年工作\车尾框框\1363323247@8060.jpg 449,294,70,56 553,295,58,46 669,217,110,142 850,244,160,184
E:\2014年工作\车尾框框\1363323247@8080.jpg 433,298,76,57 534,300,52,48 667,219,110,148 870,245,182,210
E:\2014年工作\车尾框框\1363323247@8100.jpg 420,284,80,72 513,285,50,49 663,206,121,155 896,230,222,242 576,284,40,39
E:\2014年工作\车尾框框\1363323247@8120.jpg 414,290,87,74 581,287,42,33 676,210,124,155 964,223,265,287 801,290,57,54 509,290,47,41
E:\2014年工作\车尾框框\1363323247@8140.jpg 405,295,104,80 583,286,36,36 690,206,126,167 838,294,66,63
E:\2014年工作\车尾框框\1363323247@8160.jpg 389,287,103,90 492,282,47,39 574,277,39,33 699,197,132,178 896,293,74,67
E:\2014年工作\车尾框框\1363323247@8180.jpg 690,194,146,176 560,280,32,30 472,281,43,33 357,289,117,91
E:\2014年工作\车尾框框\1363323247@8200.jpg 330,286,124,104 460,274,45,40 545,274,39,34 697,183,164,188
E:\2014年工作\车尾框框\1363323247@8220.jpg 713,177,171,203 532,280,37,32 450,279,35,36 298,284,143,116
E:\2014年工作\车尾框框\1363323247@8240.jpg 251,290,157,130 517,290,36,30 436,291,40,34 721,172,182,228
E:\2014年工作\车尾框框\1363323247@8260.jpg 733,168,205,232 508,291,41,32 205,291,184,150 435,292,33,32
E:\2014年工作\车尾框框\1363323247@8280.jpg 124,279,224,173 417,281,41,33 495,281,38,32 729,145,216,253
E:\2014年工作\车尾框框\1363323247@8300.jpg 34,286,263,204 492,295,41,30 746,138,233,273 419,298,38,27
E:\2014年工作\车尾框框\1363323247@8320.jpg 494,300,36,29 770,131,247,293
E:\2014年工作\车尾框框\1363323247@8340.jpg 485,297,39,30 791,111,265,319
E:\2014年工作\车尾框框\1363323247@8360.jpg 487,301,40,33 812,96,290,340
E:\2014年工作\车尾框框\1363323247@8380.jpg 488,307,41,32 822,82,320,366
E:\2014年工作\车尾框框\1363323247@8400.jpg 481,309,36,34 423,315,33,25 535,313,29,28 838,56,347,417
E:\2014年工作\车尾框框\1363323247@8420.jpg 865,35,384,464 473,316,41,32
E:\2014年工作\车尾框框\1363323247@8440.jpg 473,315,42,34 551,320,30,26 895,8,384,486
E:\2014年工作\车尾框框\1363323247@8460.jpg 470,318,43,31 559,318,30,26
E:\2014年工作\车尾框框\1363323247@8480.jpg 477,312,41,35 529,316,31,29 574,314,34,25
E:\2014年工作\车尾框框\1363323247@8500.jpg 478,314,39,29 534,312,34,31 581,315,26,24
E:\2014年工作\车尾框框\1363323247@8520.jpg 479,313,41,32 542,313,34,28 590,314,25,20
E:\2014年工作\车尾框框\1363323247@8540.jpg 489,305,38,32 549,305,40,28 603,303,27,22
E:\2014年工作\车尾框框\1363323247@8560.jpg 510,295,41,31 570,294,34,29
E:\2014年工作\车尾框框\1363323247@8580.jpg 514,296,40,29 570,294,40,32 630,294,28,23
E:\2014年工作\车尾框框\1363323247@8600.jpg 538,295,36,27 586,294,40,30 867,290,56,36
E:\2014年工作\车尾框框\1363323247@8620.jpg 590,295,46,34 550,295,36,30 666,293,24,24 887,291,54,38
E:\2014年工作\车尾框框\1363323247@8640.jpg 915,298,54,36 608,300,44,36 568,298,36,28
E:\2014年工作\车尾框框\1363323247@8660.jpg 610,292,44,39
E:\2014年工作\车尾框框\1363323247@8680.jpg 609,296,50,39 945,295,63,43
E:\2014年工作\车尾框框\1363323247@8700.jpg 612,291,52,40 968,287,67,43
E:\2014年工作\车尾框框\1363323247@8720.jpg 612,293,58,42 987,292,72,48
E:\2014年工作\车尾框框\1363323247@8740.jpg 1016,291,72,51 618,293,58,44
E:\2014年工作\车尾框框\1363323247@8760.jpg 624,291,63,49 1052,292,72,53
E:\2014年工作\车尾框框\1363323247@8780.jpg 637,287,62,54 1092,285,82,56
E:\2014年工作\车尾框框\1363323247@8800.jpg 1143,292,80,60 837,281,33,30 637,290,65,54
E:\2014年工作\车尾框框\1363323247@8820.jpg 1192,280,84,59 832,273,38,29 638,285,69,60
E:\2014年工作\车尾框框\1363323247@8840.jpg 821,272,38,28 627,282,78,65
E:\2014年工作\车尾框框\1363323247@8860.jpg 610,284,85,73 794,273,38,28
E:\2014年工作\车尾框框\1363323247@8880.jpg 604,283,95,77 784,275,39,28
E:\2014年工作\车尾框框\1363323247@8900.jpg 606,276,103,91 777,271,36,29
E:\2014年工作\车尾框框\1363323247@8920.jpg 603,284,115,93
E:\2014年工作\车尾框框\1363323247@8940.jpg 593,289,130,103
E:\2014年工作\车尾框框\1363323247@8960.jpg 613,293,141,115
E:\2014年工作\车尾框框\1363323247@8980.jpg 631,298,127,126
E:\2014年工作\车尾框框\1363323247@9000.jpg 598,293,168,144
