E:\2014年工作\车尾框框\1365489585_t@0.jpg 298,280,60,47 385,286,69,46 474,309,353,294
E:\2014年工作\车尾框框\1365489585_t@20.jpg 295,281,62,47 381,287,74,43 477,298,357,309
E:\2014年工作\车尾框框\1365489585_t@40.jpg 296,280,61,46 381,286,69,43 473,300,360,304
E:\2014年工作\车尾框框\1365489585_t@60.jpg 296,281,61,45 383,286,70,45 477,300,354,304
E:\2014年工作\车尾框框\1365489585_t@80.jpg 296,280,59,46 382,283,68,49 477,301,353,299
E:\2014年工作\车尾框框\1365489585_t@100.jpg 299,280,60,48 383,286,70,44 473,303,358,302
E:\2014年工作\车尾框框\1365489585_t@120.jpg 299,282,63,42 384,286,59,42 477,306,352,299
E:\2014年工作\车尾框框\1365489585_t@140.jpg 295,279,57,46 380,283,68,46 479,307,351,295
E:\2014年工作\车尾框框\1365489585_t@160.jpg 291,280,60,45 379,285,61,46 495,308,328,272
E:\2014年工作\车尾框框\1365489585_t@180.jpg 300,286,59,48 542,312,279,238
E:\2014年工作\车尾框框\1365489585_t@200.jpg 577,313,251,209 287,284,67,48
E:\2014年工作\车尾框框\1365489585_t@220.jpg 456,287,111,123 659,314,212,174
E:\2014年工作\车尾框框\1365489585_t@240.jpg 330,286,97,117 774,324,192,170
E:\2014年工作\车尾框框\1365489585_t@260.jpg 122,273,95,118 939,322,188,177 329,287,79,52
E:\2014年工作\车尾框框\1365489585_t@280.jpg 186,270,78,61 289,276,90,59 418,276,75,59
E:\2014年工作\车尾框框\1365489585_t@300.jpg 72,254,90,68 195,262,87,62 328,268,92,65
E:\2014年工作\车尾框框\1365489585_t@320.jpg 98,242,96,73
E:\2014年工作\车尾框框\1365489585_t@400.jpg 1093,338,114,100
E:\2014年工作\车尾框框\1365489585_t@420.jpg 866,324,99,85
E:\2014年工作\车尾框框\1365489585_t@440.jpg 745,315,92,79
E:\2014年工作\车尾框框\1365489585_t@460.jpg 677,314,87,73
E:\2014年工作\车尾框框\1365489585_t@480.jpg 636,313,75,65
E:\2014年工作\车尾框框\1365489585_t@500.jpg 606,311,69,63
E:\2014年工作\车尾框框\1365489585_t@520.jpg 579,296,71,62
E:\2014年工作\车尾框框\1365489585_t@540.jpg 572,294,69,59 827,310,68,54 782,303,56,51 713,302,44,41
E:\2014年工作\车尾框框\1365489585_t@560.jpg 551,299,69,56 742,309,49,47 823,312,71,60 888,320,98,70
E:\2014年工作\车尾框框\1365489585_t@580.jpg 532,299,62,52 784,307,69,63 883,313,89,77 975,326,108,90
E:\2014年工作\车尾框框\1365489585_t@600.jpg 1007,312,121,110 855,312,73,72 525,297,58,52
E:\2014年工作\车尾框框\1365489585_t@620.jpg 953,314,93,97 516,294,56,52
E:\2014年工作\车尾框框\1365489585_t@640.jpg 519,293,58,50
E:\2014年工作\车尾框框\1365489585_t@660.jpg 529,292,59,52
E:\2014年工作\车尾框框\1365489585_t@680.jpg 540,298,63,55 654,305,46,34
E:\2014年工作\车尾框框\1365489585_t@700.jpg 539,288,63,56 683,296,51,38
E:\2014年工作\车尾框框\1365489585_t@720.jpg 529,295,67,56 714,303,51,46
E:\2014年工作\车尾框框\1365489585_t@740.jpg 518,297,70,62 744,309,64,49
E:\2014年工作\车尾框框\1365489585_t@760.jpg 490,292,79,70 760,306,73,58
E:\2014年工作\车尾框框\1365489585_t@780.jpg 469,286,94,78 801,302,84,70
E:\2014年工作\车尾框框\1365489585_t@800.jpg 303,270,112,98 712,297,95,78
E:\2014年工作\车尾框框\1365489585_t@820.jpg 156,281,144,113 661,302,121,103
E:\2014年工作\车尾框框\1365489585_t@840.jpg 734,304,148,140 103,283,183,142
E:\2014年工作\车尾框框\1365489585_t@860.jpg 34,279,243,184 836,310,191,165
E:\2014年工作\车尾框框\1365489585_t@880.jpg 967,317,253,216
E:\2014年工作\车尾框框\1365489585_t@1000.jpg 391,284,26,24
E:\2014年工作\车尾框框\1365489585_t@1020.jpg 390,287,24,22 560,284,37,41
E:\2014年工作\车尾框框\1365489585_t@1040.jpg 401,289,24,22 568,284,41,36
E:\2014年工作\车尾框框\1365489585_t@1060.jpg 388,286,30,26 560,282,41,47
E:\2014年工作\车尾框框\1365489585_t@1080.jpg 394,286,31,25 564,281,42,43
E:\2014年工作\车尾框框\1365489585_t@1100.jpg 398,288,25,20 567,280,41,49
E:\2014年工作\车尾框框\1365489585_t@1120.jpg 386,284,30,25 556,282,43,44
E:\2014年工作\车尾框框\1365489585_t@1140.jpg 400,287,28,24 569,283,42,44
E:\2014年工作\车尾框框\1365489585_t@1160.jpg 394,288,29,22 562,282,44,46
E:\2014年工作\车尾框框\1365489585_t@1180.jpg 396,286,26,24 567,283,39,44
E:\2014年工作\车尾框框\1365489585_t@1200.jpg 391,286,28,25 559,281,43,44
E:\2014年工作\车尾框框\1365489585_t@1220.jpg 397,286,30,26
E:\2014年工作\车尾框框\1365489585_t@1240.jpg 394,285,27,23 564,281,41,44
E:\2014年工作\车尾框框\1365489585_t@1260.jpg 394,285,25,23 565,281,38,48
E:\2014年工作\车尾框框\1365489585_t@1280.jpg 394,286,30,24 566,281,41,46
E:\2014年工作\车尾框框\1365489585_t@1300.jpg 395,285,29,26 563,282,43,46
E:\2014年工作\车尾框框\1365489585_t@1320.jpg 394,286,30,24 567,280,39,43
E:\2014年工作\车尾框框\1365489585_t@1340.jpg 390,286,30,23 560,282,45,44
E:\2014年工作\车尾框框\1365489585_t@1360.jpg 395,287,30,23 561,282,46,40
E:\2014年工作\车尾框框\1365489585_t@1380.jpg 399,287,25,23 564,283,43,44
E:\2014年工作\车尾框框\1365489585_t@1400.jpg 390,285,30,24 561,283,42,45
E:\2014年工作\车尾框框\1365489585_t@1420.jpg 395,284,29,26 568,281,36,47
E:\2014年工作\车尾框框\1365489585_t@1440.jpg 390,286,30,24
E:\2014年工作\车尾框框\1365489585_t@1460.jpg 395,286,26,24 569,282,38,42
E:\2014年工作\车尾框框\1365489585_t@1480.jpg 394,286,28,24 566,282,40,44
E:\2014年工作\车尾框框\1365489585_t@1500.jpg 391,285,30,24
E:\2014年工作\车尾框框\1365489585_t@1520.jpg 566,280,40,46
E:\2014年工作\车尾框框\1365489585_t@1500.jpg 391,285,31,25 563,280,39,44
E:\2014年工作\车尾框框\1365489585_t@1520.jpg 394,285,32,27 564,279,45,47
E:\2014年工作\车尾框框\1365489585_t@1540.jpg 394,285,29,25 564,281,41,46
E:\2014年工作\车尾框框\1365489585_t@1560.jpg 391,285,29,24 565,280,38,43
E:\2014年工作\车尾框框\1365489585_t@1580.jpg 569,282,37,41
E:\2014年工作\车尾框框\1365489585_t@1600.jpg 294,287,85,73 570,285,40,44
E:\2014年工作\车尾框框\1365489585_t@1620.jpg 336,296,84,75
E:\2014年工作\车尾框框\1365489585_t@1640.jpg 365,301,84,73 561,296,47,46
E:\2014年工作\车尾框框\1365489585_t@1660.jpg 407,308,89,71 596,299,46,48
E:\2014年工作\车尾框框\1365489585_t@1680.jpg 480,303,88,71 674,294,45,52
E:\2014年工作\车尾框框\1365489585_t@1720.jpg 616,323,90,77 827,319,57,56
E:\2014年工作\车尾框框\1365489585_t@1740.jpg 622,316,90,78 858,312,60,64
E:\2014年工作\车尾框框\1365489585_t@1760.jpg 607,311,90,81 876,309,66,70
E:\2014年工作\车尾框框\1365489585_t@1780.jpg 597,289,101,83 919,284,74,83
E:\2014年工作\车尾框框\1365489585_t@1800.jpg 603,295,111,88 996,282,101,106
E:\2014年工作\车尾框框\1365489585_t@1820.jpg 607,297,115,97 1115,281,131,137
E:\2014年工作\车尾框框\1365489585_t@1840.jpg 603,291,131,111
E:\2014年工作\车尾框框\1365489585_t@1860.jpg 598,291,138,111
E:\2014年工作\车尾框框\1365489585_t@1880.jpg 587,295,152,126
E:\2014年工作\车尾框框\1365489585_t@1900.jpg 572,294,162,133 771,301,74,57
E:\2014年工作\车尾框框\1365489585_t@1920.jpg 569,296,162,135 803,303,86,72
E:\2014年工作\车尾框框\1365489585_t@1940.jpg 566,295,164,136 852,306,96,78
E:\2014年工作\车尾框框\1365489585_t@1960.jpg 895,309,110,89 557,295,158,140
E:\2014年工作\车尾框框\1365489585_t@1980.jpg 561,298,152,127 955,315,137,113
E:\2014年工作\车尾框框\1365489585_t@2000.jpg 555,296,151,124 1040,320,168,139
E:\2014年工作\车尾框框\1365489585_t@2020.jpg 554,296,147,122
E:\2014年工作\车尾框框\1365489585_t@2040.jpg 558,296,141,120
E:\2014年工作\车尾框框\1365489585_t@2060.jpg 551,301,133,114 678,286,63,66
E:\2014年工作\车尾框框\1365489585_t@2080.jpg 694,278,72,76 551,297,129,110
E:\2014年工作\车尾框框\1365489585_t@2100.jpg 552,294,135,112 716,274,80,83
E:\2014年工作\车尾框框\1365489585_t@2120.jpg 553,295,137,119 749,273,85,98
E:\2014年工作\车尾框框\1365489585_t@2140.jpg 563,300,147,123 781,274,100,103
E:\2014年工作\车尾框框\1365489585_t@2160.jpg 562,293,160,132 818,265,107,118
E:\2014年工作\车尾框框\1365489585_t@2180.jpg 556,295,183,154 857,262,119,135
E:\2014年工作\车尾框框\1365489585_t@2200.jpg 540,292,221,178 891,256,144,154
E:\2014年工作\车尾框框\1365489585_t@2220.jpg 534,296,255,212 942,252,163,181
E:\2014年工作\车尾框框\1365489585_t@2240.jpg 501,289,328,267 985,243,189,212
E:\2014年工作\车尾框框\1365489585_t@2260.jpg 460,284,408,341 1032,236,208,230
E:\2014年工作\车尾框框\1365489585_t@2280.jpg 420,288,503,408
E:\2014年工作\车尾框框\1365489585_t@2300.jpg 381,289,586,425
E:\2014年工作\车尾框框\1365489585_t@2320.jpg 372,287,618,423
E:\2014年工作\车尾框框\1365489585_t@2340.jpg 373,294,614,398
E:\2014年工作\车尾框框\1365489585_t@2360.jpg 373,295,610,402
E:\2014年工作\车尾框框\1365489585_t@2380.jpg 355,297,626,404
E:\2014年工作\车尾框框\1365489585_t@2400.jpg 377,288,620,405
E:\2014年工作\车尾框框\1365489585_t@2420.jpg 355,299,624,409
E:\2014年工作\车尾框框\1365489585_t@2440.jpg 374,296,616,409
E:\2014年工作\车尾框框\1365489585_t@2460.jpg 368,294,616,414
E:\2014年工作\车尾框框\1365489585_t@2480.jpg 370,296,620,402
E:\2014年工作\车尾框框\1365489585_t@2500.jpg 373,299,622,410
E:\2014年工作\车尾框框\1365489585_t@2520.jpg 365,294,621,404
E:\2014年工作\车尾框框\1365489585_t@2540.jpg 374,295,622,413
E:\2014年工作\车尾框框\1365489585_t@2560.jpg 360,296,628,416
E:\2014年工作\车尾框框\1365489585_t@2580.jpg 368,288,619,422
E:\2014年工作\车尾框框\1365489585_t@2600.jpg 375,295,620,411
E:\2014年工作\车尾框框\1365489585_t@2620.jpg 357,296,621,410
E:\2014年工作\车尾框框\1365489585_t@2640.jpg 371,293,630,419
E:\2014年工作\车尾框框\1365489585_t@2660.jpg 368,292,622,424
E:\2014年工作\车尾框框\1365489585_t@2680.jpg 369,295,615,416
E:\2014年工作\车尾框框\1365489585_t@2700.jpg 374,295,622,413
E:\2014年工作\车尾框框\1365489585_t@2720.jpg 366,292,621,401
E:\2014年工作\车尾框框\1365489585_t@2740.jpg 369,292,623,419
E:\2014年工作\车尾框框\1365489585_t@2760.jpg 367,291,625,425
E:\2014年工作\车尾框框\1365489585_t@2780.jpg 365,294,619,412
E:\2014年工作\车尾框框\1365489585_t@2800.jpg 372,293,621,413
E:\2014年工作\车尾框框\1365489585_t@2820.jpg 371,289,615,407
E:\2014年工作\车尾框框\1365489585_t@2840.jpg 386,290,583,421
E:\2014年工作\车尾框框\1365489585_t@2860.jpg 395,295,572,409
E:\2014年工作\车尾框框\1365489585_t@2880.jpg 399,292,553,402
E:\2014年工作\车尾框框\1365489585_t@2900.jpg 418,297,524,406
E:\2014年工作\车尾框框\1365489585_t@2920.jpg 430,293,506,400
E:\2014年工作\车尾框框\1365489585_t@2940.jpg 427,293,497,384
E:\2014年工作\车尾框框\1365489585_t@2960.jpg 442,296,476,387
E:\2014年工作\车尾框框\1365489585_t@2980.jpg 434,300,484,379
E:\2014年工作\车尾框框\1365489585_t@3000.jpg 409,297,521,422
E:\2014年工作\车尾框框\1365489585_t@3020.jpg 392,294,547,415
E:\2014年工作\车尾框框\1365489585_t@3040.jpg 402,283,549,423
E:\2014年工作\车尾框框\1365489585_t@3060.jpg 405,283,516,403
E:\2014年工作\车尾框框\1365489585_t@3080.jpg 406,298,484,382
E:\2014年工作\车尾框框\1365489585_t@3100.jpg 445,312,464,367
E:\2014年工作\车尾框框\1365489585_t@3120.jpg 428,311,454,359
E:\2014年工作\车尾框框\1365489585_t@3140.jpg 385,285,442,361
E:\2014年工作\车尾框框\1365489585_t@3160.jpg 282,271,458,365
E:\2014年工作\车尾框框\1365489585_t@3180.jpg 205,306,414,355
E:\2014年工作\车尾框框\1365489585_t@3200.jpg 118,288,400,361
E:\2014年工作\车尾框框\1365489585_t@3220.jpg 89,293,370,323 514,290,142,157
E:\2014年工作\车尾框框\1365489585_t@3240.jpg 4,286,363,296 762,296,180,197
E:\2014年工作\车尾框框\1365489585_t@3280.jpg 3,293,302,237 894,306,240,224
E:\2014年工作\车尾框框\1365489585_t@3300.jpg 113,289,270,210
E:\2014年工作\车尾框框\1365489585_t@3320.jpg 262,299,240,185
E:\2014年工作\车尾框框\1365489585_t@3340.jpg 399,290,214,174
E:\2014年工作\车尾框框\1365489585_t@3360.jpg 526,294,190,165
E:\2014年工作\车尾框框\1365489585_t@3380.jpg 593,298,173,145
E:\2014年工作\车尾框框\1365489585_t@3400.jpg 621,301,165,135
E:\2014年工作\车尾框框\1365489585_t@3420.jpg 622,304,150,131
E:\2014年工作\车尾框框\1365489585_t@3440.jpg 619,302,140,115
E:\2014年工作\车尾框框\1365489585_t@3460.jpg 616,300,131,111
E:\2014年工作\车尾框框\1365489585_t@3480.jpg 624,295,123,107
E:\2014年工作\车尾框框\1365489585_t@3500.jpg 626,312,118,98
E:\2014年工作\车尾框框\1365489585_t@3520.jpg 635,303,115,89
E:\2014年工作\车尾框框\1365489585_t@3540.jpg 638,300,110,87
E:\2014年工作\车尾框框\1365489585_t@3560.jpg 640,298,98,83
E:\2014年工作\车尾框框\1365489585_t@3580.jpg 646,300,98,78
E:\2014年工作\车尾框框\1365489585_t@3600.jpg 649,296,92,77
E:\2014年工作\车尾框框\1365489585_t@3620.jpg 648,306,93,73
E:\2014年工作\车尾框框\1365489585_t@3640.jpg 650,303,88,74
E:\2014年工作\车尾框框\1365489585_t@3660.jpg 651,305,83,73
E:\2014年工作\车尾框框\1365489585_t@3680.jpg 648,302,86,72
E:\2014年工作\车尾框框\1365489585_t@3700.jpg 649,300,82,66
E:\2014年工作\车尾框框\1365489585_t@3720.jpg 651,300,77,64
E:\2014年工作\车尾框框\1365489585_t@3740.jpg 653,300,74,64
E:\2014年工作\车尾框框\1365489585_t@3760.jpg 651,302,75,61
E:\2014年工作\车尾框框\1365489585_t@3780.jpg 655,301,72,61
E:\2014年工作\车尾框框\1365489585_t@3800.jpg 661,298,72,61
E:\2014年工作\车尾框框\1365489585_t@3820.jpg 665,301,72,61
E:\2014年工作\车尾框框\1365489585_t@3840.jpg 677,299,72,58
E:\2014年工作\车尾框框\1365489585_t@3860.jpg 689,299,75,62
E:\2014年工作\车尾框框\1365489585_t@3880.jpg 840,302,78,64
E:\2014年工作\车尾框框\1365489585_t@3900.jpg 1028,309,86,74
E:\2014年工作\车尾框框\1365489585_t@3920.jpg 1003,317,92,75
E:\2014年工作\车尾框框\1365489585_t@3940.jpg 939,310,91,77
E:\2014年工作\车尾框框\1365489585_t@3960.jpg 883,306,97,79
E:\2014年工作\车尾框框\1365489585_t@3980.jpg 843,307,105,83
E:\2014年工作\车尾框框\1365489585_t@4000.jpg 843,306,112,94
E:\2014年工作\车尾框框\1365489585_t@4020.jpg 850,306,125,106
E:\2014年工作\车尾框框\1365489585_t@4040.jpg 869,304,143,117
E:\2014年工作\车尾框框\1365489585_t@4060.jpg 889,307,172,143
E:\2014年工作\车尾框框\1365489585_t@4080.jpg 916,308,188,167
E:\2014年工作\车尾框框\1365489585_t@4100.jpg 940,309,209,180
E:\2014年工作\车尾框框\1365489585_t@4120.jpg 961,320,225,180
E:\2014年工作\车尾框框\1365489585_t@4140.jpg 985,311,242,206
E:\2014年工作\车尾框框\1365489585_t@4160.jpg 1031,312,245,202
E:\2014年工作\车尾框框\1365489585_t@4300.jpg 830,287,67,68
E:\2014年工作\车尾框框\1365489585_t@4320.jpg 781,288,62,64
E:\2014年工作\车尾框框\1365489585_t@4360.jpg 716,286,63,55
E:\2014年工作\车尾框框\1365489585_t@4380.jpg 710,286,59,50
E:\2014年工作\车尾框框\1365489585_t@4440.jpg 708,285,45,38
E:\2014年工作\车尾框框\1365489585_t@4460.jpg 716,285,42,37
E:\2014年工作\车尾框框\1365489585_t@4480.jpg 721,285,42,36
E:\2014年工作\车尾框框\1365489585_t@4500.jpg 725,286,38,32
E:\2014年工作\车尾框框\1365489585_t@4520.jpg 727,287,36,30
E:\2014年工作\车尾框框\1365489585_t@4540.jpg 740,286,31,30
E:\2014年工作\车尾框框\1365489585_t@4560.jpg 738,285,31,27
E:\2014年工作\车尾框框\1365489585_t@4620.jpg 743,286,28,25
E:\2014年工作\车尾框框\1365489585_t@4660.jpg 743,287,28,22
E:\2014年工作\车尾框框\1365489585_t@4680.jpg 751,286,27,22
E:\2014年工作\车尾框框\1365489585_t@4700.jpg 751,287,24,21
E:\2014年工作\车尾框框\1365489585_t@4720.jpg 745,288,25,19
E:\2014年工作\车尾框框\1365489585_t@4740.jpg 757,287,22,19
E:\2014年工作\车尾框框\1365489585_t@4760.jpg 759,288,18,19
E:\2014年工作\车尾框框\1365489585_t@4780.jpg 753,287,20,17
E:\2014年工作\车尾框框\1365489585_t@5200.jpg 916,281,333,308
E:\2014年工作\车尾框框\1365489585_t@5220.jpg 821,268,254,244
E:\2014年工作\车尾框框\1365489585_t@5240.jpg 750,278,192,191
E:\2014年工作\车尾框框\1365489585_t@5260.jpg 722,306,154,144
E:\2014年工作\车尾框框\1365489585_t@5280.jpg 681,293,129,123
E:\2014年工作\车尾框框\1365489585_t@5300.jpg 664,279,115,108
E:\2014年工作\车尾框框\1365489585_t@5320.jpg 633,277,108,99
E:\2014年工作\车尾框框\1365489585_t@5340.jpg 622,269,98,93
E:\2014年工作\车尾框框\1365489585_t@5360.jpg 605,287,90,85
E:\2014年工作\车尾框框\1365489585_t@5380.jpg 595,283,84,81
E:\2014年工作\车尾框框\1365489585_t@5400.jpg 581,272,82,80
E:\2014年工作\车尾框框\1365489585_t@5420.jpg 594,276,80,79
E:\2014年工作\车尾框框\1365489585_t@5440.jpg 587,278,80,77 677,299,30,24
E:\2014年工作\车尾框框\1365489585_t@5460.jpg 572,280,79,75 665,301,29,23
E:\2014年工作\车尾框框\1365489585_t@5480.jpg 559,276,80,79
E:\2014年工作\车尾框框\1365489585_t@5500.jpg 549,276,84,79
E:\2014年工作\车尾框框\1365489585_t@5520.jpg 539,275,93,89
E:\2014年工作\车尾框框\1365489585_t@5540.jpg 515,268,104,97 827,263,95,110
E:\2014年工作\车尾框框\1365489585_t@5560.jpg 490,273,120,113 626,301,48,35 854,268,124,131
E:\2014年工作\车尾框框\1365489585_t@5580.jpg 446,264,143,132 633,299,51,40 899,251,154,170
E:\2014年工作\车尾框框\1365489585_t@5600.jpg 966,220,212,239 637,292,0,0 636,292,52,43 370,249,176,176
E:\2014年工作\车尾框框\1365489585_t@5620.jpg 231,237,256,232 643,297,52,43
E:\2014年工作\车尾框框\1365489585_t@5640.jpg 638,296,57,46
E:\2014年工作\车尾框框\1365489585_t@5680.jpg 633,291,61,48
E:\2014年工作\车尾框框\1365489585_t@5700.jpg 636,287,63,49
E:\2014年工作\车尾框框\1365489585_t@5740.jpg 638,300,63,48
E:\2014年工作\车尾框框\1365489585_t@5760.jpg 640,305,64,50
E:\2014年工作\车尾框框\1365489585_t@5780.jpg 599,302,65,49
E:\2014年工作\车尾框框\1365489585_t@5800.jpg 518,297,67,50
E:\2014年工作\车尾框框\1365489585_t@5820.jpg 404,290,65,53
E:\2014年工作\车尾框框\1365489585_t@5840.jpg 270,282,70,53
E:\2014年工作\车尾框框\1365489585_t@5900.jpg 946,306,279,310
E:\2014年工作\车尾框框\1365489585_t@5960.jpg 932,317,213,202 1155,326,70,56
E:\2014年工作\车尾框框\1365489585_t@5980.jpg 821,313,204,180
E:\2014年工作\车尾框框\1365489585_t@6000.jpg 718,308,199,175 1115,327,162,143
E:\2014年工作\车尾框框\1365489585_t@6020.jpg 641,303,193,165 1084,324,193,167
E:\2014年工作\车尾框框\1365489585_t@6040.jpg 614,299,183,167
E:\2014年工作\车尾框框\1365489585_t@6060.jpg 600,298,183,159 976,311,151,134
E:\2014年工作\车尾框框\1365489585_t@6080.jpg 1024,315,192,156 601,296,183,163 863,290,106,94
E:\2014年工作\车尾框框\1365489585_t@6100.jpg 884,285,117,110 593,292,197,174
E:\2014年工作\车尾框框\1365489585_t@6120.jpg 904,289,137,123 591,296,210,186
E:\2014年工作\车尾框框\1365489585_t@6140.jpg 936,285,147,145 580,293,231,199
E:\2014年工作\车尾框框\1365489585_t@6160.jpg 562,292,262,233 964,284,165,169 516,287,50,36
E:\2014年工作\车尾框框\1365489585_t@6180.jpg 508,287,52,42 546,292,292,250 991,281,187,181
E:\2014年工作\车尾框框\1365489585_t@6200.jpg 527,296,323,272 1022,281,203,194 502,286,53,40
E:\2014年工作\车尾框框\1365489585_t@6220.jpg 500,290,50,41 514,297,351,306 1049,281,225,213
E:\2014年工作\车尾框框\1365489585_t@6240.jpg 494,299,380,328 496,288,53,43
E:\2014年工作\车尾框框\1365489585_t@6260.jpg 486,297,400,338
E:\2014年工作\车尾框框\1365489585_t@6280.jpg 480,297,415,349
E:\2014年工作\车尾框框\1365489585_t@6300.jpg 469,296,432,369 485,285,55,45
E:\2014年工作\车尾框框\1365489585_t@6320.jpg 456,293,455,393 485,286,53,44
E:\2014年工作\车尾框框\1365489585_t@6340.jpg 438,292,486,414
E:\2014年工作\车尾框框\1365489585_t@6360.jpg 421,298,517,414
E:\2014年工作\车尾框框\1365489585_t@6380.jpg 400,295,552,416
E:\2014年工作\车尾框框\1365489585_t@6400.jpg 382,295,579,417
E:\2014年工作\车尾框框\1365489585_t@6420.jpg 379,295,598,421
E:\2014年工作\车尾框框\1365489585_t@6440.jpg 371,295,600,417
E:\2014年工作\车尾框框\1365489585_t@6460.jpg 397,297,568,415
E:\2014年工作\车尾框框\1365489585_t@6480.jpg 420,296,514,409
E:\2014年工作\车尾框框\1365489585_t@6500.jpg 479,289,55,45 455,306,467,388
E:\2014年工作\车尾框框\1365489585_t@6520.jpg 474,288,60,48 476,299,429,365
E:\2014年工作\车尾框框\1365489585_t@6540.jpg 486,306,402,338
E:\2014年工作\车尾框框\1365489585_t@6560.jpg 497,298,393,339
E:\2014年工作\车尾框框\1365489585_t@6580.jpg 500,299,394,336
E:\2014年工作\车尾框框\1365489585_t@6600.jpg 445,287,62,53 523,300,381,328
E:\2014年工作\车尾框框\1365489585_t@6620.jpg 560,304,360,302
E:\2014年工作\车尾框框\1365489585_t@6640.jpg 623,301,317,270
E:\2014年工作\车尾框框\1365489585_t@6660.jpg 692,306,281,237 365,291,127,108
E:\2014年工作\车尾框框\1365489585_t@6680.jpg 769,315,262,218 405,291,73,59 213,289,129,105
E:\2014年工作\车尾框框\1365489585_t@6700.jpg 392,290,79,65 864,317,257,224
E:\2014年工作\车尾框框\1365489585_t@6720.jpg 1021,315,258,236 386,285,88,68
E:\2014年工作\车尾框框\1365489585_t@6740.jpg 398,285,88,73
E:\2014年工作\车尾框框\1365489585_t@6760.jpg 430,290,91,82
E:\2014年工作\车尾框框\1365489585_t@6780.jpg 496,286,102,91
E:\2014年工作\车尾框框\1365489585_t@6800.jpg 602,289,111,97
E:\2014年工作\车尾框框\1365489585_t@6880.jpg 265,292,182,188
E:\2014年工作\车尾框框\1365489585_t@6940.jpg 131,223,453,446 615,315,230,261
E:\2014年工作\车尾框框\1365489585_t@6960.jpg 863,324,281,330
E:\2014年工作\车尾框框\1365489585_t@6980.jpg 527,302,234,224
E:\2014年工作\车尾框框\1365489585_t@7000.jpg 0,232,471,399 814,310,279,287
E:\2014年工作\车尾框框\1365489585_t@7020.jpg 127,234,463,399
E:\2014年工作\车尾框框\1365489585_t@7040.jpg 246,237,445,397 888,305,270,229
E:\2014年工作\车尾框框\1365489585_t@7060.jpg 354,243,431,387
E:\2014年工作\车尾框框\1365489585_t@7080.jpg 448,256,405,375
E:\2014年工作\车尾框框\1365489585_t@7100.jpg 487,259,396,366
E:\2014年工作\车尾框框\1365489585_t@7120.jpg 501,255,399,372
E:\2014年工作\车尾框框\1365489585_t@7140.jpg 498,250,391,360
E:\2014年工作\车尾框框\1365489585_t@7160.jpg 492,264,363,326
E:\2014年工作\车尾框框\1365489585_t@7180.jpg 499,270,329,295
E:\2014年工作\车尾框框\1365489585_t@7200.jpg 510,274,301,278
E:\2014年工作\车尾框框\1365489585_t@7220.jpg 533,273,295,271
E:\2014年工作\车尾框框\1365489585_t@7240.jpg 537,268,313,289
E:\2014年工作\车尾框框\1365489585_t@7260.jpg 526,256,352,317
E:\2014年工作\车尾框框\1365489585_t@7280.jpg 520,256,379,348
E:\2014年工作\车尾框框\1365489585_t@7300.jpg 516,257,402,367
E:\2014年工作\车尾框框\1365489585_t@7320.jpg 586,266,434,387
E:\2014年工作\车尾框框\1365489585_t@7440.jpg 1113,324,134,112
E:\2014年工作\车尾框框\1365489585_t@7460.jpg 1076,324,168,137
E:\2014年工作\车尾框框\1365489585_t@7800.jpg 1112,329,49,40
E:\2014年工作\车尾框框\1365489585_t@7820.jpg 886,315,43,33
E:\2014年工作\车尾框框\1365489585_t@7840.jpg 191,273,280,247 817,308,38,34
E:\2014年工作\车尾框框\1365489585_t@7860.jpg 751,305,35,30 329,282,200,180
E:\2014年工作\车尾框框\1365489585_t@7880.jpg 391,288,163,146 706,305,37,30
E:\2014年工作\车尾框框\1365489585_t@7900.jpg 696,296,35,26 771,300,40,35 440,281,144,127
E:\2014年工作\车尾框框\1365489585_t@7920.jpg 726,297,44,39 468,281,124,110
E:\2014年工作\车尾框框\1365489585_t@7940.jpg 486,283,112,105 697,297,47,44
E:\2014年工作\车尾框框\1365489585_t@7960.jpg 691,302,48,43 514,293,106,94
E:\2014年工作\车尾框框\1365489585_t@7980.jpg 681,299,53,46 524,290,100,93
E:\2014年工作\车尾框框\1365489585_t@8000.jpg 535,291,94,87 680,299,53,48
E:\2014年工作\车尾框框\1365489585_t@8020.jpg 534,289,88,82 671,297,56,49
E:\2014年工作\车尾框框\1365489585_t@8040.jpg 538,285,88,78 675,293,59,51
E:\2014年工作\车尾框框\1365489585_t@8060.jpg 670,295,62,58 203,204,342,330
E:\2014年工作\车尾框框\1365489585_t@8080.jpg 418,232,247,251
E:\2014年工作\车尾框框\1365489585_t@8100.jpg 519,241,208,215
E:\2014年工作\车尾框框\1365489585_t@8120.jpg 576,243,186,194
E:\2014年工作\车尾框框\1365489585_t@8140.jpg 598,252,179,180
E:\2014年工作\车尾框框\1365489585_t@8160.jpg 606,251,183,192
E:\2014年工作\车尾框框\1365489585_t@8180.jpg 598,243,192,197
E:\2014年工作\车尾框框\1365489585_t@8200.jpg 587,244,203,206
E:\2014年工作\车尾框框\1365489585_t@8220.jpg 585,248,209,209 827,283,64,77
E:\2014年工作\车尾框框\1365489585_t@8240.jpg 588,247,212,214 847,278,70,88
E:\2014年工作\车尾框框\1365489585_t@8260.jpg 865,277,87,101 579,243,234,236
E:\2014年工作\车尾框框\1365489585_t@8280.jpg 572,221,266,272 904,259,97,118
E:\2014年工作\车尾框框\1365489585_t@8300.jpg 563,216,305,308 939,259,117,148
E:\2014年工作\车尾框框\1365489585_t@8320.jpg 565,215,340,348 991,263,134,165
E:\2014年工作\车尾框框\1365489585_t@8340.jpg 551,206,372,371 1040,255,152,195
E:\2014年工作\车尾框框\1365489585_t@8360.jpg 535,197,400,404 1083,249,178,227
E:\2014年工作\车尾框框\1365489585_t@8380.jpg 524,201,415,423
E:\2014年工作\车尾框框\1365489585_t@8400.jpg 510,208,416,404
E:\2014年工作\车尾框框\1365489585_t@8420.jpg 503,202,412,408
E:\2014年工作\车尾框框\1365489585_t@8440.jpg 490,205,418,423
E:\2014年工作\车尾框框\1365489585_t@8460.jpg 465,183,457,455
E:\2014年工作\车尾框框\1365489585_t@8480.jpg 435,167,504,494
E:\2014年工作\车尾框框\1365489585_t@8500.jpg 425,178,508,490
E:\2014年工作\车尾框框\1365489585_t@8520.jpg 426,187,494,481
E:\2014年工作\车尾框框\1365489585_t@8540.jpg 461,197,425,424
E:\2014年工作\车尾框框\1365489585_t@8560.jpg 494,213,356,352
E:\2014年工作\车尾框框\1365489585_t@8580.jpg 508,228,315,319
E:\2014年工作\车尾框框\1365489585_t@8600.jpg 519,240,291,290 822,297,60,69
E:\2014年工作\车尾框框\1365489585_t@8620.jpg 525,242,272,274 881,294,56,73
E:\2014年工作\车尾框框\1365489585_t@8640.jpg 536,235,258,262
E:\2014年工作\车尾框框\1365489585_t@8660.jpg 1088,299,54,80 539,243,259,256
E:\2014年工作\车尾框框\1365489585_t@8680.jpg 841,306,83,81 525,240,269,265
E:\2014年工作\车尾框框\1365489585_t@8700.jpg 515,227,286,286 947,306,78,84
E:\2014年工作\车尾框框\1365489585_t@8720.jpg 513,218,314,324 1115,310,85,93
E:\2014年工作\车尾框框\1365489585_t@8740.jpg 523,211,353,350 860,295,145,139
E:\2014年工作\车尾框框\1365489585_t@8760.jpg 1031,304,148,147 564,203,383,384
E:\2014年工作\车尾框框\1365489585_t@8780.jpg 634,203,401,403
E:\2014年工作\车尾框框\1365489585_t@8800.jpg 692,211,413,417
E:\2014年工作\车尾框框\1365489585_t@8820.jpg 725,218,424,426
E:\2014年工作\车尾框框\1365489585_t@8840.jpg 779,218,462,462
E:\2014年工作\车尾框框\1365489585_t@8940.jpg 682,222,99,142
E:\2014年工作\车尾框框\1365489585_t@8960.jpg 531,231,94,133 928,281,210,212
E:\2014年工作\车尾框框\1365489585_t@8980.jpg 795,284,161,164 1115,342,113,96 1014,336,70,51
E:\2014年工作\车尾框框\1365489585_t@9000.jpg 1020,334,99,80 888,324,60,47 725,283,133,139
