E:\2014年工作\车尾框框\1365488022_t@0.jpg 200,277,174,132 515,286,82,62 682,290,49,41 139,255,81,81
E:\2014年工作\车尾框框\1365488022_t@20.jpg 56,245,90,87 127,274,197,152 488,281,84,67 658,287,54,42
E:\2014年工作\车尾框框\1365488022_t@40.jpg 68,271,241,177 496,280,82,68 667,286,55,43 368,276,67,56
E:\2014年工作\车尾框框\1365488022_t@60.jpg 0,271,267,208 363,283,73,59 498,288,88,68 675,292,58,41
E:\2014年工作\车尾框框\1365488022_t@80.jpg 352,286,78,60 499,292,91,70 680,298,52,45 853,304,35,35
E:\2014年工作\车尾框框\1365488022_t@100.jpg 345,281,82,68 501,288,91,70 680,296,61,47 843,301,43,35 970,306,62,51
E:\2014年工作\车尾框框\1365488022_t@120.jpg 313,283,84,70 490,289,89,68 674,295,55,48 821,302,39,34 943,309,65,49
E:\2014年工作\车尾框框\1365488022_t@140.jpg 280,287,92,71 473,294,102,73 663,302,63,50 802,309,39,33 922,315,67,52
E:\2014年工作\车尾框框\1365488022_t@160.jpg 98,272,89,76 263,284,88,78 479,293,99,77 628,295,45,38 676,298,59,50 800,304,42,36 912,311,72,52
E:\2014年工作\车尾框框\1365488022_t@180.jpg 34,270,99,76 200,282,100,77 456,292,93,71 656,299,61,52 774,301,40,39 879,309,71,51
E:\2014年工作\车尾框框\1365488022_t@200.jpg 1,271,110,82 166,282,116,93 460,288,90,87 668,299,63,52 778,303,44,36 885,308,65,59
E:\2014年工作\车尾框框\1365488022_t@220.jpg 79,259,121,90 246,265,64,51 410,275,97,84 636,290,63,52 841,302,66,57 737,292,45,39
E:\2014年工作\车尾框框\1365488022_t@240.jpg 186,267,72,56 344,279,103,77 596,288,65,54 789,299,70,55 691,290,45,39
E:\2014年工作\车尾框框\1365488022_t@260.jpg 219,279,71,57 369,287,107,76 631,292,72,56 815,299,70,59 501,280,38,41 726,296,48,39
E:\2014年工作\车尾框框\1365488022_t@280.jpg 228,277,67,52 381,283,107,83 648,294,68,57 735,297,48,41 812,303,79,62
E:\2014年工作\车尾框框\1365488022_t@300.jpg 203,278,76,57 361,290,112,85 634,301,66,57 788,308,80,65 713,302,47,43
E:\2014年工作\车尾框框\1365488022_t@320.jpg 208,277,70,51 364,286,104,79 635,296,78,59 789,299,86,65
E:\2014年工作\车尾框框\1365488022_t@340.jpg 186,268,71,58 329,278,109,86 611,292,74,65 769,299,83,71
E:\2014年工作\车尾框框\1365488022_t@360.jpg 204,273,69,61 340,283,115,90 621,291,78,69 794,301,81,64
E:\2014年工作\车尾框框\1365488022_t@380.jpg 217,281,74,59 349,290,113,86 629,299,83,69 793,302,96,73
E:\2014年工作\车尾框框\1365488022_t@400.jpg 214,276,73,57 332,284,116,98 615,294,81,71 795,301,86,73
E:\2014年工作\车尾框框\1365488022_t@420.jpg 213,275,75,53 321,281,116,101 603,294,90,73 782,298,92,76
E:\2014年工作\车尾框框\1365488022_t@440.jpg 230,275,73,58 321,282,127,90 607,292,93,79 785,299,88,74
E:\2014年工作\车尾框框\1365488022_t@460.jpg 248,274,62,65 320,285,133,102 603,295,107,79 779,301,93,73
E:\2014年工作\车尾框框\1365488022_t@480.jpg 311,274,130,100 588,286,114,92 774,290,86,73
E:\2014年工作\车尾框框\1365488022_t@500.jpg 324,281,132,109 595,296,124,101 778,301,89,76
E:\2014年工作\车尾框框\1365488022_t@520.jpg 327,291,132,109 596,304,134,107 779,305,84,81
E:\2014年工作\车尾框框\1365488022_t@540.jpg 313,277,130,116
E:\2014年工作\车尾框框\1365488022_t@520.jpg 327,295,135,104 600,304,126,103 779,304,83,69
E:\2014年工作\车尾框框\1365488022_t@540.jpg 310,278,136,107 582,284,138,118
E:\2014年工作\车尾框框\1365488022_t@560.jpg 593,289,152,127 318,275,133,117
E:\2014年工作\车尾框框\1365488022_t@580.jpg 317,284,133,113 590,297,160,132
E:\2014年工作\车尾框框\1365488022_t@600.jpg 312,283,129,119 587,293,169,158 529,289,74,62
E:\2014年工作\车尾框框\1365488022_t@620.jpg 319,279,131,112 524,287,78,59 593,288,176,155
E:\2014年工作\车尾框框\1365488022_t@640.jpg 317,278,135,111 517,285,79,64 585,293,189,161 5,269,126,108
E:\2014年工作\车尾框框\1365488022_t@660.jpg 28,272,137,107 326,282,127,114 586,295,191,163 868,300,52,41 515,287,80,62
E:\2014年工作\车尾框框\1365488022_t@680.jpg 48,268,132,104 312,276,131,101 505,285,76,63 572,296,196,161 820,302,51,39
E:\2014年工作\车尾框框\1365488022_t@700.jpg 96,282,122,103 332,291,130,100 515,297,78,62 587,307,194,165 814,311,51,44 1037,297,52,51
E:\2014年工作\车尾框框\1365488022_t@720.jpg 129,263,126,98 335,267,135,105 527,272,77,64 597,282,204,175 1033,273,50,49 799,283,57,47
E:\2014年工作\车尾框框\1365488022_t@740.jpg 158,276,122,88 325,276,149,107 529,282,79,67 595,293,212,165 791,293,50,46
E:\2014年工作\车尾框框\1365488022_t@760.jpg 206,278,114,90 333,281,147,110 545,290,77,67 616,300,206,165
E:\2014年工作\车尾框框\1365488022_t@780.jpg 23,260,113,109 281,290,93,85 371,295,132,112 575,297,83,68 663,303,207,173
E:\2014年工作\车尾框框\1365488022_t@800.jpg 161,270,96,92 419,299,132,110 621,299,81,65 742,307,208,174
E:\2014年工作\车尾框框\1365488022_t@820.jpg 236,259,94,93 426,290,135,110 632,288,80,69 788,307,211,188
E:\2014年工作\车尾框框\1365488022_t@840.jpg 309,267,89,80 431,286,145,114 656,288,86,69 848,310,218,175
E:\2014年工作\车尾框框\1365488022_t@860.jpg 373,266,70,71 441,284,145,119 617,280,62,57 681,289,92,72 922,313,238,203
E:\2014年工作\车尾框框\1365488022_t@880.jpg 438,292,138,109 706,301,94,74 1022,319,251,218
E:\2014年工作\车尾框框\1365488022_t@900.jpg 390,280,141,113 693,294,97,86
E:\2014年工作\车尾框框\1365488022_t@920.jpg 371,295,145,115 701,305,98,84 534,303,73,61 866,312,57,52
E:\2014年工作\车尾框框\1365488022_t@940.jpg 347,300,145,110 539,309,69,61 694,312,108,95 854,319,62,57 1004,326,162,132
E:\2014年工作\车尾框框\1365488022_t@960.jpg 309,280,146,108 525,287,71,58 673,293,121,105 834,302,60,60 1034,309,192,159
E:\2014年工作\车尾框框\1365488022_t@980.jpg 307,282,132,113 545,293,68,56 679,296,130,109 835,299,65,59
E:\2014年工作\车尾框框\1365488022_t@1000.jpg 288,281,126,105 472,281,54,49 543,293,66,58 664,297,140,115 824,304,59,53
E:\2014年工作\车尾框框\1365488022_t@1020.jpg 295,276,124,94 484,276,55,50 556,288,64,54 670,291,147,125 824,295,61,55
E:\2014年工作\车尾框框\1365488022_t@1040.jpg 275,281,109,84 539,293,68,57 639,295,161,132 793,301,55,53
E:\2014年工作\车尾框框\1365488022_t@1060.jpg 288,285,107,83 546,294,64,53 641,298,171,143
E:\2014年工作\车尾框框\1365488022_t@1080.jpg 350,296,98,70 597,306,61,54 685,307,180,155
E:\2014年工作\车尾框框\1365488022_t@1100.jpg 423,290,93,67 649,301,65,49 762,304,201,162
E:\2014年工作\车尾框框\1365488022_t@1120.jpg 487,295,89,64 699,305,64,51 862,307,224,190 780,298,54,50
E:\2014年工作\车尾框框\1365488022_t@1140.jpg 531,294,79,64 731,301,58,52 960,310,260,222 800,296,55,52
E:\2014年工作\车尾框框\1365488022_t@1160.jpg 9,281,482,385 575,294,78,62 759,304,65,52 826,297,54,51 974,308,61,54
E:\2014年工作\车尾框框\1365488022_t@1180.jpg 176,280,437,358 764,299,60,55 975,307,58,56
E:\2014年工作\车尾框框\1365488022_t@1200.jpg 316,291,404,342 767,304,59,53 964,310,59,54 1169,303,44,48
E:\2014年工作\车尾框框\1365488022_t@1220.jpg 421,295,361,298 962,309,59,53 1165,302,46,54
E:\2014年工作\车尾框框\1365488022_t@1240.jpg 489,285,318,277 935,300,66,57
E:\2014年工作\车尾框框\1365488022_t@1260.jpg 460,299,103,79 533,298,288,239 923,311,70,51 1143,304,41,44
E:\2014年工作\车尾框框\1365488022_t@1280.jpg 478,294,92,81 550,299,264,217 923,306,60,54 1127,300,48,43
E:\2014年工作\车尾框框\1365488022_t@1300.jpg 566,291,247,207 937,301,57,51 503,291,88,74
E:\2014年工作\车尾框框\1365488022_t@1320.jpg 515,299,80,67 569,297,253,208 936,312,59,49
E:\2014年工作\车尾框框\1365488022_t@1340.jpg 48,262,251,210 584,293,234,198 940,304,57,52
E:\2014年工作\车尾框框\1365488022_t@1360.jpg 153,275,212,178 529,296,74,56 596,298,224,186 934,310,58,50
E:\2014年工作\车尾框框\1365488022_t@1380.jpg 227,279,183,148 535,296,68,56 603,301,210,173 922,308,62,47
E:\2014年工作\车尾框框\1365488022_t@1400.jpg 274,274,154,137 536,293,64,48 608,299,199,164 795,305,59,51 910,307,60,51
E:\2014年工作\车尾框框\1365488022_t@1420.jpg 314,278,143,121 538,290,61,52 608,296,185,153 791,298,62,56 905,300,61,56
E:\2014年工作\车尾框框\1365488022_t@1440.jpg 603,295,175,148 792,300,67,54 912,300,61,53 348,280,129,110
E:\2014年工作\车尾框框\1365488022_t@1460.jpg 383,284,123,101 567,296,54,43 616,300,172,148 805,306,68,58 928,305,65,59
E:\2014年工作\车尾框框\1365488022_t@1480.jpg 403,286,112,101 580,295,51,47 623,301,170,141 817,305,64,56 941,303,71,59 1164,292,51,45
E:\2014年工作\车尾框框\1365488022_t@1500.jpg 416,282,108,95 581,288,50,44 631,295,167,141 819,299,70,60 953,300,69,60 1187,286,53,52
E:\2014年工作\车尾框框\1365488022_t@1520.jpg 432,280,106,90 638,291,172,147 827,298,73,57 978,298,77,65 589,287,53,44 1206,284,60,59
E:\2014年工作\车尾框框\1365488022_t@1540.jpg 431,285,102,87 581,292,52,42 635,297,164,146 823,304,74,63 1001,310,76,66
E:\2014年工作\车尾框框\1365488022_t@1560.jpg 1027,304,81,76 829,300,69,63 633,290,171,149 582,288,53,41
E:\2014年工作\车尾框框\1365488022_t@1560.jpg 440,280,94,81 628,294,172,145 825,300,74,63 1023,304,86,75
E:\2014年工作\车尾框框\1365488022_t@1580.jpg 449,281,90,82 613,295,168,147 829,299,73,66 1042,306,94,71
E:\2014年工作\车尾框框\1365488022_t@1600.jpg 454,283,89,80 583,295,172,146 825,306,85,64 1047,307,99,79
E:\2014年工作\车尾框框\1365488022_t@1620.jpg 487,284,79,74 575,296,163,142 850,303,90,73 1079,304,111,88
E:\2014年工作\车尾框框\1365488022_t@1640.jpg 546,297,170,146 871,309,91,80 1114,313,112,96
E:\2014年工作\车尾框框\1365488022_t@1660.jpg 495,285,174,138 682,276,75,86 859,305,109,88 1125,311,128,103
E:\2014年工作\车尾框框\1365488022_t@1680.jpg 453,292,176,149 667,280,81,89 886,306,103,91 1154,315,124,110 801,293,73,63
E:\2014年工作\车尾框框\1365488022_t@1700.jpg 421,284,181,151 674,277,82,91 807,286,78,77 917,305,111,101
E:\2014年工作\车尾框框\1365488022_t@1720.jpg 389,286,185,150 674,274,91,98 812,285,84,78 945,302,121,112
E:\2014年工作\车尾框框\1365488022_t@1740.jpg 345,278,198,164 672,268,103,113 811,282,90,83 965,305,139,120
E:\2014年工作\车尾框框\1365488022_t@1760.jpg 317,275,189,157 665,269,110,117 808,285,87,84 987,309,151,138 533,284,78,70
E:\2014年工作\车尾框框\1365488022_t@1780.jpg 315,276,192,158 552,280,82,74 672,267,120,133 817,280,92,96 1012,308,175,151
E:\2014年工作\车尾框框\1365488022_t@1800.jpg 1028,304,176,151 809,278,95,95 651,262,128,131 558,281,73,65 315,273,175,156
E:\2014年工作\车尾框框\1365488022_t@1820.jpg 331,278,168,145 644,260,135,152 806,280,105,103 1034,308,198,161
E:\2014年工作\车尾框框\1365488022_t@1840.jpg 365,278,152,124 641,259,142,159 821,279,98,98 1058,311,198,174
E:\2014年工作\车尾框框\1365488022_t@1860.jpg 393,284,135,109 630,259,142,161 820,285,98,98 1060,311,193,160
E:\2014年工作\车尾框框\1365488022_t@1880.jpg 423,285,122,103 622,262,153,168 823,287,101,97 1081,319,180,148
E:\2014年工作\车尾框框\1365488022_t@1900.jpg 855,285,102,98 643,262,162,172 474,286,114,96
E:\2014年工作\车尾框框\1365488022_t@1920.jpg 873,291,105,96 653,265,174,183 515,292,115,88
E:\2014年工作\车尾框框\1365488022_t@1940.jpg 576,298,103,85 684,258,192,210 904,293,111,101
E:\2014年工作\车尾框框\1365488022_t@1960.jpg 648,299,89,81 741,256,216,222 958,290,111,105
E:\2014年工作\车尾框框\1365488022_t@1980.jpg 706,304,93,79 812,252,254,257
E:\2014年工作\车尾框框\1365488022_t@2000.jpg 777,306,90,80 938,243,320,322 727,308,48,36
E:\2014年工作\车尾框框\1365488022_t@2020.jpg 806,310,94,76 912,308,45,47 727,308,48,41
E:\2014年工作\车尾框框\1365488022_t@2040.jpg 720,306,49,40 830,308,93,78
E:\2014年工作\车尾框框\1365488022_t@2060.jpg 825,308,92,78 700,306,49,40 1133,298,138,132
E:\2014年工作\车尾框框\1365488022_t@2080.jpg 830,307,95,76 694,306,49,42
E:\2014年工作\车尾框框\1365488022_t@2100.jpg 691,305,50,40 784,306,47,35 831,307,100,70
E:\2014年工作\车尾框框\1365488022_t@2120.jpg 693,305,52,44 850,305,87,77 787,304,44,42
E:\2014年工作\车尾框框\1365488022_t@2140.jpg 851,315,94,81 689,309,55,44
E:\2014年工作\车尾框框\1365488022_t@2160.jpg 816,301,92,80 656,296,50,45
E:\2014年工作\车尾框框\1365488022_t@2180.jpg 626,297,53,49 782,299,97,77
E:\2014年工作\车尾框框\1365488022_t@2200.jpg 598,305,58,50 757,306,104,85
E:\2014年工作\车尾框框\1365488022_t@2220.jpg 592,300,64,50 753,299,105,90
E:\2014年工作\车尾框框\1365488022_t@2240.jpg 589,305,66,58 746,304,107,88
E:\2014年工作\车尾框框\1365488022_t@2260.jpg 566,298,67,55 719,302,112,88
E:\2014年工作\车尾框框\1365488022_t@2280.jpg 555,290,73,63 707,293,121,103
E:\2014年工作\车尾框框\1365488022_t@2300.jpg 548,294,71,63 705,296,120,101
E:\2014年工作\车尾框框\1365488022_t@2320.jpg 543,298,76,60 702,296,126,108
E:\2014年工作\车尾框框\1365488022_t@2340.jpg 533,291,77,72 697,296,128,112
E:\2014年工作\车尾框框\1365488022_t@2360.jpg 525,292,84,69 699,292,130,117
E:\2014年工作\车尾框框\1365488022_t@2380.jpg 523,295,83,74 707,296,132,116
E:\2014年工作\车尾框框\1365488022_t@2400.jpg 509,296,87,76 697,301,144,119
E:\2014年工作\车尾框框\1365488022_t@2420.jpg 501,287,92,76 700,291,138,119
E:\2014年工作\车尾框框\1365488022_t@2440.jpg 499,289,88,76 710,295,131,110
E:\2014年工作\车尾框框\1365488022_t@2460.jpg 487,296,89,86 599,299,53,42 703,304,133,114
E:\2014年工作\车尾框框\1365488022_t@2480.jpg 482,295,96,82 603,302,56,47 706,302,131,112
E:\2014年工作\车尾框框\1365488022_t@2500.jpg 483,292,98,87 613,298,54,45 709,298,141,115
E:\2014年工作\车尾框框\1365488022_t@2520.jpg 455,298,106,90 597,301,63,49 703,305,138,113
E:\2014年工作\车尾框框\1365488022_t@2540.jpg 438,294,115,98 595,300,59,49 700,305,135,116
E:\2014年工作\车尾框框\1365488022_t@2560.jpg 414,289,119,100 583,293,61,49 699,295,135,121
E:\2014年工作\车尾框框\1365488022_t@2580.jpg 388,288,137,103 576,289,71,50 698,294,144,115
E:\2014年工作\车尾框框\1365488022_t@2600.jpg 344,290,150,122 572,293,71,50 695,299,142,120
E:\2014年工作\车尾框框\1365488022_t@2620.jpg 285,281,166,139 560,286,69,55 687,293,151,131
E:\2014年工作\车尾框框\1365488022_t@2640.jpg 549,285,73,53 221,281,197,167 678,292,156,126
E:\2014年工作\车尾框框\1365488022_t@2660.jpg 137,278,231,177 541,281,76,59 675,286,152,137
E:\2014年工作\车尾框框\1365488022_t@2680.jpg 42,282,272,203 531,283,76,62 668,289,158,137
E:\2014年工作\车尾框框\1365488022_t@2700.jpg 529,285,76,61 671,291,154,130
E:\2014年工作\车尾框框\1365488022_t@2720.jpg 509,282,80,64 657,290,154,132
E:\2014年工作\车尾框框\1365488022_t@2740.jpg 497,281,81,65 639,291,157,137
E:\2014年工作\车尾框框\1365488022_t@2760.jpg 498,284,86,69 634,291,162,134 794,279,59,69
E:\2014年工作\车尾框框\1365488022_t@2780.jpg 495,284,87,66 625,291,158,136 787,276,64,74
E:\2014年工作\车尾框框\1365488022_t@2800.jpg 502,280,91,74 626,287,157,137 797,271,63,77
E:\2014年工作\车尾框框\1365488022_t@2820.jpg 500,284,87,68 622,291,157,138 791,275,59,74
E:\2014年工作\车尾框框\1365488022_t@2840.jpg 512,285,91,67 635,288,152,127 799,277,60,73
E:\2014年工作\车尾框框\1365488022_t@2860.jpg 505,290,91,71 634,294,155,122 798,282,55,74
E:\2014年工作\车尾框框\1365488022_t@2880.jpg 502,288,87,73 644,295,150,130 791,281,56,77
E:\2014年工作\车尾框框\1365488022_t@2900.jpg 501,280,92,73 645,289,155,129 789,273,57,73
E:\2014年工作\车尾框框\1365488022_t@2920.jpg 511,280,95,70 659,290,153,134 797,274,60,70
E:\2014年工作\车尾框框\1365488022_t@2940.jpg 523,285,89,69 667,290,151,132 807,279,57,73
E:\2014年工作\车尾框框\1365488022_t@2960.jpg 517,284,90,72 659,289,158,132 804,277,53,70
E:\2014年工作\车尾框框\1365488022_t@2980.jpg 510,291,95,72 661,296,156,135
E:\2014年工作\车尾框框\1365488022_t@3000.jpg 522,285,86,70 677,291,154,132
E:\2014年工作\车尾框框\1365488022_t@3020.jpg 510,286,92,67 673,294,149,129
E:\2014年工作\车尾框框\1365488022_t@3040.jpg 509,288,93,73 678,293,153,129
E:\2014年工作\车尾框框\1365488022_t@3060.jpg 515,289,91,75 690,293,158,138
E:\2014年工作\车尾框框\1365488022_t@3080.jpg 499,289,98,74 675,292,155,135 883,301,42,43
E:\2014年工作\车尾框框\1365488022_t@3100.jpg 487,288,102,77 666,296,155,138 884,302,48,47
E:\2014年工作\车尾框框\1365488022_t@3120.jpg 499,286,98,80 675,291,157,135 895,301,51,45
E:\2014年工作\车尾框框\1365488022_t@3140.jpg 493,292,102,76 667,298,156,136 893,304,57,46
E:\2014年工作\车尾框框\1365488022_t@3160.jpg 504,292,95,78 673,301,155,133 900,307,58,47
E:\2014年工作\车尾框框\1365488022_t@3180.jpg 512,289,103,83 681,295,162,135 922,299,50,52
E:\2014年工作\车尾框框\1365488022_t@3200.jpg 507,291,102,84 675,298,161,136 915,305,56,53
E:\2014年工作\车尾框框\1365488022_t@3220.jpg 500,288,103,84 665,292,157,140 921,300,53,49 824,285,53,66
E:\2014年工作\车尾框框\1365488022_t@3240.jpg 490,289,113,80 659,294,163,139 822,286,55,71 920,299,63,55
E:\2014年工作\车尾框框\1365488022_t@3260.jpg 481,286,111,89 656,288,164,147 821,283,57,65 922,298,63,52
E:\2014年工作\车尾框框\1365488022_t@3280.jpg 470,288,119,88 658,291,158,141 816,283,58,70 925,301,58,51
E:\2014年工作\车尾框框\1365488022_t@3300.jpg 476,292,113,88 668,298,152,131 821,289,53,67 934,303,57,58
E:\2014年工作\车尾框框\1365488022_t@3320.jpg 470,289,113,96 673,297,152,135 824,288,52,68 936,301,55,60 1023,306,55,47
E:\2014年工作\车尾框框\1365488022_t@3360.jpg 459,286,119,96 686,292,144,125 924,295,65,60 1191,308,63,60
E:\2014年工作\车尾框框\1365488022_t@3380.jpg 929,297,57,56 807,282,57,67 675,294,147,125 449,290,117,96
E:\2014年工作\车尾框框\1365488022_t@3400.jpg 446,282,114,96 675,290,139,119 929,295,59,58
E:\2014年工作\车尾框框\1365488022_t@3420.jpg 452,286,117,96 684,293,135,113 811,281,54,68 929,293,69,56
E:\2014年工作\车尾框框\1365488022_t@3440.jpg 462,289,122,93 691,296,129,109 815,282,51,70 944,298,60,58
E:\2014年工作\车尾框框\1365488022_t@3460.jpg 461,291,115,97 694,297,123,102 815,285,54,66 942,297,60,59
E:\2014年工作\车尾框框\1365488022_t@3480.jpg 458,294,108,94 694,300,116,104 810,288,55,70 939,301,56,61
E:\2014年工作\车尾框框\1365488022_t@3500.jpg 446,290,117,97 688,295,111,101 926,297,59,61 801,283,59,74
E:\2014年工作\车尾框框\1365488022_t@3520.jpg 428,290,113,101 674,295,108,100 918,299,62,64 789,282,59,75
E:\2014年工作\车尾框框\1365488022_t@3540.jpg 406,291,120,98 654,298,107,98 782,284,61,78 915,298,66,69
E:\2014年工作\车尾框框\1365488022_t@3560.jpg 396,290,133,98 641,296,110,95 785,284,67,78 935,302,60,63
E:\2014年工作\车尾框框\1365488022_t@3580.jpg 395,287,127,101 639,295,109,92 799,281,61,82 952,301,64,64 1026,299,62,55
E:\2014年工作\车尾框框\1365488022_t@3600.jpg 392,288,139,109 632,296,112,93 805,282,73,86 967,302,78,73 1174,307,95,78
E:\2014年工作\车尾框框\1365488022_t@3620.jpg 377,290,145,119 635,296,115,108 823,285,74,90 990,306,82,77
E:\2014年工作\车尾框框\1365488022_t@3640.jpg 351,274,153,125 635,286,123,113 831,275,80,94 1018,297,81,86
E:\2014年工作\车尾框框\1365488022_t@3660.jpg 316,275,170,134 649,286,138,119 854,271,78,107 1048,294,85,91
E:\2014年工作\车尾框框\1365488022_t@3680.jpg 289,280,179,140 672,292,153,133 856,278,85,103 1066,306,95,88
E:\2014年工作\车尾框框\1365488022_t@3700.jpg 264,281,192,147 727,293,168,145 1087,301,91,102
E:\2014年工作\车尾框框\1365488022_t@3720.jpg 259,288,198,157 514,274,68,85 635,288,47,65 823,311,203,167 1118,318,96,103
E:\2014年工作\车尾框框\1365488022_t@3740.jpg 964,312,239,216 778,307,62,56 631,280,49,67 512,268,63,86 229,282,211,172
E:\2014年工作\车尾框框\1365488022_t@3760.jpg 885,279,99,125 789,302,67,61 637,277,55,71 506,263,73,85 187,274,230,179
E:\2014年工作\车尾框框\1365488022_t@3780.jpg 124,282,258,188 505,268,72,88 639,279,54,74 799,305,66,62 903,279,112,147 1053,310,69,71
E:\2014年工作\车尾框框\1365488022_t@3800.jpg 21,278,315,226 509,265,72,99 646,276,57,77 811,303,79,74 940,278,124,158
E:\2014年工作\车尾框框\1365488022_t@3820.jpg 511,262,78,94 657,270,63,78 832,296,85,77 1001,259,160,194 1174,297,86,81
E:\2014年工作\车尾框框\1365488022_t@3840.jpg 504,261,83,98 659,270,63,89 860,298,98,88 770,298,45,38
E:\2014年工作\车尾框框\1365488022_t@3860.jpg 479,262,85,110 641,273,72,94 878,305,111,104 765,304,46,40
E:\2014年工作\车尾框框\1365488022_t@3880.jpg 459,254,94,112 635,268,75,100 906,303,136,129 768,300,44,42
E:\2014年工作\车尾框框\1365488022_t@3900.jpg 452,261,96,118 634,270,82,109 775,304,47,40 950,307,165,140
E:\2014年工作\车尾框框\1365488022_t@3920.jpg 442,254,103,124 634,262,90,116 1007,306,191,170 775,299,51,43
E:\2014年工作\车尾框框\1365488022_t@3940.jpg 1069,308,210,204 794,306,49,41 652,266,91,126 456,261,100,123 955,309,67,56
E:\2014年工作\车尾框框\1365488022_t@3960.jpg 964,315,64,58 793,307,54,42 656,268,95,129 461,261,100,122
E:\2014年工作\车尾框框\1365488022_t@3980.jpg 477,257,100,121 671,261,107,141 983,308,71,60 810,304,52,44
E:\2014年工作\车尾框框\1365488022_t@4000.jpg 475,264,96,118 666,264,111,141 983,315,65,60 805,309,55,45
E:\2014年工作\车尾框框\1365488022_t@4020.jpg 473,262,100,120 663,262,114,148 807,307,51,45 971,312,77,58
E:\2014年工作\车尾框框\1365488022_t@4040.jpg 478,263,93,112 659,261,117,153 803,304,55,47 968,309,73,62
E:\2014年工作\车尾框框\1365488022_t@4060.jpg 481,258,92,115 660,258,113,155 804,303,57,48 958,308,73,60
E:\2014年工作\车尾框框\1365488022_t@4080.jpg 502,261,86,112 669,256,122,162 818,303,55,48 969,308,71,61
E:\2014年工作\车尾框框\1365488022_t@4100.jpg 500,266,88,107 658,257,123,168 814,307,54,50 958,313,72,58
E:\2014年工作\车尾框框\1365488022_t@4120.jpg 511,270,84,102 653,259,126,164 811,309,57,50 966,316,67,56
E:\2014年工作\车尾框框\1365488022_t@4140.jpg 515,270,81,108 645,258,127,171 814,310,59,47 968,314,67,55
E:\2014年工作\车尾框框\1365488022_t@4160.jpg 500,265,82,105 624,250,130,175 802,305,59,50 951,309,65,56
E:\2014年工作\车尾框框\1365488022_t@4180.jpg 502,261,84,104 620,248,133,176 803,299,62,52 945,304,71,56
E:\2014年工作\车尾框框\1365488022_t@4200.jpg 501,266,80,104 617,248,135,184 807,302,62,55 940,308,69,55
E:\2014年工作\车尾框框\1365488022_t@4220.jpg 483,270,86,99 606,253,136,180 797,310,66,56 916,312,74,59
E:\2014年工作\车尾框框\1365488022_t@4240.jpg 444,267,81,105 561,251,138,191 760,309,66,58 875,313,68,54
E:\2014年工作\车尾框框\1365488022_t@4260.jpg 415,259,89,112 523,244,137,192 748,302,63,59 862,306,64,57
E:\2014年工作\车尾框框\1365488022_t@4280.jpg 359,252,88,120 448,236,153,205 705,299,75,66 831,307,68,57
E:\2014年工作\车尾框框\1365488022_t@4300.jpg 370,232,168,216 686,300,77,67 820,303,64,58
E:\2014年工作\车尾框框\1365488022_t@4320.jpg 300,222,180,229 684,287,76,69 823,290,63,59
E:\2014年工作\车尾框框\1365488022_t@4340.jpg 217,216,206,244 683,287,83,66 821,289,67,53
E:\2014年工作\车尾框框\1365488022_t@4360.jpg 134,204,225,277 683,289,84,71 825,292,68,56
E:\2014年工作\车尾框框\1365488022_t@4380.jpg 49,178,251,321 674,288,94,85 817,291,68,60
E:\2014年工作\车尾框框\1365488022_t@4400.jpg 3,179,269,339 689,290,102,82 827,293,74,57
E:\2014年工作\车尾框框\1365488022_t@4420.jpg 685,288,104,94 828,287,67,61
E:\2014年工作\车尾框框\1365488022_t@4460.jpg 685,290,118,105
E:\2014年工作\车尾框框\1365488022_t@4480.jpg 652,289,129,114 804,295,67,59 540,276,69,59 458,258,60,62
E:\2014年工作\车尾框框\1365488022_t@4500.jpg 431,257,65,67 518,278,68,53 625,286,137,121 785,290,73,60
E:\2014年工作\车尾框框\1365488022_t@4520.jpg 409,260,63,66 498,278,68,55 597,289,139,125 784,293,62,52
E:\2014年工作\车尾框框\1365488022_t@4540.jpg 334,257,76,73 430,278,67,66 496,288,157,143 717,292,77,66
E:\2014年工作\车尾框框\1365488022_t@4560.jpg 292,249,74,76 431,279,169,152 701,285,73,68
E:\2014年工作\车尾框框\1365488022_t@4580.jpg 253,258,83,79 347,287,200,162 693,288,69,64
E:\2014年工作\车尾框框\1365488022_t@4600.jpg 197,248,80,86 243,278,228,183 678,279,69,62
E:\2014年工作\车尾框框\1365488022_t@4620.jpg 111,281,288,212 675,288,72,67 464,285,55,45
E:\2014年工作\车尾框框\1365488022_t@4640.jpg 453,292,67,44 667,292,75,66
E:\2014年工作\车尾框框\1365488022_t@4660.jpg 438,300,63,50 656,305,80,65
E:\2014年工作\车尾框框\1365488022_t@4680.jpg 409,301,65,51 641,307,78,65
E:\2014年工作\车尾框框\1365488022_t@4700.jpg 385,285,71,56 636,292,75,71
E:\2014年工作\车尾框框\1365488022_t@4720.jpg 354,296,75,60 632,304,81,69
E:\2014年工作\车尾框框\1365488022_t@4740.jpg 320,302,79,65 640,311,79,71
E:\2014年工作\车尾框框\1365488022_t@4760.jpg 278,291,84,70 652,301,81,73
E:\2014年工作\车尾框框\1365488022_t@4780.jpg 232,288,95,79 660,302,84,71
E:\2014年工作\车尾框框\1365488022_t@4800.jpg 205,291,105,76 691,302,92,73
E:\2014年工作\车尾框框\1365488022_t@4820.jpg 156,281,115,86 705,299,93,77 493,294,52,44
E:\2014年工作\车尾框框\1365488022_t@4840.jpg 96,281,123,100 709,302,98,83 480,299,58,49
E:\2014年工作\车尾框框\1365488022_t@4860.jpg 62,277,135,104 743,300,96,85 486,295,59,50
E:\2014年工作\车尾框框\1365488022_t@4880.jpg 23,278,146,112 476,293,71,56 764,297,109,92
E:\2014年工作\车尾框框\1365488022_t@4900.jpg 451,291,82,66 787,304,102,103
E:\2014年工作\车尾框框\1365488022_t@4920.jpg 425,286,91,74 806,303,112,100
E:\2014年工作\车尾框框\1365488022_t@4940.jpg 410,277,100,85 839,295,115,107
E:\2014年工作\车尾框框\1365488022_t@4960.jpg 347,277,119,92 837,299,118,113
E:\2014年工作\车尾框框\1365488022_t@4980.jpg 294,285,136,107 850,310,135,118
E:\2014年工作\车尾框框\1365488022_t@5000.jpg 257,271,158,141 911,301,148,134
E:\2014年工作\车尾框框\1365488022_t@5020.jpg 178,270,188,161 946,297,170,148
E:\2014年工作\车尾框框\1365488022_t@5040.jpg 24,265,254,193 967,307,178,163
E:\2014年工作\车尾框框\1365488022_t@5060.jpg 775,303,62,53 995,308,212,194 391,282,64,48
E:\2014年工作\车尾框框\1365488022_t@5080.jpg 389,285,62,50 760,302,66,57 1057,312,221,196
E:\2014年工作\车尾框框\1365488022_t@5100.jpg 741,302,69,56 533,286,44,43 374,286,67,55
E:\2014年工作\车尾框框\1365488022_t@5120.jpg 387,286,69,53 548,287,51,43 736,301,77,62 990,316,121,102
E:\2014年工作\车尾框框\1365488022_t@5140.jpg 371,280,78,57 549,281,47,48 724,297,79,67 1001,313,140,107
E:\2014年工作\车尾框框\1365488022_t@5160.jpg 1047,318,146,117 723,297,85,70 564,283,50,47 376,280,75,62
E:\2014年工作\车尾框框\1365488022_t@5180.jpg 385,278,76,66 584,283,50,49 717,297,98,81 1092,316,178,142
E:\2014年工作\车尾框框\1365488022_t@5200.jpg 712,292,104,93 592,282,52,50 379,278,88,76
E:\2014年工作\车尾框框\1365488022_t@5220.jpg 341,275,90,79 560,280,62,55 672,292,109,98
E:\2014年工作\车尾框框\1365488022_t@5240.jpg 593,289,126,111 272,271,102,89 512,276,67,60
E:\2014年工作\车尾框框\1365488022_t@5260.jpg 662,286,67,58 518,283,145,120 240,265,110,93 739,290,46,39
E:\2014年工作\车尾框框\1365488022_t@5280.jpg 198,266,114,95 426,280,156,128 654,287,72,60 738,293,44,40 1049,312,210,177
E:\2014年工作\车尾框框\1365488022_t@5300.jpg 129,259,117,98 301,270,176,158 626,283,74,70 999,310,185,155
E:\2014年工作\车尾框框\1365488022_t@5320.jpg 93,259,121,100 208,269,200,154 616,281,84,82 711,290,41,41 955,314,173,142 460,270,67,63
E:\2014年工作\车尾框框\1365488022_t@5340.jpg 63,261,216,166 432,271,70,66 557,285,96,89 879,311,147,131
E:\2014年工作\车尾框框\1365488022_t@5360.jpg 443,283,118,108 610,296,45,38 766,309,137,120 375,274,65,61
E:\2014年工作\车尾框框\1365488022_t@5380.jpg 310,277,146,131 578,293,48,36 691,302,123,113
E:\2014年工作\车尾框框\1365488022_t@5400.jpg 103,267,216,184 374,282,125,102 649,297,120,103
E:\2014年工作\车尾框框\1365488022_t@5420.jpg 265,281,163,135 594,295,120,95
E:\2014年工作\车尾框框\1365488022_t@5440.jpg 57,268,254,192 547,287,107,91
E:\2014年工作\车尾框框\1365488022_t@5460.jpg 503,283,104,89 655,288,34,26
E:\2014年工作\车尾框框\1365488022_t@5480.jpg 337,266,62,59 516,284,96,77 785,291,57,47
E:\2014年工作\车尾框框\1365488022_t@5500.jpg 397,271,61,58 561,289,91,76 813,296,56,53
E:\2014年工作\车尾框框\1365488022_t@5520.jpg 443,277,65,57 597,295,77,68 834,300,63,55
E:\2014年工作\车尾框框\1365488022_t@5540.jpg 466,285,67,55 604,299,88,66 848,308,70,58
E:\2014年工作\车尾框框\1365488022_t@5560.jpg 396,280,51,42 462,277,59,52 601,297,77,63 839,304,79,65 748,299,43,32
E:\2014年工作\车尾框框\1365488022_t@5580.jpg 371,284,54,42 449,283,57,51 602,298,77,61 835,305,79,70 727,300,40,33
E:\2014年工作\车尾框框\1365488022_t@5600.jpg 334,286,60,46 431,284,62,55 544,293,55,49 604,297,78,63 816,304,88,74 710,300,40,34
E:\2014年工作\车尾框框\1365488022_t@5620.jpg 295,284,59,47 417,282,61,55 521,293,64,51 616,298,76,60 792,297,96,83
E:\2014年工作\车尾框框\1365488022_t@5640.jpg 245,272,66,57 392,270,69,63 490,283,70,62 631,289,83,66 762,290,108,87
E:\2014年工作\车尾框框\1365488022_t@5660.jpg 196,278,74,57 383,277,64,60 465,289,78,72 743,294,114,105
E:\2014年工作\车尾框框\1365488022_t@5680.jpg 131,264,80,65 423,275,88,79 696,281,133,113
E:\2014年工作\车尾框框\1365488022_t@5700.jpg 66,278,93,69 392,288,97,89 672,292,140,126 511,294,75,61
E:\2014年工作\车尾框框\1365488022_t@5720.jpg 6,273,105,85 360,284,117,103 654,288,140,138 500,291,85,68
E:\2014年工作\车尾框框\1365488022_t@5740.jpg 305,274,131,114 478,281,86,75 619,279,149,135
E:\2014年工作\车尾框框\1365488022_t@5760.jpg 254,274,142,132 450,285,90,71 595,282,145,139 812,299,37,30
E:\2014年工作\车尾框框\1365488022_t@5780.jpg 206,272,151,144 446,284,92,76 595,280,144,127 849,297,39,33
E:\2014年工作\车尾框框\1365488022_t@5800.jpg 144,278,172,157 436,293,94,72 592,293,129,112
E:\2014年工作\车尾框框\1365488022_t@5820.jpg 100,279,196,170 439,295,94,74 605,292,127,111
E:\2014年工作\车尾框框\1365488022_t@5840.jpg 42,279,218,190 444,290,99,82 616,290,121,103
E:\2014年工作\车尾框框\1365488022_t@5860.jpg 283,264,93,84 424,284,108,84 610,284,113,100
E:\2014年工作\车尾框框\1365488022_t@5880.jpg 260,268,104,88 417,289,108,89 615,285,110,100
E:\2014年工作\车尾框框\1365488022_t@5900.jpg 237,273,107,89 399,293,113,88 609,290,106,95
E:\2014年工作\车尾框框\1365488022_t@5920.jpg 222,275,103,98 387,296,123,94 609,295,105,90
E:\2014年工作\车尾框框\1365488022_t@5940.jpg 216,267,111,103 391,292,132,102 627,294,104,97
E:\2014年工作\车尾框框\1365488022_t@5960.jpg 196,267,119,107 371,293,144,112 633,294,107,90
E:\2014年工作\车尾框框\1365488022_t@5980.jpg 174,261,127,110 344,290,148,122 634,293,102,92
E:\2014年工作\车尾框框\1365488022_t@6020.jpg 86,250,137,130 245,279,193,142 630,284,106,95
E:\2014年工作\车尾框框\1365488022_t@6040.jpg 146,280,231,163 614,285,109,100
E:\2014年工作\车尾框框\1365488022_t@6060.jpg 42,279,281,193 622,282,113,107 559,280,63,63
E:\2014年工作\车尾框框\1365488022_t@6080.jpg 340,288,83,66 539,284,61,66 602,291,124,110
E:\2014年工作\车尾框框\1365488022_t@6100.jpg 334,274,84,63 527,271,68,68 594,278,127,114
E:\2014年工作\车尾框框\1365488022_t@6120.jpg 322,276,86,68 576,280,133,120 515,276,74,66
E:\2014年工作\车尾框框\1365488022_t@6140.jpg 317,285,86,75 549,287,139,130
E:\2014年工作\车尾框框\1365488022_t@6160.jpg 295,289,88,71 493,287,138,140 651,309,76,58
E:\2014年工作\车尾框框\1365488022_t@6180.jpg 298,285,90,76 452,286,144,133 660,304,74,64
E:\2014年工作\车尾框框\1365488022_t@6200.jpg 287,287,88,72 389,283,166,139 648,304,78,61
E:\2014年工作\车尾框框\1365488022_t@6220.jpg 323,287,192,158 648,310,81,61
E:\2014年工作\车尾框框\1365488022_t@6240.jpg 226,277,226,181 651,304,76,69
E:\2014年工作\车尾框框\1365488022_t@6260.jpg 64,257,301,227 465,278,83,74 643,298,76,64
E:\2014年工作\车尾框框\1365488022_t@6280.jpg 457,282,90,79 639,304,79,64
E:\2014年工作\车尾框框\1365488022_t@6300.jpg 146,281,79,64 246,284,104,77 455,279,89,83 645,297,78,64
E:\2014年工作\车尾框框\1365488022_t@6320.jpg 149,276,86,67 271,283,94,82 466,275,95,84 665,298,84,65
E:\2014年工作\车尾框框\1365488022_t@6340.jpg 121,277,90,74 249,283,107,84 453,278,93,91 657,304,83,62
E:\2014年工作\车尾框框\1365488022_t@6360.jpg 97,283,85,73 229,291,107,78 435,278,104,98 667,303,77,65
E:\2014年工作\车尾框框\1365488022_t@6380.jpg 53,277,93,75 192,283,116,95 409,274,119,110 671,304,80,62
E:\2014年工作\车尾框框\1365488022_t@6400.jpg 10,273,112,87 162,278,130,97 391,266,133,122 690,299,83,63
E:\2014年工作\车尾框框\1365488022_t@6420.jpg 73,269,146,115 324,260,162,145 691,298,81,64
E:\2014年工作\车尾框框\1365488022_t@6440.jpg 214,257,196,176 687,305,80,72
E:\2014年工作\车尾框框\1365488022_t@6460.jpg 6,240,268,238 673,306,85,70 464,248,137,123
E:\2014年工作\车尾框框\1365488022_t@6480.jpg 432,243,160,121 681,293,87,73
E:\2014年工作\车尾框框\1365488022_t@6500.jpg 346,222,208,164 663,293,90,81
E:\2014年工作\车尾框框\1365488022_t@6520.jpg 247,204,274,202 662,293,102,86
E:\2014年工作\车尾框框\1365488022_t@6540.jpg 61,161,369,293 642,287,118,99
E:\2014年工作\车尾框框\1365488022_t@6560.jpg 628,284,124,107
E:\2014年工作\车尾框框\1365488022_t@6580.jpg 611,286,139,122
E:\2014年工作\车尾框框\1365488022_t@6600.jpg 584,290,159,135
E:\2014年工作\车尾框框\1365488022_t@6620.jpg 567,296,177,136
E:\2014年工作\车尾框框\1365488022_t@6640.jpg 569,292,179,143 513,283,87,77
E:\2014年工作\车尾框框\1365488022_t@6660.jpg 308,281,83,67 472,285,92,79 561,299,171,140
E:\2014年工作\车尾框框\1365488022_t@6680.jpg 292,279,84,72 449,284,106,88 558,295,167,149
E:\2014年工作\车尾框框\1365488022_t@6700.jpg 255,275,91,75 427,284,94,86 553,294,162,131
E:\2014年工作\车尾框框\1365488022_t@6720.jpg 258,274,94,75 415,278,112,89 567,287,157,130
E:\2014年工作\车尾框框\1365488022_t@6740.jpg 260,284,94,77 400,288,112,98 578,302,144,114 504,237,77,58
E:\2014年工作\车尾框框\1365488022_t@6760.jpg 265,286,99,75 384,286,117,104 591,299,130,109 497,235,86,69
E:\2014年工作\车尾框框\1365488022_t@6780.jpg 265,284,96,83 367,283,121,105 596,295,124,104 493,232,87,64 208,281,76,62
E:\2014年工作\车尾框框\1365488022_t@6800.jpg 80,283,104,76 262,291,94,83 355,292,129,116 493,237,88,69 606,301,119,97
E:\2014年工作\车尾框框\1365488022_t@6820.jpg 85,255,93,107 330,294,142,123 611,306,114,95 492,236,96,74
E:\2014年工作\车尾框框\1365488022_t@6840.jpg 295,290,156,130 482,228,102,78 609,304,117,100
E:\2014年工作\车尾框框\1365488022_t@6860.jpg 78,260,94,75 234,268,168,160 462,202,112,77 604,284,128,107
E:\2014年工作\车尾框框\1365488022_t@6880.jpg 157,271,199,163 435,202,114,84 589,290,139,112
E:\2014年工作\车尾框框\1365488022_t@6900.jpg 114,279,204,179 431,203,116,84 590,297,147,124
E:\2014年工作\车尾框框\1365488022_t@6920.jpg 64,282,223,186 417,206,132,95 595,302,147,126
E:\2014年工作\车尾框框\1365488022_t@6940.jpg 10,261,250,208 594,287,151,126 409,181,134,104
E:\2014年工作\车尾框框\1365488022_t@6960.jpg 398,196,142,106 592,298,158,126
E:\2014年工作\车尾框框\1365488022_t@6980.jpg 394,188,143,110 599,298,148,124
E:\2014年工作\车尾框框\1365488022_t@7000.jpg 384,196,154,115 606,302,142,126
E:\2014年工作\车尾框框\1365488022_t@7020.jpg 384,179,153,125 619,294,137,109
E:\2014年工作\车尾框框\1365488022_t@7040.jpg 343,178,170,133 610,303,143,119
E:\2014年工作\车尾框框\1365488022_t@7060.jpg 303,151,188,167 611,295,158,129
E:\2014年工作\车尾框框\1365488022_t@7080.jpg 216,114,240,175 593,287,169,142
E:\2014年工作\车尾框框\1365488022_t@7100.jpg 115,88,252,214 579,288,184,149
E:\2014年工作\车尾框框\1365488022_t@7120.jpg 24,59,314,265 584,298,178,153
E:\2014年工作\车尾框框\1365488022_t@7140.jpg 579,298,177,144
E:\2014年工作\车尾框框\1365488022_t@7160.jpg 590,293,174,146
E:\2014年工作\车尾框框\1365488022_t@7180.jpg 593,313,177,142
E:\2014年工作\车尾框框\1365488022_t@7200.jpg 338,291,151,124 593,307,176,153
E:\2014年工作\车尾框框\1365488022_t@7220.jpg 321,271,152,126 578,291,181,160
E:\2014年工作\车尾框框\1365488022_t@7240.jpg 326,280,148,121 570,293,189,163
E:\2014年工作\车尾框框\1365488022_t@7260.jpg 346,284,137,114 573,299,187,163
E:\2014年工作\车尾框框\1365488022_t@7280.jpg 32,286,154,116 369,291,123,107 569,307,198,163
E:\2014年工作\车尾框框\1365488022_t@7300.jpg 140,293,131,95 386,290,113,104 573,308,190,159
E:\2014年工作\车尾框框\1365488022_t@7320.jpg 226,286,114,82 410,289,108,97 588,298,182,156
E:\2014年工作\车尾框框\1365488022_t@7340.jpg 291,288,95,76 432,290,104,92 602,303,178,148
E:\2014年工作\车尾框框\1365488022_t@7360.jpg 339,294,82,63 455,292,102,89 609,308,183,157 1,269,118,99
E:\2014年工作\车尾框框\1365488022_t@7380.jpg 58,257,117,102 373,288,74,64 469,286,97,80 624,307,172,145
E:\2014年工作\车尾框框\1365488022_t@7400.jpg 403,297,69,57 486,295,89,76 632,308,178,157
E:\2014年工作\车尾框框\1365488022_t@7420.jpg 424,290,73,53 501,289,87,76 645,303,174,141
E:\2014年工作\车尾框框\1365488022_t@7440.jpg 63,265,143,122 378,278,58,58 438,289,66,54 501,284,88,75 641,293,183,151
E:\2014年工作\车尾框框\1365488022_t@7460.jpg 135,273,141,117 393,286,58,53 516,292,83,74 453,295,71,53 654,299,182,156
E:\2014年工作\车尾框框\1365488022_t@7480.jpg 190,294,141,109 526,307,90,74 676,316,173,147 403,301,55,50
E:\2014年工作\车尾框框\1365488022_t@7500.jpg 198,290,119,97 379,293,54,51 502,300,84,73 654,313,160,138
E:\2014年工作\车尾框框\1365488022_t@7520.jpg 181,282,117,97 347,283,56,50 467,289,84,74 618,301,162,145
E:\2014年工作\车尾框框\1365488022_t@7540.jpg 140,281,121,99 316,282,57,52 433,290,88,76 571,301,170,140
E:\2014年工作\车尾框框\1365488022_t@7560.jpg 114,279,124,101 313,281,57,56 427,289,89,81 553,302,169,144
E:\2014年工作\车尾框框\1365488022_t@7580.jpg 91,274,126,111 434,286,92,80 535,295,189,158 313,276,59,55
E:\2014年工作\车尾框框\1365488022_t@7600.jpg 72,268,143,113 531,290,204,178 437,281,94,77 375,281,81,58 314,272,74,52
E:\2014年工作\车尾框框\1365488022_t@7620.jpg 54,273,139,118 372,292,72,53 437,289,104,79 515,303,218,189
E:\2014年工作\车尾框框\1365488022_t@7640.jpg 31,271,153,119 363,285,81,56 433,282,99,74 505,295,226,179
E:\2014年工作\车尾框框\1365488022_t@7660.jpg 35,276,156,127 372,290,74,60 447,292,92,73 514,302,222,190
E:\2014年工作\车尾框框\1365488022_t@7680.jpg 40,272,144,116 375,288,73,56 454,285,88,74 521,298,209,174
E:\2014年工作\车尾框框\1365488022_t@7700.jpg 77,276,143,111 394,292,70,49 475,289,84,72 543,299,195,166
E:\2014年工作\车尾框框\1365488022_t@7720.jpg 102,275,143,113 396,295,67,57 483,292,82,68 552,302,181,166
E:\2014年工作\车尾框框\1365488022_t@7740.jpg 143,282,123,102 411,296,72,56 504,293,81,65 565,300,187,160
E:\2014年工作\车尾框框\1365488022_t@7760.jpg 160,281,134,100 413,295,68,49 506,295,81,64 573,302,180,152
E:\2014年工作\车尾框框\1365488022_t@7780.jpg 180,288,119,97 418,301,65,57 513,299,75,62 570,306,186,156
E:\2014年工作\车尾框框\1365488022_t@7800.jpg 409,297,69,50 509,294,77,61 563,304,192,159
E:\2014年工作\车尾框框\1365488022_t@7820.jpg 409,291,71,53 554,296,197,170
E:\2014年工作\车尾框框\1365488022_t@7840.jpg 407,295,66,48 545,297,206,172
E:\2014年工作\车尾框框\1365488022_t@7860.jpg 409,295,67,50 542,299,203,177
E:\2014年工作\车尾框框\1365488022_t@7880.jpg 418,295,69,47 537,292,219,188
E:\2014年工作\车尾框框\1365488022_t@7900.jpg 538,294,222,188 426,294,62,47
E:\2014年工作\车尾框框\1365488022_t@7920.jpg 3,78,282,235 534,304,233,187
E:\2014年工作\车尾框框\1365488022_t@7940.jpg 79,94,253,226 536,300,234,191
E:\2014年工作\车尾框框\1365488022_t@7960.jpg 139,131,236,196 531,308,235,193
E:\2014年工作\车尾框框\1365488022_t@7980.jpg 198,128,223,190 540,311,227,187
E:\2014年工作\车尾框框\1365488022_t@8000.jpg 234,128,200,160 545,278,220,184
E:\2014年工作\车尾框框\1365488022_t@8020.jpg 258,140,198,160 552,290,210,173
E:\2014年工作\车尾框框\1365488022_t@8040.jpg 67,276,160,111 286,161,169,151 554,304,201,165
E:\2014年工作\车尾框框\1365488022_t@8060.jpg 148,275,138,96 301,162,163,145 560,296,193,162
E:\2014年工作\车尾框框\1365488022_t@8080.jpg 318,176,161,131 563,298,188,150
E:\2014年工作\车尾框框\1365488022_t@8100.jpg 316,187,158,135 553,304,182,152
E:\2014年工作\车尾框框\1365488022_t@8120.jpg 205,286,83,61 329,192,150,121 549,300,192,159
E:\2014年工作\车尾框框\1365488022_t@8140.jpg 223,286,76,59 345,194,142,115 536,305,201,159
E:\2014年工作\车尾框框\1365488022_t@8160.jpg 355,191,129,113 521,290,209,179 232,277,82,57
E:\2014年工作\车尾框框\1365488022_t@8180.jpg 31,243,99,109 247,278,81,61 387,202,111,105 516,296,217,184
E:\2014年工作\车尾框框\1365488022_t@8200.jpg 55,249,99,106 258,282,72,56 407,213,112,92 503,295,219,187
E:\2014年工作\车尾框框\1365488022_t@8220.jpg 266,283,71,56 434,220,102,75 507,294,220,185
E:\2014年工作\车尾框框\1365488022_t@8240.jpg 275,282,68,55 460,225,94,75 518,294,208,169
E:\2014年工作\车尾框框\1365488022_t@8260.jpg 101,260,152,126 482,237,94,70 529,297,203,167
E:\2014年工作\车尾框框\1365488022_t@8280.jpg 176,270,124,111 496,242,83,65 536,304,189,157 97,260,89,98
E:\2014年工作\车尾框框\1365488022_t@8300.jpg 55,250,103,106 219,266,114,106 433,294,66,47 509,242,78,53 539,297,185,155
E:\2014年工作\车尾框框\1365488022_t@8320.jpg 1,247,102,116 244,270,114,103 550,304,171,154 518,243,79,59
E:\2014年工作\车尾框框\1365488022_t@8340.jpg 129,280,90,72 241,269,115,99 421,292,69,54 521,244,77,55 544,299,175,150
E:\2014年工作\车尾框框\1365488022_t@8360.jpg 61,275,102,75 233,267,118,101 404,289,73,55 526,246,73,51 545,300,176,144
E:\2014年工作\车尾框框\1365488022_t@8380.jpg 222,262,119,105 400,286,73,52 532,242,70,50 547,297,178,150
E:\2014年工作\车尾框框\1365488022_t@8400.jpg 117,269,91,79 211,266,121,110 399,290,75,55 544,243,71,47 555,298,174,141
E:\2014年工作\车尾框框\1365488022_t@8420.jpg 48,261,104,84 171,260,130,112 381,286,69,57 530,244,74,49 554,297,168,140
E:\2014年工作\车尾框框\1365488022_t@8440.jpg 151,259,147,116 387,286,68,55 536,243,75,55 567,295,162,135
E:\2014年工作\车尾框框\1365488022_t@8460.jpg 111,258,144,122 374,289,72,54 529,243,72,51 565,299,163,136
E:\2014年工作\车尾框框\1365488022_t@8480.jpg 378,285,74,54 533,241,70,53 566,296,164,137
E:\2014年工作\车尾框框\1365488022_t@8500.jpg 373,288,77,59 524,240,74,54 559,299,173,135
E:\2014年工作\车尾框框\1365488022_t@8520.jpg 381,280,77,59 524,235,75,54 561,292,169,142
E:\2014年工作\车尾框框\1365488022_t@8540.jpg 389,288,74,60 556,303,188,156 526,244,68,53
E:\2014年工作\车尾框框\1365488022_t@8560.jpg 396,288,72,53 550,297,203,171 529,240,68,54
E:\2014年工作\车尾框框\1365488022_t@8580.jpg 403,278,70,50 547,289,209,178 526,228,69,57
E:\2014年工作\车尾框框\1365488022_t@8600.jpg 412,279,69,51 533,233,64,52 552,293,214,172
E:\2014年工作\车尾框框\1365488022_t@8620.jpg 426,276,66,47 349,272,55,46 537,231,73,52 563,293,225,186
E:\2014年工作\车尾框框\1365488022_t@8640.jpg 344,279,56,40 429,281,66,49 540,235,69,59 575,296,221,188
E:\2014年工作\车尾框框\1365488022_t@8660.jpg 334,270,60,45 427,274,66,48 539,235,71,55 581,291,224,183
E:\2014年工作\车尾框框\1365488022_t@8680.jpg 324,276,57,45 429,278,66,53 538,240,66,47 592,298,209,166
E:\2014年工作\车尾框框\1365488022_t@8700.jpg 323,273,58,44 438,277,68,50 550,239,63,51 603,294,196,168
E:\2014年工作\车尾框框\1365488022_t@8720.jpg 438,277,66,47 550,239,64,43 609,296,190,160
E:\2014年工作\车尾框框\1365488022_t@8740.jpg 438,280,64,48 552,235,64,53 614,298,182,147
E:\2014年工作\车尾框框\1365488022_t@8760.jpg 429,278,68,45 548,238,68,51 614,293,180,153
E:\2014年工作\车尾框框\1365488022_t@8780.jpg 428,287,69,52 562,247,69,48 627,303,170,146
E:\2014年工作\车尾框框\1365488022_t@8800.jpg 414,276,70,49 631,294,162,136
E:\2014年工作\车尾框框\1365488022_t@8820.jpg 385,280,70,52 488,280,48,37 629,301,155,121 552,237,75,51
E:\2014年工作\车尾框框\1365488022_t@8840.jpg 359,282,82,62 630,299,150,123 565,239,69,51 478,283,53,42
E:\2014年工作\车尾框框\1365488022_t@8860.jpg 316,281,82,63 449,280,55,43 556,238,67,54 609,295,155,132
E:\2014年工作\车尾框框\1365488022_t@8880.jpg 434,266,50,44 601,285,166,141 561,221,67,56 289,258,82,71
E:\2014年工作\车尾框框\1365488022_t@8900.jpg 433,269,59,39 596,285,180,158 567,220,69,60
E:\2014年工作\车尾框框\1365488022_t@8920.jpg 447,269,60,44 590,282,200,173
E:\2014年工作\车尾框框\1365488022_t@8940.jpg 466,283,53,42 574,297,212,178
E:\2014年工作\车尾框框\1365488022_t@8960.jpg 568,300,218,188 502,290,47,35
E:\2014年工作\车尾框框\1365488022_t@8980.jpg 562,301,226,199
E:\2014年工作\车尾框框\1365488022_t@9000.jpg 559,306,225,180 405,286,80,62
