F:\车尾画图工具\1363324153@0.jpg 840,296,168,135 562,303,132,113 320,301,121,104
F:\车尾画图工具\1363324153@20.jpg 899,292,205,163 550,299,138,120 299,302,137,111
F:\车尾画图工具\1363324153@40.jpg 976,294,270,209 538,304,140,121 266,305,145,124
F:\车尾画图工具\1363324153@60.jpg 528,299,144,128 235,303,157,136
F:\车尾画图工具\1363324153@80.jpg 509,303,151,127 193,305,168,145
F:\车尾画图工具\1363324153@100.jpg 661,298,60,52 495,298,158,139 156,303,179,159
F:\车尾画图工具\1363324153@120.jpg 491,298,166,147 130,297,186,164 672,297,61,55
F:\车尾画图工具\1363324153@140.jpg 489,295,175,152 672,294,64,52 108,296,190,165
F:\车尾画图工具\1363324153@160.jpg 678,292,62,60 495,297,181,154 106,300,193,165
F:\车尾画图工具\1363324153@180.jpg 512,304,179,151 115,309,191,164
F:\车尾画图工具\1363324153@200.jpg 519,296,184,157 130,300,185,161
F:\车尾画图工具\1363324153@220.jpg 514,298,183,165 138,299,180,165 456,281,53,58
F:\车尾画图工具\1363324153@240.jpg 523,299,189,156 150,297,187,163
F:\车尾画图工具\1363324153@260.jpg 539,303,194,168 161,304,181,160 465,284,53,55
F:\车尾画图工具\1363324153@280.jpg 558,298,197,169 164,304,178,161 471,279,56,58
F:\车尾画图工具\1363324153@300.jpg 550,294,206,178 147,299,190,170
F:\车尾画图工具\1363324153@320.jpg 537,298,213,174 128,296,190,171
F:\车尾画图工具\1363324153@340.jpg 528,304,215,177 115,307,204,168 458,281,52,59
F:\车尾画图工具\1363324153@360.jpg 499,295,213,181 83,298,208,185
F:\车尾画图工具\1363324153@380.jpg 694,287,92,78 479,292,210,176 54,292,224,196
F:\车尾画图工具\1363324153@400.jpg 704,296,99,84 478,301,201,173 27,306,227,201
F:\车尾画图工具\1363324153@420.jpg 721,289,104,88 482,292,194,171 1,301,235,211
F:\车尾画图工具\1363324153@440.jpg 721,287,113,97 480,291,193,169 2,299,207,211
F:\车尾画图工具\1363324153@460.jpg 726,286,110,98 482,288,190,162 4,293,196,214
F:\车尾画图工具\1363324153@480.jpg 728,289,113,100 488,293,185,158 3,298,201,220 397,269,77,80
F:\车尾画图工具\1363324153@500.jpg 728,281,116,99 494,286,181,160 4,290,195,232 378,264,83,88
F:\车尾画图工具\1363324153@520.jpg 725,291,116,97 505,298,180,154 362,273,89,95
F:\车尾画图工具\1363324153@540.jpg 510,287,191,161 724,280,115,94 339,263,102,96
F:\车尾画图工具\1363324153@560.jpg 545,291,195,169 742,289,101,89 335,266,107,107 481,269,65,73
F:\车尾画图工具\1363324153@580.jpg 628,292,198,166 540,288,96,82 316,260,112,116
F:\车尾画图工具\1363324153@600.jpg 735,304,190,157 538,304,99,82 294,271,127,128
F:\车尾画图工具\1363324153@620.jpg 778,289,173,156 525,291,108,91 261,257,137,136
F:\车尾画图工具\1363324153@640.jpg 783,307,164,136 521,307,111,98 228,268,142,156
F:\车尾画图工具\1363324153@660.jpg 786,299,167,135 518,302,121,104 190,263,165,173
F:\车尾画图工具\1363324153@680.jpg 800,295,159,138 519,300,132,113 136,252,192,201
F:\车尾画图工具\1363324153@700.jpg 799,287,164,139 510,291,142,123 39,236,236,244
F:\车尾画图工具\1363324153@720.jpg 782,294,155,133 501,295,145,119
F:\车尾画图工具\1363324153@740.jpg 780,297,149,135 503,295,152,136
F:\车尾画图工具\1363324153@760.jpg 764,297,146,125 495,299,163,140
F:\车尾画图工具\1363324153@780.jpg 745,300,138,113 492,304,173,143
F:\车尾画图工具\1363324153@800.jpg 738,296,121,110 489,299,178,153
F:\车尾画图工具\1363324153@820.jpg 491,297,179,147 724,289,120,102
F:\车尾画图工具\1363324153@840.jpg 726,302,105,94 497,304,179,148
F:\车尾画图工具\1363324153@860.jpg 715,296,106,92 502,303,174,143
F:\车尾画图工具\1363324153@880.jpg 716,296,97,86 512,301,165,140
F:\车尾画图工具\1363324153@900.jpg 704,293,94,84 519,300,158,133
F:\车尾画图工具\1363324153@920.jpg 701,300,93,84 523,304,158,130
F:\车尾画图工具\1363324153@940.jpg 701,301,95,77 528,303,154,124
F:\车尾画图工具\1363324153@960.jpg 692,301,97,83 522,303,154,128
F:\车尾画图工具\1363324153@980.jpg 694,301,93,85 516,305,159,135
F:\车尾画图工具\1363324153@1000.jpg 696,299,99,93 507,302,171,148
F:\车尾画图工具\1363324153@1020.jpg 500,296,183,150 697,290,105,95
F:\车尾画图工具\1363324153@1040.jpg 698,299,111,95 484,299,200,167
F:\车尾画图工具\1363324153@1060.jpg 704,295,115,100 475,297,212,175
F:\车尾画图工具\1363324153@1080.jpg 716,298,122,104 479,303,216,174
F:\车尾画图工具\1363324153@1100.jpg 725,293,129,103 473,297,218,179
F:\车尾画图工具\1363324153@1120.jpg 741,295,134,117 476,299,225,182
F:\车尾画图工具\1363324153@1140.jpg 744,295,139,124 471,301,228,186
F:\车尾画图工具\1363324153@1160.jpg 752,292,140,122 469,294,232,182
F:\车尾画图工具\1363324153@1180.jpg 749,292,143,126 467,299,232,192
F:\车尾画图工具\1363324153@1200.jpg 751,294,146,129 462,300,241,194
F:\车尾画图工具\1363324153@1220.jpg 756,298,148,131 463,304,244,192
F:\车尾画图工具\1363324153@1240.jpg 763,294,155,136 459,302,247,202 413,268,96,111
F:\车尾画图工具\1363324153@1260.jpg 772,302,162,140 447,309,244,195 389,270,100,110
F:\车尾画图工具\1363324153@1280.jpg 781,296,163,142 445,301,237,197 375,264,99,112
F:\车尾画图工具\1363324153@1300.jpg 788,297,170,145 449,301,226,184 372,268,98,109
F:\车尾画图工具\1363324153@1320.jpg 791,298,179,154 449,307,217,173 368,278,95,105
F:\车尾画图工具\1363324153@1340.jpg 814,303,197,156 474,312,205,161 5,243,249,272 382,280,95,110
F:\车尾画图工具\1363324153@1360.jpg 826,304,210,175 475,312,199,158 18,245,251,260 377,280,99,109
F:\车尾画图工具\1363324153@1380.jpg 841,304,231,184 478,307,193,157 27,238,243,257 376,275,98,107
F:\车尾画图工具\1363324153@1400.jpg 884,305,265,211 488,310,193,157 378,279,100,110 28,245,248,264
F:\车尾画图工具\1363324153@1420.jpg 954,298,318,247 482,307,197,160 372,273,104,113 1,234,266,275
F:\车尾画图工具\1363324153@1440.jpg 475,308,202,170 365,271,106,122
F:\车尾画图工具\1363324153@1460.jpg 844,296,180,150 474,303,197,161 359,268,111,119
F:\车尾画图工具\1363324153@1480.jpg 873,307,206,168 475,310,201,160 361,276,107,116
F:\车尾画图工具\1363324153@1500.jpg 907,296,248,207 732,297,115,99 474,302,205,169 353,272,113,115
F:\车尾画图工具\1363324153@1520.jpg 950,305,304,238 741,296,126,105 473,307,203,165 349,270,108,119
F:\车尾画图工具\1363324153@1540.jpg 756,292,117,106 464,302,207,168 343,263,108,118 1000,291,278,268
F:\车尾画图工具\1363324153@1560.jpg 757,297,124,111 469,304,209,172 341,270,110,119
F:\车尾画图工具\1363324153@1580.jpg 768,293,120,112 476,305,206,169 346,268,109,115
F:\车尾画图工具\1363324153@1600.jpg 759,287,131,110 480,299,206,163 347,262,109,114
F:\车尾画图工具\1363324153@1620.jpg 765,291,125,107 494,300,195,158 350,267,108,115 8,234,253,262
F:\车尾画图工具\1363324153@1640.jpg 761,288,120,102 483,292,199,172 24,235,246,240 330,258,111,122
F:\车尾画图工具\1363324153@1660.jpg 1031,285,248,261 750,285,115,97 468,294,219,177 7,225,245,259
F:\车尾画图工具\1363324153@1680.jpg 955,292,278,218 453,299,235,194 733,291,112,93
F:\车尾画图工具\1363324153@1700.jpg 889,287,215,190 441,294,252,204 721,289,99,84
F:\车尾画图工具\1363324153@1720.jpg 839,295,170,150 439,299,256,202 217,250,168,177 712,294,93,77
F:\车尾画图工具\1363324153@1740.jpg 787,293,151,129 439,302,248,202 181,243,182,196
F:\车尾画图工具\1363324153@1760.jpg 771,300,128,110 455,307,240,193 154,249,196,208
F:\车尾画图工具\1363324153@1780.jpg 913,298,265,207 468,304,226,184 88,233,227,239
F:\车尾画图工具\1363324153@1800.jpg 854,299,210,172 475,301,216,177 0,223,256,276
F:\车尾画图工具\1363324153@1820.jpg 815,297,184,157 482,300,214,177 314,299,101,92
F:\车尾画图工具\1363324153@1840.jpg 793,295,167,143 483,301,213,175 287,302,115,100
F:\车尾画图工具\1363324153@1860.jpg 770,295,162,135 485,298,217,183 264,297,127,109
F:\车尾画图工具\1363324153@1880.jpg 761,296,145,120 488,300,214,175 255,301,122,104
F:\车尾画图工具\1363324153@1900.jpg 740,299,140,118 485,301,211,175 241,301,127,107
F:\车尾画图工具\1363324153@1920.jpg 739,301,136,112 489,303,208,178 248,303,133,108 401,296,71,68
F:\车尾画图工具\1363324153@1940.jpg 746,303,137,113 497,305,214,172 261,304,111,100 407,297,67,63
F:\车尾画图工具\1363324153@1960.jpg 749,297,137,114 487,300,223,182 261,298,114,104 393,293,71,72
F:\车尾画图工具\1363324153@1980.jpg 758,296,145,118 476,299,248,204 266,296,109,100 395,291,71,71
F:\车尾画图工具\1363324153@2000.jpg 458,293,294,232 775,291,153,127 273,289,111,101
F:\车尾画图工具\1363324153@2020.jpg 441,296,329,253 788,290,167,138 286,291,102,98
F:\车尾画图工具\1363324153@2040.jpg 809,292,179,155 434,299,345,265 305,296,96,92
F:\车尾画图工具\1363324153@2060.jpg 824,298,188,157 423,302,361,269 37,231,220,237
F:\车尾画图工具\1363324153@2080.jpg 424,305,354,260 827,299,209,165 117,246,189,198
F:\车尾画图工具\1363324153@2100.jpg 851,293,210,182 428,308,357,267 176,252,164,176
F:\车尾画图工具\1363324153@2120.jpg 854,298,228,188 421,306,367,286 225,257,148,161
F:\车尾画图工具\1363324153@2140.jpg 865,299,237,191 416,306,375,279 263,262,133,140
F:\车尾画图工具\1363324153@2160.jpg 869,292,248,207 413,302,381,290 300,260,112,129
F:\车尾画图工具\1363324153@2180.jpg 410,301,376,290 857,293,251,201 341,264,105,108
F:\车尾画图工具\1363324153@2200.jpg 119,247,196,208 416,300,369,281 846,293,240,189
F:\车尾画图工具\1363324153@2220.jpg 836,300,223,179 417,303,354,270 205,259,165,169
F:\车尾画图工具\1363324153@2240.jpg 832,306,207,175 435,312,326,257 268,272,139,150
F:\车尾画图工具\1363324153@2260.jpg 815,306,213,165 451,311,313,234 313,275,116,129
F:\车尾画图工具\1363324153@2280.jpg 814,307,184,156 454,309,303,234 339,277,107,120
F:\车尾画图工具\1363324153@2300.jpg 794,300,176,148 459,308,289,226 363,276,99,105
F:\车尾画图工具\1363324153@2320.jpg 781,303,162,137 472,304,276,216 378,277,100,97
F:\车尾画图工具\1363324153@2340.jpg 774,300,150,128 484,305,264,211 387,280,96,93
F:\车尾画图工具\1363324153@2360.jpg 0,266,247,242 492,303,253,207 772,300,144,126 395,280,89,93
F:\车尾画图工具\1363324153@2380.jpg 12,269,251,227 504,310,240,205 773,305,142,120 393,285,94,89
F:\车尾画图工具\1363324153@2400.jpg 768,298,149,124 504,301,253,201 25,261,249,226 389,276,92,93
F:\车尾画图工具\1363324153@2420.jpg 779,295,141,117 512,296,248,196 44,258,245,218 391,272,90,93
F:\车尾画图工具\1363324153@2440.jpg 774,302,140,115 516,305,247,190 394,282,91,90 77,269,238,205
F:\车尾画图工具\1363324153@2460.jpg 780,298,128,106 518,302,249,200 94,268,224,204 395,278,84,91
F:\车尾画图工具\1363324153@2480.jpg 518,300,254,204 778,294,117,107 107,266,230,201
F:\车尾画图工具\1363324153@2500.jpg 124,268,227,198 521,303,260,202 771,298,122,102
F:\车尾画图工具\1363324153@2520.jpg 141,265,207,197 531,299,250,202 765,292,112,98
F:\车尾画图工具\1363324153@2540.jpg 541,300,241,193 141,263,219,196 757,294,102,91
F:\车尾画图工具\1363324153@2560.jpg 553,298,221,183 111,265,219,197
F:\车尾画图工具\1363324153@2580.jpg 552,304,210,163 28,261,269,235 1042,234,92,122
F:\车尾画图工具\1363324153@2600.jpg 1008,237,92,129 730,304,94,80 552,308,199,162 324,277,122,123
F:\车尾画图工具\1363324153@2620.jpg 287,271,132,140 541,302,201,165 975,234,87,133
F:\车尾画图工具\1363324153@2640.jpg 943,237,91,134 534,310,208,172 253,270,148,155
F:\车尾画图工具\1363324153@2660.jpg 901,225,101,138 519,301,221,171 208,255,164,179 731,297,94,85
F:\车尾画图工具\1363324153@2680.jpg 718,287,107,92 881,217,95,141 511,291,228,183 185,247,166,180 395,262,85,91
F:\车尾画图工具\1363324153@2700.jpg 858,224,102,138 721,293,108,92 505,296,223,183 170,247,183,195
F:\车尾画图工具\1363324153@2720.jpg 493,300,230,185 166,252,180,194 844,230,95,132 727,297,111,94 394,271,78,94
F:\车尾画图工具\1363324153@2740.jpg 834,237,88,121 730,303,122,91 486,303,222,181 174,256,176,188 396,275,79,91
F:\车尾画图工具\1363324153@2760.jpg 486,301,227,181 188,255,183,189 735,300,122,103 822,236,88,123
F:\车尾画图工具\1363324153@2780.jpg 729,297,133,110 489,306,219,174 208,256,182,188 1112,294,167,126
F:\车尾画图工具\1363324153@2800.jpg 1081,300,151,116 740,304,130,105 490,307,206,170 226,263,176,173
F:\车尾画图工具\1363324153@2820.jpg 1062,297,138,109 752,301,143,116 491,304,200,161 246,263,168,170
F:\车尾画图工具\1363324153@2840.jpg 1043,296,130,103 775,299,146,124 499,305,187,149 254,264,163,168
F:\车尾画图工具\1363324153@2860.jpg 1025,299,120,98 798,297,159,137 506,304,175,144 258,260,162,169
F:\车尾画图工具\1363324153@2880.jpg 1020,301,122,97 841,301,184,153 522,302,169,137 272,262,154,160
F:\车尾画图工具\1363324153@2900.jpg 268,267,154,163 529,309,162,136 891,307,216,175
F:\车尾画图工具\1363324153@2920.jpg 939,310,266,216 759,304,100,88 526,308,166,139 255,265,164,169
F:\车尾画图工具\1363324153@2940.jpg 1003,290,275,254 764,288,115,104 520,295,176,143 243,251,169,172
F:\车尾画图工具\1363324153@2960.jpg 774,289,124,115 513,300,177,147 231,253,168,178
F:\车尾画图工具\1363324153@2980.jpg 230,250,165,177 510,297,181,149 791,291,135,115 987,295,113,91
F:\车尾画图工具\1363324153@3000.jpg 977,308,122,93 805,306,154,127 510,316,181,150 231,273,162,172
F:\车尾画图工具\1363324153@3020.jpg 852,285,169,143 527,292,178,146 248,249,158,174 684,236,78,109
F:\车尾画图工具\1363324153@3040.jpg 876,300,209,169 529,309,177,151 234,259,168,182 681,252,78,110
F:\车尾画图工具\1363324153@3060.jpg 951,297,227,191 524,304,185,150 206,258,179,187 683,241,81,113
F:\车尾画图工具\1363324153@3080.jpg 1040,301,237,229 513,298,192,158 157,243,208,214 406,270,82,93 684,230,83,124
F:\车尾画图工具\1363324153@3100.jpg 680,226,90,135 501,299,197,163 82,237,232,238 383,270,86,92
F:\车尾画图工具\1363324153@3120.jpg 929,296,167,124 686,223,107,149 498,300,205,169 373,271,89,101 2,230,261,278
F:\车尾画图工具\1363324153@3140.jpg 960,295,196,143 698,204,121,178 491,301,226,175 365,267,95,103
F:\车尾画图工具\1363324153@3160.jpg 1050,290,227,189 734,183,153,213 487,301,239,191 366,266,96,103
F:\车尾画图工具\1363324153@3180.jpg 787,150,210,277 478,299,246,195 368,265,99,107
F:\车尾画图工具\1363324153@3200.jpg 897,100,315,404 470,306,244,198 364,277,102,107
F:\车尾画图工具\1363324153@3220.jpg 488,301,229,193 355,265,109,120
F:\车尾画图工具\1363324153@3240.jpg 940,304,231,203 511,301,224,177 340,260,126,128
F:\车尾画图工具\1363324153@3260.jpg 535,303,204,161 312,257,134,149
F:\车尾画图工具\1363324153@3280.jpg 920,295,214,172 537,298,181,149 238,248,163,175
F:\车尾画图工具\1363324153@3300.jpg 1011,296,264,224 549,302,174,137 148,246,202,208
F:\车尾画图工具\1363324153@3320.jpg 864,285,90,75 556,295,171,143
F:\车尾画图工具\1363324153@3340.jpg 574,291,176,145 840,282,80,74
F:\车尾画图工具\1363324153@3360.jpg 600,297,197,156 155,300,160,141 398,286,74,67 513,268,99,99
F:\车尾画图工具\1363324153@3380.jpg 62,302,197,174 635,297,227,177 521,269,108,99 402,286,70,68
F:\车尾画图工具\1363324153@3400.jpg 525,269,100,104 679,304,258,196 5,302,188,207 396,286,81,66
F:\车尾画图工具\1363324153@3420.jpg 769,300,291,220 545,270,111,111 415,290,80,64
F:\车尾画图工具\1363324153@3440.jpg 876,299,356,254 564,272,112,107 429,286,79,72
F:\车尾画图工具\1363324153@3460.jpg 727,294,82,67 568,274,113,114 427,288,80,72
F:\车尾画图工具\1363324153@3480.jpg 743,286,90,74 583,265,120,113 435,280,85,75
F:\车尾画图工具\1363324153@3500.jpg 756,279,92,79 585,255,127,131 429,277,88,77
F:\车尾画图工具\1363324153@3520.jpg 755,294,100,86 569,267,140,136 411,295,92,78
F:\车尾画图工具\1363324153@3540.jpg 756,295,112,95 550,267,148,148 390,293,95,86
F:\车尾画图工具\1363324153@3560.jpg 763,295,128,106 527,263,161,153 365,292,95,91
F:\车尾画图工具\1363324153@3580.jpg 780,291,145,116 519,254,166,164 346,292,100,93
F:\车尾画图工具\1363324153@3600.jpg 1107,287,149,111 814,294,163,131 511,257,174,164 338,292,108,97
F:\车尾画图工具\1363324153@3620.jpg 1085,291,142,106 860,293,191,153 520,259,178,176 340,299,112,101
F:\车尾画图工具\1363324153@3640.jpg 901,294,247,183 515,258,188,180 326,296,116,104
F:\车尾画图工具\1363324153@3660.jpg 967,298,309,225 507,254,195,191 309,295,121,114
F:\车尾画图工具\1363324153@3680.jpg 496,248,208,204 306,291,126,110
F:\车尾画图工具\1363324153@3700.jpg 499,250,215,210 308,297,119,113
F:\车尾画图工具\1363324153@3720.jpg 513,250,219,212 960,296,111,82 315,296,123,115
F:\车尾画图工具\1363324153@3740.jpg 940,291,93,80 514,244,229,222 318,291,123,113
F:\车尾画图工具\1363324153@3760.jpg 913,294,90,78 518,243,238,235 328,298,125,107
F:\车尾画图工具\1363324153@3780.jpg 518,246,234,229 884,291,86,71 335,296,111,110
F:\车尾画图工具\1363324153@3800.jpg 852,291,72,63 494,241,238,231 323,293,114,103
F:\车尾画图工具\1363324153@3820.jpg 484,242,236,239 822,297,71,65 322,293,113,102
F:\车尾画图工具\1363324153@3840.jpg 471,244,232,233 323,295,108,98
F:\车尾画图工具\1363324153@3860.jpg 942,302,122,96 478,243,230,231 343,297,105,95
F:\车尾画图工具\1363324153@3880.jpg 917,306,101,87 478,251,228,218 355,298,96,94
F:\车尾画图工具\1363324153@3900.jpg 482,252,217,217 889,304,97,82 366,301,91,88
F:\车尾画图工具\1363324153@3920.jpg 488,253,202,202 874,302,89,76 383,300,86,79
F:\车尾画图工具\1363324153@3940.jpg 863,298,85,72 491,256,192,188 704,300,88,72 398,300,83,74
F:\车尾画图工具\1363324153@3960.jpg 865,306,83,69 719,306,89,75 501,268,179,172 419,306,75,68
F:\车尾画图工具\1363324153@3980.jpg 884,303,77,68 718,305,96,78 507,270,163,159 430,302,72,69
F:\车尾画图工具\1363324153@4000.jpg 917,305,83,67 718,306,98,79 504,274,156,153 432,305,70,66
F:\车尾画图工具\1363324153@4020.jpg 991,302,85,70 714,302,98,79 499,275,148,138 431,304,66,62
F:\车尾画图工具\1363324153@4040.jpg 1135,301,92,75 712,304,100,81 501,276,134,135 430,306,67,58
F:\车尾画图工具\1363324153@4060.jpg 713,301,97,80 495,274,133,130 427,300,63,58
F:\车尾画图工具\1363324153@4080.jpg 717,308,97,81 497,280,126,127 431,308,65,58 642,309,48,44
F:\车尾画图工具\1363324153@4100.jpg 711,303,104,84 634,304,49,44 493,277,122,117 429,302,62,57
F:\车尾画图工具\1363324153@4120.jpg 714,310,106,85 491,281,122,119 429,308,61,57
F:\车尾画图工具\1363324153@4140.jpg 719,302,113,88 496,275,116,115 429,297,63,59
F:\车尾画图工具\1363324153@4160.jpg 738,306,110,93 500,282,116,118 433,306,59,57
F:\车尾画图工具\1363324153@4180.jpg 752,293,118,97 499,271,119,117 432,293,61,54
F:\车尾画图工具\1363324153@4200.jpg 773,292,123,94 493,265,123,119 426,287,63,57
F:\车尾画图工具\1363324153@4220.jpg 810,295,127,104 495,266,126,131 430,296,59,57
F:\车尾画图工具\1363324153@4240.jpg 850,294,130,101 499,264,131,131 435,290,57,57
F:\车尾画图工具\1363324153@4260.jpg 885,298,138,110 503,269,131,132 441,298,61,55
F:\车尾画图工具\1363324153@4280.jpg 931,302,137,110 509,271,133,133
F:\车尾画图工具\1363324153@4300.jpg 962,291,143,116 504,262,140,136 444,292,59,59 742,290,52,49
F:\车尾画图工具\1363324153@4320.jpg 990,292,153,118 748,291,52,44 504,260,139,136
F:\车尾画图工具\1363324153@4340.jpg 1018,297,163,125 505,271,137,136
F:\车尾画图工具\1363324153@4360.jpg 1041,307,167,128 512,273,134,141
F:\车尾画图工具\1363324153@4380.jpg 1047,306,171,126 508,274,134,134 762,298,60,54
F:\车尾画图工具\1363324153@4400.jpg 1053,302,177,128 514,271,129,129 769,289,60,55
F:\车尾画图工具\1363324153@4420.jpg 1074,298,179,133 517,273,122,122
F:\车尾画图工具\1363324153@4440.jpg 1120,297,157,143 525,268,122,120 780,293,63,54 453,302,60,48
F:\车尾画图工具\1363324153@4460.jpg 527,274,123,116 786,296,64,55 456,305,58,50
F:\车尾画图工具\1363324153@4480.jpg 533,278,115,118
F:\车尾画图工具\1363324153@4500.jpg 529,280,118,119 793,297,77,64 447,303,58,56
F:\车尾画图工具\1363324153@4520.jpg 808,290,77,68 531,273,117,118 442,300,61,49
F:\车尾画图工具\1363324153@4540.jpg 826,287,79,69 531,269,127,120
F:\车尾画图工具\1363324153@4560.jpg 532,268,125,121 837,285,88,72 449,292,60,53
F:\车尾画图工具\1363324153@4580.jpg 847,283,93,77 526,271,127,120 445,295,59,52
F:\车尾画图工具\1363324153@4600.jpg 864,287,96,82 521,270,127,123 443,296,61,54
F:\车尾画图工具\1363324153@4620.jpg 894,289,102,87 523,276,122,120 449,302,60,45
F:\车尾画图工具\1363324153@4640.jpg 943,282,117,103 515,274,124,123 445,297,59,51
F:\车尾画图工具\1363324153@4660.jpg 1047,285,136,110 505,278,120,113 436,301,55,53
F:\车尾画图工具\1363324153@4680.jpg 503,272,118,118
F:\车尾画图工具\1363324153@4700.jpg 497,273,120,119 430,302,63,52
F:\车尾画图工具\1363324153@4720.jpg 497,282,116,119
F:\车尾画图工具\1363324153@4740.jpg 502,268,119,126 422,298,65,60 647,301,49,44
F:\车尾画图工具\1363324153@4760.jpg 509,270,125,122 414,298,75,64
F:\车尾画图工具\1363324153@4780.jpg 518,276,123,125 397,301,81,75 671,309,54,45
F:\车尾画图工具\1363324153@4800.jpg 678,304,48,47 522,265,131,133 374,298,89,80
F:\车尾画图工具\1363324153@4820.jpg 527,272,139,135 341,302,101,97 685,310,49,48
F:\车尾画图工具\1363324153@4840.jpg 518,271,143,145 282,303,129,118
F:\车尾画图工具\1363324153@4860.jpg 512,253,153,154 210,280,145,144
F:\车尾画图工具\1363324153@4880.jpg 512,258,157,159 80,284,198,182
F:\车尾画图工具\1363324153@4900.jpg 512,263,161,163 230,301,138,110
F:\车尾画图工具\1363324153@4920.jpg 1004,299,271,236 510,264,162,164 53,305,204,162 328,300,99,88
F:\车尾画图工具\1363324153@4940.jpg 948,297,273,208 502,256,167,173 261,295,130,112
F:\车尾画图工具\1363324153@4960.jpg 903,298,239,184 504,259,175,174 168,296,165,150
F:\车尾画图工具\1363324153@4980.jpg 868,294,203,160 509,254,177,179 1,286,228,205
F:\车尾画图工具\1363324153@5000.jpg 804,298,177,141 483,250,191,187 216,296,145,131
F:\车尾画图工具\1363324153@5020.jpg 676,306,149,124 366,258,204,200 4,305,197,159
F:\车尾画图工具\1363324153@5040.jpg 537,300,150,127 192,245,245,229
F:\车尾画图工具\1363324153@5060.jpg 484,302,150,122 28,237,311,282
F:\车尾画图工具\1363324153@5080.jpg 477,290,162,130
F:\车尾画图工具\1363324153@5100.jpg 477,291,177,149
F:\车尾画图工具\1363324153@5120.jpg 485,292,193,159 1,290,217,201
F:\车尾画图工具\1363324153@5140.jpg 485,289,217,174
F:\车尾画图工具\1363324153@5160.jpg 498,298,220,178
F:\车尾画图工具\1363324153@5180.jpg 496,264,233,196
F:\车尾画图工具\1363324153@5200.jpg 489,282,262,209
F:\车尾画图工具\1363324153@5220.jpg 863,282,170,139 480,286,298,226
F:\车尾画图工具\1363324153@5240.jpg 483,294,308,241 776,282,119,101
F:\车尾画图工具\1363324153@5260.jpg 469,293,324,251
F:\车尾画图工具\1363324153@5280.jpg 461,285,322,250
F:\车尾画图工具\1363324153@5300.jpg 265,286,128,111 452,287,315,249
F:\车尾画图工具\1363324153@5320.jpg 267,279,128,112 441,282,317,248
F:\车尾画图工具\1363324153@5340.jpg 429,283,324,254 275,280,119,108
F:\车尾画图工具\1363324153@5360.jpg 425,291,336,262 296,290,123,101
F:\车尾画图工具\1363324153@5380.jpg 422,298,333,267 325,297,111,102
F:\车尾画图工具\1363324153@5400.jpg 924,303,246,191 419,298,328,255 44,298,198,166
F:\车尾画图工具\1363324153@5420.jpg 790,298,142,123 415,297,315,255 105,293,169,151
F:\车尾画图工具\1363324153@5440.jpg 737,289,101,94 412,293,304,230 158,292,154,132
F:\车尾画图工具\1363324153@5460.jpg 406,299,282,218 701,294,78,69 196,297,141,123
F:\车尾画图工具\1363324153@5480.jpg 671,297,74,63 407,301,253,200 225,301,134,116
F:\车尾画图工具\1363324153@5500.jpg 415,308,221,173 666,297,61,56
F:\车尾画图工具\1363324153@5520.jpg 808,13,277,432 421,303,207,166
F:\车尾画图工具\1363324153@5540.jpg 756,91,204,318 426,302,194,153
F:\车尾画图工具\1363324153@5560.jpg 726,122,173,265 421,302,191,150
F:\车尾画图工具\1363324153@5580.jpg 711,142,156,243 423,300,187,152
F:\车尾画图工具\1363324153@5600.jpg 703,141,146,231 431,293,184,147
F:\车尾画图工具\1363324153@5620.jpg 447,293,174,143 693,145,140,230
F:\车尾画图工具\1363324153@5640.jpg 341,291,99,87 470,293,167,133 686,147,143,223
F:\车尾画图工具\1363324153@5660.jpg 688,149,135,219 484,291,160,133 296,292,119,100
F:\车尾画图工具\1363324153@5680.jpg 691,150,136,218 489,294,166,138 236,294,140,129
F:\车尾画图工具\1363324153@5700.jpg 700,151,128,205 484,287,192,157 116,287,198,165
F:\车尾画图工具\1363324153@5720.jpg 454,285,235,187 687,149,129,200
F:\车尾画图工具\1363324153@5740.jpg 985,285,294,242 421,283,296,236 208,277,147,126 682,152,120,193
F:\车尾画图工具\1363324153@5760.jpg 884,287,214,174 394,284,353,276 176,281,155,136
F:\车尾画图工具\1363324153@5780.jpg 812,287,153,129 665,183,102,158 372,290,390,308 168,286,151,131
F:\车尾画图工具\1363324153@5800.jpg 764,289,114,98 374,294,391,299 169,290,153,130
F:\车尾画图工具\1363324153@5820.jpg 722,292,99,81 381,298,372,300 170,294,152,129
F:\车尾画图工具\1363324153@5840.jpg 977,296,257,196 388,298,354,279 179,293,149,134
F:\车尾画图工具\1363324153@5860.jpg 398,295,333,265
F:\车尾画图工具\1363324153@5880.jpg 423,300,287,224 200,295,143,123
F:\车尾画图工具\1363324153@5900.jpg 435,300,255,206 209,297,138,120
F:\车尾画图工具\1363324153@5920.jpg 433,296,234,192 217,296,125,112
F:\车尾画图工具\1363324153@5940.jpg 427,298,224,182 222,298,125,111
F:\车尾画图工具\1363324153@5960.jpg 814,6,279,428 416,291,228,190 227,291,117,108
F:\车尾画图工具\1363324153@5980.jpg 821,39,255,368 401,294,255,199 241,292,110,104 3,299,112,105
F:\车尾画图工具\1363324153@6000.jpg 846,61,223,351 378,292,294,239 250,292,120,104 50,299,111,97
F:\车尾画图工具\1363324153@6020.jpg 855,83,199,310 336,291,357,278 98,292,106,87
F:\车尾画图工具\1363324153@6040.jpg 305,296,403,321 838,116,176,266 135,295,96,85
F:\车尾画图工具\1363324153@6060.jpg 274,298,435,332 821,136,146,242
F:\车尾画图工具\1363324153@6080.jpg 258,294,460,341 799,160,126,200
F:\车尾画图工具\1363324153@6100.jpg 942,293,195,164 776,176,116,176 252,293,475,370
F:\车尾画图工具\1363324153@6120.jpg 849,294,131,115 226,296,504,383 3,290,127,120
F:\车尾画图工具\1363324153@6140.jpg 910,277,224,214 185,295,561,418 60,288,115,102
F:\车尾画图工具\1363324153@6160.jpg 157,289,600,427 794,280,145,138
F:\车尾画图工具\1363324153@6180.jpg 745,282,110,105 165,289,587,427
F:\车尾画图工具\1363324153@6200.jpg 726,284,82,80 199,293,536,416
F:\车尾画图工具\1363324153@6220.jpg 705,286,72,68 230,299,491,377
F:\车尾画图工具\1363324153@6240.jpg 695,287,61,60 262,291,446,353
F:\车尾画图工具\1363324153@6260.jpg 683,288,54,52 276,296,431,336
F:\车尾画图工具\1363324153@6280.jpg 254,295,446,349 3,291,179,184
F:\车尾画图工具\1363324153@6300.jpg 226,296,447,358 5,291,177,181
F:\车尾画图工具\1363324153@6320.jpg 186,292,455,362 3,293,185,167
F:\车尾画图工具\1363324153@6340.jpg 47,294,486,366 929,291,348,288
F:\车尾画图工具\1363324153@6360.jpg 699,295,212,172 2,291,469,362 509,289,56,47
F:\车尾画图工具\1363324153@6380.jpg 614,293,144,123 4,302,452,343
F:\车尾画图工具\1363324153@6400.jpg 559,300,122,95 9,300,426,320
F:\车尾画图工具\1363324153@6420.jpg 510,295,97,76
F:\车尾画图工具\1363324153@6440.jpg 707,228,210,259 472,295,76,63
F:\车尾画图工具\1363324153@6460.jpg 574,246,150,179 444,293,70,53
F:\车尾画图工具\1363324153@6480.jpg 519,265,107,130 2,300,301,266
F:\车尾画图工具\1363324153@6500.jpg 826,302,203,169 488,276,85,101 293,299,133,122 8,298,289,242
F:\车尾画图工具\1363324153@6520.jpg 712,306,135,115 342,307,126,111 25,307,282,227
F:\车尾画图工具\1363324153@6540.jpg 915,310,364,293 448,305,115,103 118,303,257,208
F:\车尾画图工具\1363324153@6560.jpg 834,309,283,214 526,304,115,101 163,307,248,204
F:\车尾画图工具\1363324153@6580.jpg 825,301,240,190 596,298,118,106 189,297,252,210
F:\车尾画图工具\1363324153@6600.jpg 814,304,221,176 626,299,125,109 179,296,257,216
F:\车尾画图工具\1363324153@6620.jpg 787,304,234,194 127,298,252,206 614,300,135,123
F:\车尾画图工具\1363324153@6640.jpg 839,299,256,210 171,296,243,200 496,291,97,89
F:\车尾画图工具\1363324153@6660.jpg 945,302,300,220 555,292,109,97 259,296,215,186
F:\车尾画图工具\1363324153@6680.jpg 964,300,311,250 750,290,153,137 529,287,124,109 241,289,217,178
F:\车尾画图工具\1363324153@6700.jpg 971,298,308,261 756,290,144,127 509,284,137,126 241,289,203,174
F:\车尾画图工具\1363324153@6720.jpg 927,298,317,244 486,284,151,134 241,289,192,159 738,292,123,106
F:\车尾画图工具\1363324153@6740.jpg 832,298,253,206 439,286,159,146 224,291,175,140
F:\车尾画图工具\1363324153@6760.jpg 734,298,210,168 396,287,170,153 219,296,151,121
F:\车尾画图工具\1363324153@6780.jpg 322,292,186,173 189,297,125,108
F:\车尾画图工具\1363324153@6800.jpg 719,293,488,375 200,290,228,205
F:\车尾画图工具\1363324153@6820.jpg 543,284,386,329 3,280,293,258
F:\车尾画图工具\1363324153@6840.jpg 384,288,361,301
F:\车尾画图工具\1363324153@6860.jpg 304,300,347,281
F:\车尾画图工具\1363324153@6880.jpg 285,289,332,263
F:\车尾画图工具\1363324153@6900.jpg 324,292,290,230
F:\车尾画图工具\1363324153@6920.jpg 387,299,242,195
F:\车尾画图工具\1363324153@6940.jpg 444,305,204,171
F:\车尾画图工具\1363324153@6960.jpg 490,300,182,150
F:\车尾画图工具\1363324153@6980.jpg 528,297,159,134 83,279,175,165
F:\车尾画图工具\1363324153@7000.jpg 552,293,140,117 193,271,154,142
F:\车尾画图工具\1363324153@7020.jpg 560,300,135,114 271,280,132,130
F:\车尾画图工具\1363324153@7040.jpg 563,300,131,107 313,280,130,123
F:\车尾画图工具\1363324153@7060.jpg 551,297,130,110
F:\车尾画图工具\1363324153@7080.jpg 537,300,134,110 332,285,122,109
F:\车尾画图工具\1363324153@7100.jpg 512,297,140,116 329,280,115,106
F:\车尾画图工具\1363324153@7120.jpg 485,292,151,126 327,280,108,99
F:\车尾画图工具\1363324153@7140.jpg 474,289,156,133 335,276,104,95
F:\车尾画图工具\1363324153@7160.jpg 473,286,159,134 347,274,98,91
F:\车尾画图工具\1363324153@7180.jpg 473,296,160,127 335,283,94,86
F:\车尾画图工具\1363324153@7200.jpg 458,300,169,137 302,286,95,82
F:\车尾画图工具\1363324153@7220.jpg 435,294,185,152 275,281,90,81
F:\车尾画图工具\1363324153@7240.jpg 400,283,219,174 258,273,86,82
F:\车尾画图工具\1363324153@7260.jpg 346,277,251,207
F:\车尾画图工具\1363324153@7280.jpg 299,279,267,212
F:\车尾画图工具\1363324153@7300.jpg 295,294,247,198
F:\车尾画图工具\1363324153@7320.jpg 311,288,217,177 48,295,131,109
F:\车尾画图工具\1363324153@7340.jpg 318,299,195,155 160,302,104,92 521,305,93,74 749,297,105,82
F:\车尾画图工具\1363324153@7360.jpg 799,301,132,105 515,308,90,76 296,304,176,138
F:\车尾画图工具\1363324153@7380.jpg 898,284,217,169 500,293,96,77 266,286,159,131
F:\车尾画图工具\1363324153@7400.jpg 499,301,94,79 257,292,149,119
F:\车尾画图工具\1363324153@7420.jpg 499,299,96,82 262,291,135,113
F:\车尾画图工具\1363324153@7440.jpg 490,301,97,82 268,296,115,102
F:\车尾画图工具\1363324153@7460.jpg 498,306,97,82
F:\车尾画图工具\1363324153@7480.jpg 494,305,96,84 3,298,305,242
F:\车尾画图工具\1363324153@7500.jpg 508,306,103,84 109,301,270,230 789,295,85,72
F:\车尾画图工具\1363324153@7520.jpg 868,285,102,94 190,292,269,228
F:\车尾画图工具\1363324153@7540.jpg 995,284,159,142 255,293,275,225
F:\车尾画图工具\1363324153@7560.jpg 318,295,266,235
F:\车尾画图工具\1363324153@7580.jpg 380,291,274,232
F:\车尾画图工具\1363324153@7600.jpg 438,287,272,231
F:\车尾画图工具\1363324153@7620.jpg 476,297,267,229 356,298,88,77
F:\车尾画图工具\1363324153@7640.jpg 486,295,251,205 273,293,68,57 370,293,82,67
F:\车尾画图工具\1363324153@7660.jpg 488,295,246,196 384,296,71,60 286,295,57,55
F:\车尾画图工具\1363324153@7680.jpg 491,295,237,192 404,295,66,55 308,297,59,48
F:\车尾画图工具\1363324153@7700.jpg 512,295,227,180 432,294,60,48 338,295,53,44
F:\车尾画图工具\1363324153@7720.jpg 525,290,222,178 74,301,213,166 453,293,53,43
F:\车尾画图工具\1363324153@7740.jpg 535,295,216,170 189,298,174,137
F:\车尾画图工具\1363324153@7760.jpg 547,300,208,164 270,304,138,119
F:\车尾画图工具\1363324153@7780.jpg 547,299,206,170 815,302,105,85 313,304,131,104
F:\车尾画图工具\1363324153@7800.jpg 539,295,207,170 768,299,102,84 345,301,105,85
F:\车尾画图工具\1363324153@7820.jpg 752,298,85,79 530,292,215,174 371,297,91,75
F:\车尾画图工具\1363324153@7840.jpg 534,293,212,178 732,294,83,77 393,295,81,65 277,285,72,64
F:\车尾画图工具\1363324153@7860.jpg 520,295,220,180 279,288,68,58 33,264,122,132 401,296,68,54
F:\车尾画图工具\1363324153@7880.jpg 489,301,216,168 387,302,61,49 266,297,62,51 69,275,108,114
F:\车尾画图工具\1363324153@7900.jpg 491,299,208,163 132,280,91,99
F:\车尾画图工具\1363324153@7920.jpg 506,305,196,155 184,284,78,84
F:\车尾画图工具\1363324153@7940.jpg 482,301,199,157 198,280,72,82
F:\车尾画图工具\1363324153@7960.jpg 443,295,203,161 201,282,68,74
F:\车尾画图工具\1363324153@7980.jpg 434,299,210,166 230,284,69,68
F:\车尾画图工具\1363324153@8000.jpg 430,298,213,173 52,299,123,108 261,283,58,66
F:\车尾画图工具\1363324153@8020.jpg 426,297,219,176 100,299,105,91
F:\车尾画图工具\1363324153@8040.jpg 437,291,213,170 142,294,95,82
F:\车尾画图工具\1363324153@8060.jpg 451,295,210,166 183,302,82,76 41,299,88,75
F:\车尾画图工具\1363324153@8080.jpg 463,300,200,160 211,305,85,66 96,302,83,69
F:\车尾画图工具\1363324153@8100.jpg 471,297,193,155 397,297,65,57 229,301,78,65 138,299,69,61
F:\车尾画图工具\1363324153@8120.jpg 465,301,190,145 389,297,69,61 247,298,72,60 165,298,64,52
F:\车尾画图工具\1363324153@8140.jpg 476,291,184,148 389,293,71,62 274,295,67,54 201,291,59,52
F:\车尾画图工具\1363324153@8160.jpg 475,283,181,143 377,284,74,64 291,285,60,52 219,283,57,46
F:\车尾画图工具\1363324153@8180.jpg 485,301,171,135 370,302,76,69
F:\车尾画图工具\1363324153@8200.jpg 487,291,170,139 352,297,78,75
F:\车尾画图工具\1363324153@8220.jpg 494,289,160,133 322,291,93,79 4,290,124,108
F:\车尾画图工具\1363324153@8240.jpg 507,307,154,124 305,308,103,93 75,307,106,93
F:\车尾画图工具\1363324153@8260.jpg 523,297,155,128 274,302,121,107 147,301,97,86
F:\车尾画图工具\1363324153@8280.jpg 547,299,150,119 211,301,160,137
F:\车尾画图工具\1363324153@8300.jpg 550,296,151,123 60,297,226,193
F:\车尾画图工具\1363324153@8320.jpg 519,296,153,120
F:\车尾画图工具\1363324153@8340.jpg 485,305,147,116 177,300,71,53
F:\车尾画图工具\1363324153@8360.jpg 457,298,143,119
F:\车尾画图工具\1363324153@8380.jpg 423,295,146,120
F:\车尾画图工具\1363324153@8400.jpg 402,295,151,116
F:\车尾画图工具\1363324153@8420.jpg 370,285,155,122
F:\车尾画图工具\1363324153@8440.jpg 350,296,153,124
F:\车尾画图工具\1363324153@8460.jpg 325,300,162,126
F:\车尾画图工具\1363324153@8480.jpg 321,303,161,126
F:\车尾画图工具\1363324153@8500.jpg 317,298,174,131
F:\车尾画图工具\1363324153@8520.jpg 302,294,185,144
F:\车尾画图工具\1363324153@8540.jpg 295,293,184,148
F:\车尾画图工具\1363324153@8560.jpg 287,308,197,149
F:\车尾画图工具\1363324153@8580.jpg 277,311,197,154 548,313,60,51 680,306,87,74
F:\车尾画图工具\1363324153@8600.jpg 652,297,98,84 280,296,193,181
F:\车尾画图工具\1363324153@8620.jpg 287,290,206,186 632,291,116,100
F:\车尾画图工具\1363324153@8640.jpg 646,289,120,108 308,282,241,207
F:\车尾画图工具\1363324153@8660.jpg 617,290,129,112 285,287,263,226
F:\车尾画图工具\1363324153@8680.jpg 563,287,147,119 242,286,322,255
F:\车尾画图工具\1363324153@8700.jpg 235,279,335,263
F:\车尾画图工具\1363324153@8720.jpg 265,289,329,261
F:\车尾画图工具\1363324153@8740.jpg 296,287,309,241
F:\车尾画图工具\1363324153@8760.jpg 325,296,282,221
F:\车尾画图工具\1363324153@8780.jpg 358,297,254,201
F:\车尾画图工具\1363324153@8800.jpg 391,300,237,187
F:\车尾画图工具\1363324153@8820.jpg 428,300,226,189
F:\车尾画图工具\1363324153@8840.jpg 445,293,229,183
F:\车尾画图工具\1363324153@8860.jpg 462,305,224,173
F:\车尾画图工具\1363324153@8880.jpg 481,301,212,179
F:\车尾画图工具\1363324153@8900.jpg 483,295,209,171
F:\车尾画图工具\1363324153@8920.jpg 473,260,205,165
F:\车尾画图工具\1363324153@8940.jpg 470,288,200,156
F:\车尾画图工具\1363324153@8960.jpg 473,311,196,153 57,237,233,258
F:\车尾画图工具\1363324153@8980.jpg 484,304,189,151 200,245,172,198
F:\车尾画图工具\1363324153@9000.jpg 499,297,184,150 297,249,140,166
