F:\车尾画图工具\1364525973_t@0.jpg 553,323,51,48
F:\车尾画图工具\1364525973_t@20.jpg 535,318,47,43
F:\车尾画图工具\1364525973_t@700.jpg 741,313,117,110
F:\车尾画图工具\1364525973_t@720.jpg 838,308,141,136
F:\车尾画图工具\1364525973_t@740.jpg 884,306,188,179
F:\车尾画图工具\1364525973_t@760.jpg 1076,299,198,259
F:\车尾画图工具\1364525973_t@820.jpg 537,279,58,78
F:\车尾画图工具\1364525973_t@840.jpg 585,279,66,84
F:\车尾画图工具\1364525973_t@860.jpg 578,293,70,69
F:\车尾画图工具\1364525973_t@880.jpg 542,290,72,72
F:\车尾画图工具\1364525973_t@900.jpg 577,284,74,74
F:\车尾画图工具\1364525973_t@920.jpg 630,283,81,82
F:\车尾画图工具\1364525973_t@940.jpg 630,277,88,89
F:\车尾画图工具\1364525973_t@960.jpg 599,273,104,100
F:\车尾画图工具\1364525973_t@980.jpg 620,268,110,113
F:\车尾画图工具\1364525973_t@1000.jpg 681,258,127,131
F:\车尾画图工具\1364525973_t@1020.jpg 710,241,143,145
F:\车尾画图工具\1364525973_t@1040.jpg 699,235,158,177
F:\车尾画图工具\1364525973_t@1060.jpg 725,217,217,205
F:\车尾画图工具\1364525973_t@1080.jpg 809,186,274,258
F:\车尾画图工具\1364525973_t@1100.jpg 914,135,339,341
F:\车尾画图工具\1364525973_t@3320.jpg 826,316,71,64
F:\车尾画图工具\1364525973_t@3360.jpg 864,326,120,95 627,322,50,43
F:\车尾画图工具\1364525973_t@3380.jpg 986,320,177,128
F:\车尾画图工具\1364525973_t@3400.jpg 683,324,57,50
F:\车尾画图工具\1364525973_t@3420.jpg 647,321,68,60
F:\车尾画图工具\1364525973_t@3440.jpg 684,329,79,68
F:\车尾画图工具\1364525973_t@3460.jpg 754,325,94,77
F:\车尾画图工具\1364525973_t@3480.jpg 809,321,107,96
F:\车尾画图工具\1364525973_t@3500.jpg 833,329,139,124
F:\车尾画图工具\1364525973_t@3520.jpg 911,331,196,159
F:\车尾画图工具\1364525973_t@3540.jpg 650,328,44,37
F:\车尾画图工具\1364525973_t@3560.jpg 635,325,46,41
F:\车尾画图工具\1364525973_t@3580.jpg 603,326,50,43
F:\车尾画图工具\1364525973_t@3720.jpg 989,276,81,111 827,318,101,74 560,325,58,48
F:\车尾画图工具\1364525973_t@3740.jpg 911,311,122,90 556,320,56,52
F:\车尾画图工具\1364525973_t@3760.jpg 1002,312,160,115 524,320,57,49
F:\车尾画图工具\1364525973_t@3780.jpg 559,329,58,50
F:\车尾画图工具\1364525973_t@3800.jpg 524,326,61,52
F:\车尾画图工具\1364525973_t@3820.jpg 524,319,61,51
F:\车尾画图工具\1364525973_t@3840.jpg 538,322,59,50
F:\车尾画图工具\1364525973_t@3860.jpg 510,321,62,54
F:\车尾画图工具\1364525973_t@4060.jpg 518,321,72,59
F:\车尾画图工具\1364525973_t@4080.jpg 478,318,75,63
F:\车尾画图工具\1364525973_t@4100.jpg 478,321,77,64
F:\车尾画图工具\1364525973_t@4120.jpg 506,322,76,65
F:\车尾画图工具\1364525973_t@4140.jpg 484,321,84,65
F:\车尾画图工具\1364525973_t@4160.jpg 461,323,81,67
F:\车尾画图工具\1364525973_t@4180.jpg 471,320,83,71
F:\车尾画图工具\1364525973_t@4200.jpg 485,334,89,73
F:\车尾画图工具\1364525973_t@4220.jpg 489,329,86,74
F:\车尾画图工具\1364525973_t@4240.jpg 492,328,89,74 770,283,86,93 606,294,51,69
F:\车尾画图工具\1364525973_t@4260.jpg 801,272,90,108 600,290,51,72 481,325,94,80
F:\车尾画图工具\1364525973_t@4280.jpg 859,266,110,128 608,289,51,77 482,327,96,78
F:\车尾画图工具\1364525973_t@4300.jpg 948,244,143,165 617,282,61,84 487,326,99,85
F:\车尾画图工具\1364525973_t@4320.jpg 1088,198,184,240 623,284,64,88 486,328,102,87
F:\车尾画图工具\1364525973_t@4340.jpg 626,280,64,96 474,326,106,89
F:\车尾画图工具\1364525973_t@4360.jpg 642,272,72,102 480,326,104,87
F:\车尾画图工具\1364525973_t@4380.jpg 650,273,75,107 475,328,107,87
F:\车尾画图工具\1364525973_t@4400.jpg 476,323,111,94 654,266,80,113
F:\车尾画图工具\1364525973_t@4420.jpg 669,265,89,124 481,332,110,92
F:\车尾画图工具\1364525973_t@4440.jpg 679,255,90,134 475,328,108,95
F:\车尾画图工具\1364525973_t@4460.jpg 695,247,103,150 477,327,112,95
F:\车尾画图工具\1364525973_t@4480.jpg 715,242,113,164 478,326,113,98
F:\车尾画图工具\1364525973_t@4500.jpg 736,229,131,189 480,322,114,106
F:\车尾画图工具\1364525973_t@4520.jpg 775,211,153,218 483,319,120,107
F:\车尾画图工具\1364525973_t@4540.jpg 822,188,187,258 609,312,56,64 477,327,127,110
F:\车尾画图工具\1364525973_t@4560.jpg 904,151,229,312 469,322,128,112 613,310,60,67
F:\车尾画图工具\1364525973_t@4580.jpg 1013,97,266,419 619,313,53,64 463,325,134,117
F:\车尾画图工具\1364525973_t@4600.jpg 622,312,55,65 464,326,138,118
F:\车尾画图工具\1364525973_t@4620.jpg 621,306,54,58 464,322,140,120
F:\车尾画图工具\1364525973_t@4640.jpg 624,312,52,55 471,324,141,121
F:\车尾画图工具\1364525973_t@4660.jpg 632,313,54,59 486,325,137,120
F:\车尾画图工具\1364525973_t@4680.jpg 637,312,55,60 488,329,138,121
F:\车尾画图工具\1364525973_t@4700.jpg 639,308,53,58 487,323,135,120
F:\车尾画图工具\1364525973_t@4720.jpg 647,309,50,55 478,320,132,118
F:\车尾画图工具\1364525973_t@4740.jpg 645,312,52,57 761,329,38,38 471,324,132,112
F:\车尾画图工具\1364525973_t@4760.jpg 645,310,54,60 777,328,42,40 469,327,134,108
F:\车尾画图工具\1364525973_t@4780.jpg 651,312,51,60 796,332,50,43 475,329,133,107
F:\车尾画图工具\1364525973_t@4800.jpg 485,320,126,104 654,307,54,57 823,323,49,46
F:\车尾画图工具\1364525973_t@4820.jpg 847,333,62,54 658,313,56,60 488,328,124,101
F:\车尾画图工具\1364525973_t@4840.jpg 882,328,67,59 661,307,56,63 491,325,121,104
F:\车尾画图工具\1364525973_t@4860.jpg 931,331,80,66 667,312,58,61 500,327,112,96
F:\车尾画图工具\1364525973_t@4880.jpg 993,330,98,79 667,310,59,62 497,325,114,98
F:\车尾画图工具\1364525973_t@4900.jpg 1090,335,123,97 674,312,61,64 505,327,112,96
F:\车尾画图工具\1364525973_t@4920.jpg 675,311,58,59 502,324,107,95
F:\车尾画图工具\1364525973_t@4940.jpg 673,311,65,69 503,325,110,96
F:\车尾画图工具\1364525973_t@4960.jpg 695,306,64,70 522,322,104,93
F:\车尾画图工具\1364525973_t@4980.jpg 713,307,65,73 528,326,103,95
F:\车尾画图工具\1364525973_t@5000.jpg 691,309,72,75 492,324,112,95
F:\车尾画图工具\1364525973_t@5020.jpg 711,304,73,79 507,319,109,97
F:\车尾画图工具\1364525973_t@5040.jpg 746,301,81,88 525,322,108,92
F:\车尾画图工具\1364525973_t@5060.jpg 731,302,92,99 498,324,111,97
F:\车尾画图工具\1364525973_t@5080.jpg 770,299,96,102 518,321,113,97
F:\车尾画图工具\1364525973_t@5100.jpg 774,298,105,117 499,321,115,101
F:\车尾画图工具\1364525973_t@5120.jpg 807,293,114,125 511,319,115,102
F:\车尾画图工具\1364525973_t@5140.jpg 837,291,125,139 515,326,116,96
F:\车尾画图工具\1364525973_t@5160.jpg 831,289,142,155 486,325,121,102
F:\车尾画图工具\1364525973_t@5180.jpg 883,287,159,171 504,326,124,107
F:\车尾画图工具\1364525973_t@5200.jpg 929,277,179,195 508,324,126,107
F:\车尾画图工具\1364525973_t@5220.jpg 952,266,215,223 476,319,141,113
F:\车尾画图工具\1364525973_t@5240.jpg 1023,252,256,265 494,315,145,126
F:\车尾画图工具\1364525973_t@5260.jpg 509,321,141,121 704,295,36,47
F:\车尾画图工具\1364525973_t@5280.jpg 492,319,148,129 700,292,38,55
F:\车尾画图工具\1364525973_t@5300.jpg 491,318,150,131 697,287,42,61
F:\车尾画图工具\1364525973_t@5320.jpg 498,326,155,134 717,293,49,66
F:\车尾画图工具\1364525973_t@5340.jpg 732,286,53,72 493,323,157,134
F:\车尾画图工具\1364525973_t@5360.jpg 746,279,58,86 486,323,160,138
F:\车尾画图工具\1364525973_t@5380.jpg 774,275,71,98 485,327,165,139
F:\车尾画图工具\1364525973_t@5400.jpg 816,265,78,114 490,328,172,144
F:\车尾画图工具\1364525973_t@5420.jpg 876,255,98,139 692,311,39,44 494,323,181,155
F:\车尾画图工具\1364525973_t@5440.jpg 964,234,120,168 701,308,43,45 500,321,183,156
F:\车尾画图工具\1364525973_t@5460.jpg 712,314,41,42 492,325,193,158
F:\车尾画图工具\1364525973_t@5480.jpg 719,307,40,49 479,320,192,163
F:\车尾画图工具\1364525973_t@5500.jpg 729,310,43,44 473,320,189,162
F:\车尾画图工具\1364525973_t@5520.jpg 738,311,42,48 474,325,188,160
F:\车尾画图工具\1364525973_t@5540.jpg 738,311,46,53 463,323,191,159
F:\车尾画图工具\1364525973_t@5560.jpg 744,310,43,53 465,324,184,157
F:\车尾画图工具\1364525973_t@5580.jpg 1063,256,216,266 748,310,49,51 472,319,178,155
F:\车尾画图工具\1364525973_t@5600.jpg 1030,260,230,239 751,309,50,53 473,319,170,146
F:\车尾画图工具\1364525973_t@5620.jpg 1001,268,208,220 758,315,47,51 477,326,166,141
F:\车尾画图工具\1364525973_t@5640.jpg 970,276,196,204 478,325,159,138 763,313,46,54
F:\车尾画图工具\1364525973_t@5660.jpg 627,253,64,108 962,273,180,194 482,323,151,131 770,308,49,56
F:\车尾画图工具\1364525973_t@5680.jpg 966,280,166,179 774,311,48,53 483,326,147,125 632,252,69,108
F:\车尾画图工具\1364525973_t@5700.jpg 972,279,165,173 774,310,51,56 625,247,83,120 481,321,144,127
F:\车尾画图工具\1364525973_t@5720.jpg 998,290,150,166 780,316,53,56 494,331,136,120 640,246,77,128
F:\车尾画图工具\1364525973_t@5740.jpg 1012,284,150,156 789,307,47,61 639,236,92,133 491,324,135,122
F:\车尾画图工具\1364525973_t@5760.jpg 1040,284,141,151 786,312,54,55 646,229,94,144 488,325,135,117
F:\车尾画图工具\1364525973_t@5780.jpg 1070,288,146,158 788,313,56,57 656,215,99,165 491,327,132,116
F:\车尾画图工具\1364525973_t@5800.jpg 1097,285,144,153 793,309,54,61 669,204,107,182 491,327,131,110
F:\车尾画图工具\1364525973_t@5820.jpg 1122,288,136,154 684,189,124,204 482,327,133,111
F:\车尾画图工具\1364525973_t@5840.jpg 1141,286,136,152 691,163,145,243 481,327,133,112
F:\车尾画图工具\1364525973_t@5860.jpg 733,127,168,293 491,325,130,118
F:\车尾画图工具\1364525973_t@5880.jpg 786,69,198,373 482,326,135,118
F:\车尾画图工具\1364525973_t@5900.jpg 878,3,372,492 487,326,138,120
F:\车尾画图工具\1364525973_t@5920.jpg 481,326,140,115
F:\车尾画图工具\1364525973_t@5940.jpg 474,324,139,120
F:\车尾画图工具\1364525973_t@5960.jpg 838,306,65,74 486,328,135,114
F:\车尾画图工具\1364525973_t@5980.jpg 1041,288,140,157 842,308,68,77 499,326,126,116
F:\车尾画图工具\1364525973_t@6000.jpg 1009,289,141,150 521,328,127,108
F:\车尾画图工具\1364525973_t@6020.jpg 978,290,140,153 531,330,124,108
F:\车尾画图工具\1364525973_t@6040.jpg 956,289,141,157 529,327,119,106
F:\车尾画图工具\1364525973_t@6060.jpg 942,280,145,162 526,325,122,104
F:\车尾画图工具\1364525973_t@6080.jpg 927,283,157,169 525,326,111,99
F:\车尾画图工具\1364525973_t@6100.jpg 931,278,169,185 525,326,113,95
F:\车尾画图工具\1364525973_t@6120.jpg 943,273,188,204 519,328,115,94
F:\车尾画图工具\1364525973_t@6140.jpg 1002,265,221,232 542,319,113,94
F:\车尾画图工具\1364525973_t@6160.jpg 574,319,110,95
F:\车尾画图工具\1364525973_t@6180.jpg 595,322,110,94
F:\车尾画图工具\1364525973_t@6200.jpg 636,325,113,96
F:\车尾画图工具\1364525973_t@6220.jpg 682,320,115,99
F:\车尾画图工具\1364525973_t@6240.jpg 710,320,116,105
F:\车尾画图工具\1364525973_t@6260.jpg 710,324,124,109
F:\车尾画图工具\1364525973_t@6280.jpg 687,328,127,110
F:\车尾画图工具\1364525973_t@6300.jpg 589,321,132,120
F:\车尾画图工具\1364525973_t@6320.jpg 708,323,100,88 528,327,132,116
F:\车尾画图工具\1364525973_t@6340.jpg 739,326,121,99 485,324,144,127
F:\车尾画图工具\1364525973_t@6360.jpg 791,317,144,121 466,320,152,130 653,321,61,53
F:\车尾画图工具\1364525973_t@6380.jpg 873,319,177,147 677,322,63,58 468,325,155,131
F:\车尾画图工具\1364525973_t@6400.jpg 960,312,236,190 678,317,63,60 461,319,162,137
F:\车尾画图工具\1364525973_t@6420.jpg 670,321,65,61 448,323,162,143
F:\车尾画图工具\1364525973_t@6440.jpg 671,326,67,65 445,324,169,147
F:\车尾画图工具\1364525973_t@6460.jpg 685,326,69,65 454,328,171,143
F:\车尾画图工具\1364525973_t@6480.jpg 691,321,77,65 459,320,174,151
F:\车尾画图工具\1364525973_t@6500.jpg 692,323,81,70 467,326,174,145
F:\车尾画图工具\1364525973_t@6520.jpg 687,325,81,69 467,325,179,149 1016,317,82,74
F:\车尾画图工具\1364525973_t@6540.jpg 1102,315,96,94 673,324,82,75 456,325,173,147 784,301,62,70
F:\车尾画图工具\1364525973_t@6560.jpg 815,296,76,81 680,326,87,76 464,329,173,143
F:\车尾画图工具\1364525973_t@6580.jpg 852,291,91,95 681,323,89,75 474,325,171,148
F:\车尾画图工具\1364525973_t@6600.jpg 895,278,109,115 670,323,86,78 467,325,175,154
F:\车尾画图工具\1364525973_t@6620.jpg 1001,268,147,154 679,327,84,75 476,325,176,155
F:\车尾画图工具\1364525973_t@6640.jpg 679,328,85,70 476,325,179,155
F:\车尾画图工具\1364525973_t@6660.jpg 676,321,86,77 473,322,178,149
F:\车尾画图工具\1364525973_t@6680.jpg 686,326,83,70 473,329,172,139
F:\车尾画图工具\1364525973_t@6700.jpg 698,323,82,71 477,324,169,148
F:\车尾画图工具\1364525973_t@6720.jpg 700,321,80,72 470,322,166,145
F:\车尾画图工具\1364525973_t@6740.jpg 714,328,76,70 471,331,164,140
F:\车尾画图工具\1364525973_t@6760.jpg 721,323,82,72 476,324,170,140
F:\车尾画图工具\1364525973_t@6780.jpg 729,326,76,73 481,328,167,142
F:\车尾画图工具\1364525973_t@6800.jpg 722,319,79,74 474,321,164,141
F:\车尾画图工具\1364525973_t@6820.jpg 719,322,80,73 464,324,165,140
F:\车尾画图工具\1364525973_t@6840.jpg 724,324,84,76 460,323,165,142
F:\车尾画图工具\1364525973_t@6860.jpg 737,323,88,79 457,325,166,143
F:\车尾画图工具\1364525973_t@6880.jpg 747,326,93,80 461,325,162,144
F:\车尾画图工具\1364525973_t@6900.jpg 758,322,90,87 455,325,165,144
F:\车尾画图工具\1364525973_t@6920.jpg 760,321,99,90 461,322,168,148
F:\车尾画图工具\1364525973_t@6940.jpg 763,323,102,94 470,327,166,143
F:\车尾画图工具\1364525973_t@6960.jpg 770,319,107,93 469,323,169,143
F:\车尾画图工具\1364525973_t@6980.jpg 764,322,115,102 460,323,171,149
F:\车尾画图工具\1364525973_t@7000.jpg 762,324,116,103 445,324,172,148
F:\车尾画图工具\1364525973_t@7020.jpg 780,320,116,105 449,318,172,148
F:\车尾画图工具\1364525973_t@7040.jpg 796,321,120,110 453,325,176,147
F:\车尾画图工具\1364525973_t@7060.jpg 804,324,127,110 461,325,173,147
F:\车尾画图工具\1364525973_t@7080.jpg 796,326,135,112 458,324,172,150
F:\车尾画图工具\1364525973_t@7100.jpg 803,320,131,117 457,321,169,152
F:\车尾画图工具\1364525973_t@7120.jpg 812,322,135,120 457,320,177,152
F:\车尾画图工具\1364525973_t@7140.jpg 814,319,140,122 453,323,179,150
F:\车尾画图工具\1364525973_t@7160.jpg 809,318,155,126 468,317,169,153
F:\车尾画图工具\1364525973_t@7180.jpg 832,320,156,135 477,319,172,154
F:\车尾画图工具\1364525973_t@7200.jpg 851,320,160,144 478,318,164,147
F:\车尾画图工具\1364525973_t@7220.jpg 883,318,174,145 486,321,156,140
F:\车尾画图工具\1364525973_t@7240.jpg 920,321,186,158 492,323,158,136
F:\车尾画图工具\1364525973_t@7260.jpg 954,319,206,171 498,318,151,133
F:\车尾画图工具\1364525973_t@7280.jpg 986,322,225,179 504,321,148,123
F:\车尾画图工具\1364525973_t@7300.jpg 1024,316,239,194 512,317,143,122
F:\车尾画图工具\1364525973_t@7320.jpg 1059,320,218,206 522,321,136,117
F:\车尾画图工具\1364525973_t@7340.jpg 1087,319,192,214 531,323,133,115
F:\车尾画图工具\1364525973_t@7360.jpg 544,324,127,106
F:\车尾画图工具\1364525973_t@7380.jpg 552,331,123,102
F:\车尾画图工具\1364525973_t@7400.jpg 556,328,117,106
F:\车尾画图工具\1364525973_t@7420.jpg 546,327,116,104
F:\车尾画图工具\1364525973_t@7440.jpg 543,330,115,100
F:\车尾画图工具\1364525973_t@7460.jpg 536,329,110,96
F:\车尾画图工具\1364525973_t@7480.jpg 534,330,108,93
F:\车尾画图工具\1364525973_t@7500.jpg 529,327,104,93
F:\车尾画图工具\1364525973_t@7520.jpg 522,331,103,90
F:\车尾画图工具\1364525973_t@7540.jpg 1087,325,157,111 521,328,100,86 715,325,40,38
F:\车尾画图工具\1364525973_t@7560.jpg 1036,324,136,105 521,327,97,86 719,324,43,39
F:\车尾画图工具\1364525973_t@7580.jpg 987,325,119,97 734,323,43,40 524,327,93,81
F:\车尾画图工具\1364525973_t@7600.jpg 926,321,109,89 733,316,42,45 521,320,95,81
F:\车尾画图工具\1364525973_t@7620.jpg 873,336,100,82 739,331,42,44 528,335,86,76
F:\车尾画图工具\1364525973_t@7640.jpg 821,321,91,83 733,317,47,45 521,323,84,74
F:\车尾画图工具\1364525973_t@7660.jpg 787,329,82,77 520,330,81,72
F:\车尾画图工具\1364525973_t@7680.jpg 760,324,83,74 526,324,81,71
F:\车尾画图工具\1364525973_t@7700.jpg 742,326,77,69 531,325,79,69
F:\车尾画图工具\1364525973_t@7720.jpg 720,330,76,71 534,331,75,66
F:\车尾画图工具\1364525973_t@7740.jpg 816,317,66,65 717,323,75,70 540,325,73,65
F:\车尾画图工具\1364525973_t@7760.jpg 837,314,78,75 699,322,77,73 535,324,72,64
F:\车尾画图工具\1364525973_t@7780.jpg 884,309,89,86 709,321,76,66 542,322,71,61
F:\车尾画图工具\1364525973_t@7800.jpg 937,296,101,96 710,308,76,67 542,311,65,54
F:\车尾画图工具\1364525973_t@7820.jpg 1021,309,119,113 728,322,76,69 555,324,64,60
F:\车尾画图工具\1364525973_t@7840.jpg 747,331,70,65 569,332,63,54
F:\车尾画图工具\1364525973_t@7860.jpg 753,324,66,66 583,324,59,53
F:\车尾画图工具\1364525973_t@7880.jpg 759,325,70,59 604,323,60,51
F:\车尾画图工具\1364525973_t@7900.jpg 1004,326,272,217 754,325,64,60 606,323,58,49
F:\车尾画图工具\1364525973_t@7920.jpg 948,327,235,189 748,325,70,56 607,324,60,49
F:\车尾画图工具\1364525973_t@7940.jpg 930,327,199,166 770,327,66,55 625,327,61,49
F:\车尾画图工具\1364525973_t@7960.jpg 908,328,179,155 780,329,61,55 632,327,59,50
F:\车尾画图工具\1364525973_t@7980.jpg 910,322,157,141 791,325,63,48 640,323,62,51
F:\车尾画图工具\1364525973_t@8000.jpg 899,332,140,122 803,331,57,47 646,328,60,50
F:\车尾画图工具\1364525973_t@8020.jpg 900,327,121,110 657,323,62,49
F:\车尾画图工具\1364525973_t@8040.jpg 871,329,112,99 651,328,60,47
F:\车尾画图工具\1364525973_t@8060.jpg 865,335,94,89 660,333,59,47
F:\车尾画图工具\1364525973_t@8080.jpg 857,327,87,81 673,323,59,51
F:\车尾画图工具\1364525973_t@8100.jpg 842,336,77,71 669,329,60,50
F:\车尾画图工具\1364525973_t@8120.jpg 830,332,78,68 668,328,59,52
F:\车尾画图工具\1364525973_t@8140.jpg 832,330,76,68 670,329,56,48
F:\车尾画图工具\1364525973_t@8160.jpg 834,330,74,62 661,324,59,52
F:\车尾画图工具\1364525973_t@8180.jpg 857,334,66,61 674,330,62,51
F:\车尾画图工具\1364525973_t@8200.jpg 857,334,65,52
F:\车尾画图工具\1364525973_t@8220.jpg 862,328,63,57 680,324,61,55
F:\车尾画图工具\1364525973_t@8240.jpg 851,327,57,55 667,322,64,52
F:\车尾画图工具\1364525973_t@8260.jpg 843,327,58,50 662,323,59,53
F:\车尾画图工具\1364525973_t@8280.jpg 837,327,55,47 649,324,67,55
F:\车尾画图工具\1364525973_t@8300.jpg 837,323,50,46 648,323,62,57
F:\车尾画图工具\1364525973_t@8320.jpg 632,320,68,59 817,324,55,46
F:\车尾画图工具\1364525973_t@8340.jpg 814,327,54,47 628,326,73,62
F:\车尾画图工具\1364525973_t@8360.jpg 811,324,55,48 625,323,79,64
F:\车尾画图工具\1364525973_t@8380.jpg 809,328,53,43 621,324,83,70
F:\车尾画图工具\1364525973_t@8400.jpg 786,317,52,44 600,316,88,75
F:\车尾画图工具\1364525973_t@8420.jpg 594,319,93,81 780,320,53,47
F:\车尾画图工具\1364525973_t@8440.jpg 577,321,102,87 763,322,50,44
F:\车尾画图工具\1364525973_t@8460.jpg 554,322,109,95 743,318,49,49
F:\车尾画图工具\1364525973_t@8480.jpg 540,319,114,98 731,319,49,41
F:\车尾画图工具\1364525973_t@8500.jpg 524,322,121,102 721,321,49,44
F:\车尾画图工具\1364525973_t@8520.jpg 521,320,127,113 721,321,47,41
F:\车尾画图工具\1364525973_t@8540.jpg 516,318,131,115
F:\车尾画图工具\1364525973_t@8560.jpg 507,323,137,116
F:\车尾画图工具\1364525973_t@8580.jpg 500,321,140,121
F:\车尾画图工具\1364525973_t@8600.jpg 501,325,138,119
F:\车尾画图工具\1364525973_t@8620.jpg 500,327,137,116
F:\车尾画图工具\1364525973_t@8640.jpg 489,329,139,115
F:\车尾画图工具\1364525973_t@8660.jpg 487,325,140,119
F:\车尾画图工具\1364525973_t@8680.jpg 496,326,142,122
F:\车尾画图工具\1364525973_t@8700.jpg 501,328,142,121
F:\车尾画图工具\1364525973_t@8720.jpg 493,327,143,123
F:\车尾画图工具\1364525973_t@8740.jpg 484,325,147,122
F:\车尾画图工具\1364525973_t@8760.jpg 481,324,146,125
F:\车尾画图工具\1364525973_t@8780.jpg 482,326,148,121
F:\车尾画图工具\1364525973_t@8800.jpg 960,321,240,183
F:\车尾画图工具\1364525973_t@8820.jpg 864,321,188,151 469,320,153,128
F:\车尾画图工具\1364525973_t@8840.jpg 801,324,153,127 475,327,147,120
F:\车尾画图工具\1364525973_t@8860.jpg 752,325,126,106 477,329,141,117
F:\车尾画图工具\1364525973_t@8880.jpg 703,326,109,95 474,324,136,120
F:\车尾画图工具\1364525973_t@8900.jpg 669,327,101,86 474,328,136,115 1088,329,58,48
F:\车尾画图工具\1364525973_t@8920.jpg 985,330,52,37 650,327,87,76 482,329,134,110
F:\车尾画图工具\1364525973_t@8940.jpg 1127,327,70,50 621,325,78,69 486,326,130,112
F:\车尾画图工具\1364525973_t@8960.jpg 490,328,127,112
F:\车尾画图工具\1364525973_t@8980.jpg 490,328,129,111
F:\车尾画图工具\1364525973_t@9000.jpg 488,327,126,112
