F:\车尾画图工具\1364525067_t@1600.jpg 536,320,108,99 677,327,51,46 237,321,138,117 396,324,68,64
F:\车尾画图工具\1364525067_t@1620.jpg 681,335,57,50 550,329,112,105 252,330,137,120 406,332,68,61
F:\车尾画图工具\1364525067_t@1640.jpg 992,330,53,48 677,326,60,55 554,321,121,118 252,321,138,115 404,323,66,62
F:\车尾画图工具\1364525067_t@1660.jpg 990,325,57,50 687,327,60,56 561,323,136,123 265,324,133,116 410,326,64,60
F:\车尾画图工具\1364525067_t@1680.jpg 574,325,149,135 997,326,55,49 288,326,126,111 424,327,58,62
F:\车尾画图工具\1364525067_t@1700.jpg 1021,329,61,45 619,323,164,153 343,332,125,107
F:\车尾画图工具\1364525067_t@1720.jpg 1051,327,62,55 685,321,191,173 406,326,124,102
F:\车尾画图工具\1364525067_t@1740.jpg 1083,335,64,54 791,330,230,203 671,330,49,46 484,329,113,101
F:\车尾画图工具\1364525067_t@1760.jpg 911,323,292,258 692,328,52,46 546,324,112,99
F:\车尾画图工具\1364525067_t@1780.jpg 726,331,54,45 602,328,105,87 915,331,89,79 547,329,63,56
F:\车尾画图工具\1364525067_t@1800.jpg 956,324,106,101 1092,331,72,55 741,329,58,50 621,327,104,86 541,324,62,55
F:\车尾画图工具\1364525067_t@1820.jpg 1014,335,132,109 761,331,63,58 641,328,97,81 543,328,57,53
F:\车尾画图工具\1364525067_t@1840.jpg 1113,338,164,134 787,335,74,61 649,328,94,82 540,324,60,58
F:\车尾画图工具\1364525067_t@1860.jpg 1062,331,77,65 832,330,79,72 660,327,82,72 542,327,63,55
F:\车尾画图工具\1364525067_t@1880.jpg 1048,337,76,63 881,336,95,86 650,332,83,70 541,333,62,52
F:\车尾画图工具\1364525067_t@1900.jpg 944,330,118,107 636,326,75,65 523,325,63,54
F:\车尾画图工具\1364525067_t@1920.jpg 1072,330,169,133 639,325,80,64 533,326,63,54
F:\车尾画图工具\1364525067_t@1940.jpg 1025,330,83,65 659,328,62,54 545,331,60,56
F:\车尾画图工具\1364525067_t@1960.jpg 982,331,85,72 624,322,61,54 509,323,68,59
F:\车尾画图工具\1364525067_t@1980.jpg 973,323,93,74 622,318,61,50 520,321,70,55
F:\车尾画图工具\1364525067_t@2000.jpg 974,328,89,76 620,322,59,48 547,326,69,57
F:\车尾画图工具\1364525067_t@2020.jpg 978,330,94,78 583,326,71,61 519,323,52,44
F:\车尾画图工具\1364525067_t@2040.jpg 959,329,99,84 592,324,70,61 509,319,51,47
F:\车尾画图工具\1364525067_t@2060.jpg 979,332,105,83 622,324,74,62 524,323,52,45
F:\车尾画图工具\1364525067_t@2080.jpg 985,336,102,83 623,324,77,59 516,321,55,49
F:\车尾画图工具\1364525067_t@2100.jpg 1011,336,107,88 639,322,73,65 526,320,59,51
F:\车尾画图工具\1364525067_t@2120.jpg 1009,332,116,91 632,323,71,59 580,321,41,38 516,321,58,50
F:\车尾画图工具\1364525067_t@2140.jpg 1026,336,123,98 647,326,69,56 529,323,59,51
F:\车尾画图工具\1364525067_t@2160.jpg 1037,329,125,108 639,324,69,61 518,323,64,54
F:\车尾画图工具\1364525067_t@2180.jpg 1084,328,135,113 668,321,65,57 544,323,63,56
F:\车尾画图工具\1364525067_t@2200.jpg 1079,337,141,116 642,326,64,54 518,327,71,58
F:\车尾画图工具\1364525067_t@2220.jpg 1116,335,163,117 654,327,65,53 533,326,67,58
F:\车尾画图工具\1364525067_t@2240.jpg 1152,325,125,125 650,322,63,53 532,320,71,62
F:\车尾画图工具\1364525067_t@2260.jpg 621,333,64,51 501,330,76,64
F:\车尾画图工具\1364525067_t@2280.jpg 649,326,63,49 528,327,81,66
F:\车尾画图工具\1364525067_t@2300.jpg 648,323,60,50 523,325,81,66
F:\车尾画图工具\1364525067_t@2320.jpg 619,326,59,48 492,326,85,69
F:\车尾画图工具\1364525067_t@2340.jpg 622,323,58,50 501,324,86,70
F:\车尾画图工具\1364525067_t@2360.jpg 635,330,58,47 517,331,93,76
F:\车尾画图工具\1364525067_t@2380.jpg 522,326,96,81
F:\车尾画图工具\1364525067_t@2400.jpg 518,332,98,79 629,331,57,46 695,321,40,38
F:\车尾画图工具\1364525067_t@2420.jpg 504,326,101,85 621,327,48,46 686,317,36,46
F:\车尾画图工具\1364525067_t@2440.jpg 679,319,39,41 609,326,53,47 495,323,103,86
F:\车尾画图工具\1364525067_t@2460.jpg 681,321,41,45 604,329,54,44 483,331,111,88
F:\车尾画图工具\1364525067_t@2480.jpg 688,311,41,43 606,320,49,41 482,317,111,92
F:\车尾画图工具\1364525067_t@2500.jpg 696,321,39,42 607,330,51,41 481,329,113,87
F:\车尾画图工具\1364525067_t@2520.jpg 694,325,44,45 606,335,50,41 479,338,114,92
F:\车尾画图工具\1364525067_t@2540.jpg 691,312,44,45 601,323,48,40 472,324,119,93
F:\车尾画图工具\1364525067_t@2560.jpg 702,312,43,43 608,322,49,38 475,319,119,99
F:\车尾画图工具\1364525067_t@2580.jpg 719,322,39,49 620,332,43,40 478,332,128,105
F:\车尾画图工具\1364525067_t@2600.jpg 718,317,40,47 616,329,47,37 473,327,133,106
F:\车尾画图工具\1364525067_t@2620.jpg 717,313,42,50 617,322,46,39 466,321,138,109
F:\车尾画图工具\1364525067_t@2640.jpg 720,318,43,47 619,327,43,37 466,327,141,112
F:\车尾画图工具\1364525067_t@2660.jpg 723,312,39,44 621,322,44,36 464,319,143,115
F:\车尾画图工具\1364525067_t@2680.jpg 718,314,39,45 617,324,40,36 454,322,145,118
F:\车尾画图工具\1364525067_t@2700.jpg 717,318,38,44 620,328,41,35 455,326,143,117
F:\车尾画图工具\1364525067_t@2720.jpg 717,320,36,44 617,329,44,35 454,327,144,117
F:\车尾画图工具\1364525067_t@2740.jpg 711,317,37,44 614,326,40,35 452,324,139,116
F:\车尾画图工具\1364525067_t@2760.jpg 706,314,37,43 608,322,45,34 452,323,139,111
F:\车尾画图工具\1364525067_t@2780.jpg 696,319,39,41 604,325,38,34 452,328,140,111
F:\车尾画图工具\1364525067_t@2800.jpg 690,315,37,42 597,321,42,36 451,321,138,110
F:\车尾画图工具\1364525067_t@2820.jpg 684,323,35,41 594,334,42,31 456,332,136,110 1134,334,144,136
F:\车尾画图工具\1364525067_t@2840.jpg 677,319,38,38 591,326,42,34 457,327,134,109
F:\车尾画图工具\1364525067_t@2860.jpg 946,326,231,187 683,312,37,43 468,323,133,111 604,323,37,34
F:\车尾画图工具\1364525067_t@2880.jpg 1043,329,140,116 845,330,170,146 688,319,37,38 477,326,129,108 604,326,42,36
F:\车尾画图工具\1364525067_t@2900.jpg 1016,333,128,106 782,329,134,115 477,322,134,109 687,316,35,39
F:\车尾画图工具\1364525067_t@2920.jpg 988,328,121,96 742,326,113,100 488,322,131,110 690,316,34,39
F:\车尾画图工具\1364525067_t@2940.jpg 965,334,108,85 717,325,98,92 493,329,129,101
F:\车尾画图工具\1364525067_t@2960.jpg 947,331,101,83 702,330,85,74 499,327,128,103
F:\车尾画图工具\1364525067_t@2980.jpg 921,330,94,78 676,327,79,71 496,323,127,107
F:\车尾画图工具\1364525067_t@3000.jpg 904,334,85,72 654,327,72,67 497,329,126,103
F:\车尾画图工具\1364525067_t@3020.jpg 889,328,86,71 645,326,65,59 498,324,131,109
F:\车尾画图工具\1364525067_t@3040.jpg 883,333,80,69 497,325,129,107 627,328,66,56 695,321,33,39
F:\车尾画图工具\1364525067_t@3060.jpg 869,327,80,70 692,316,34,40 620,326,54,51 491,325,132,106
F:\车尾画图工具\1364525067_t@3080.jpg 866,328,79,67 693,315,37,41 493,321,135,114
F:\车尾画图工具\1364525067_t@3100.jpg 869,326,74,62 702,312,39,38 498,323,139,108
F:\车尾画图工具\1364525067_t@3120.jpg 861,322,74,67 705,312,39,41 497,322,134,111
F:\车尾画图工具\1364525067_t@3140.jpg 857,326,74,64 712,315,39,41 620,322,53,45 495,318,138,115
F:\车尾画图工具\1364525067_t@3160.jpg 856,336,74,66 715,322,39,44 495,331,138,112
F:\车尾画图工具\1364525067_t@3180.jpg 856,329,78,70 714,317,43,44 493,328,137,111
F:\车尾画图工具\1364525067_t@3200.jpg 847,325,77,65 705,310,42,43 478,322,137,112
F:\车尾画图工具\1364525067_t@3220.jpg 849,324,79,66 708,310,43,46 473,325,139,110
F:\车尾画图工具\1364525067_t@3240.jpg 852,326,81,69 713,311,44,51 610,324,38,34 469,325,141,112
F:\车尾画图工具\1364525067_t@3260.jpg 859,331,82,69 719,316,44,50 610,327,41,37 472,318,136,113
F:\车尾画图工具\1364525067_t@3280.jpg 858,345,83,71 725,327,44,53 617,339,36,35 474,337,137,113
F:\车尾画图工具\1364525067_t@3300.jpg 841,329,83,73 721,316,43,51 609,325,38,33 471,326,135,112
F:\车尾画图工具\1364525067_t@3320.jpg 831,331,82,69 731,314,45,52 618,326,36,31 481,326,135,109
F:\车尾画图工具\1364525067_t@3340.jpg 804,330,83,73 732,316,44,50 478,326,136,109
F:\车尾画图工具\1364525067_t@3360.jpg 782,332,77,69 482,329,131,109
F:\车尾画图工具\1364525067_t@3380.jpg 761,326,77,68 483,322,135,110
F:\车尾画图工具\1364525067_t@3400.jpg 738,329,75,62 477,326,135,111
F:\车尾画图工具\1364525067_t@3420.jpg 725,329,72,66 474,325,136,112
F:\车尾画图工具\1364525067_t@3440.jpg 719,325,73,66 474,324,141,115
F:\车尾画图工具\1364525067_t@3460.jpg 716,327,73,63 783,311,55,66 481,322,141,113
F:\车尾画图工具\1364525067_t@3480.jpg 795,311,59,70 712,331,73,62 490,328,138,111
F:\车尾画图工具\1364525067_t@3500.jpg 817,309,61,70 715,327,70,60 501,326,134,112 1073,327,204,235
F:\车尾画图工具\1364525067_t@3520.jpg 1028,329,250,218 822,310,60,73 701,330,71,58 491,324,139,113
F:\车尾画图工具\1364525067_t@3540.jpg 1012,338,246,196 825,312,66,74 695,332,69,60 487,330,134,109
F:\车尾画图工具\1364525067_t@3560.jpg 997,327,231,183 835,302,69,78 694,319,69,60 484,320,134,111
F:\车尾画图工具\1364525067_t@3580.jpg 970,334,216,170 840,308,72,75 687,327,69,55 481,325,135,109
F:\车尾画图工具\1364525067_t@3600.jpg 930,325,197,161 692,325,57,50 484,321,127,105
F:\车尾画图工具\1364525067_t@3620.jpg 902,334,176,151 687,327,63,54 489,329,122,102
F:\车尾画图工具\1364525067_t@3640.jpg 873,332,166,139 689,327,59,51 488,327,125,102
F:\车尾画图工具\1364525067_t@3660.jpg 846,329,156,131 683,327,58,50 492,328,123,98
F:\车尾画图工具\1364525067_t@3680.jpg 973,323,67,58 815,324,149,123 678,323,56,50 494,324,121,103
F:\车尾画图工具\1364525067_t@3700.jpg 1025,328,72,63 798,330,135,115 494,325,124,103 678,326,53,48
F:\车尾画图工具\1364525067_t@3720.jpg 1081,328,82,71 776,330,126,105 491,323,124,103 675,325,52,45
F:\车尾画图工具\1364525067_t@3740.jpg 1150,332,100,74 762,329,113,101 491,323,124,102
F:\车尾画图工具\1364525067_t@3760.jpg 741,320,107,98 484,322,127,100
F:\车尾画图工具\1364525067_t@3780.jpg 726,325,98,82 485,321,125,103
F:\车尾画图工具\1364525067_t@3800.jpg 792,303,60,75 708,321,96,82 488,323,121,99
F:\车尾画图工具\1364525067_t@3820.jpg 788,306,52,67 700,320,83,73 492,322,122,100
F:\车尾画图工具\1364525067_t@3840.jpg 774,307,57,65 694,322,76,65 498,324,119,94
F:\车尾画图工具\1364525067_t@3860.jpg 1000,325,277,234 762,308,53,61 685,322,72,61 501,324,117,95
F:\车尾画图工具\1364525067_t@3880.jpg 931,337,237,187 758,314,54,59 690,326,68,62 508,326,114,94
F:\车尾画图工具\1364525067_t@3900.jpg 878,335,194,160 689,327,68,53 753,314,45,56 505,325,115,91
F:\车尾画图工具\1364525067_t@3920.jpg 850,336,164,142 704,332,67,54 502,327,119,96
F:\车尾画图工具\1364525067_t@3940.jpg 831,332,150,125 726,329,66,46 503,327,122,95
F:\车尾画图工具\1364525067_t@3960.jpg 813,334,134,112 507,326,120,98
F:\车尾画图工具\1364525067_t@3980.jpg 791,335,118,100 500,326,127,102
F:\车尾画图工具\1364525067_t@4000.jpg 760,323,111,100 495,321,127,101
F:\车尾画图工具\1364525067_t@4020.jpg 745,325,98,87 492,322,130,101
F:\车尾画图工具\1364525067_t@4040.jpg 725,324,94,80 496,324,129,111
F:\车尾画图工具\1364525067_t@4060.jpg 711,320,83,74 493,319,132,107
F:\车尾画图工具\1364525067_t@4080.jpg 691,329,78,68 484,328,135,103
F:\车尾画图工具\1364525067_t@4100.jpg 678,325,72,64 479,321,127,112
F:\车尾画图工具\1364525067_t@4120.jpg 670,326,66,61 474,326,127,102
F:\车尾画图工具\1364525067_t@4140.jpg 668,335,61,55 472,334,127,101
F:\车尾画图工具\1364525067_t@4160.jpg 661,324,63,54 472,323,125,102
F:\车尾画图工具\1364525067_t@4180.jpg 656,329,59,49 473,325,125,100
F:\车尾画图工具\1364525067_t@4200.jpg 651,335,60,48 477,337,123,97
F:\车尾画图工具\1364525067_t@4220.jpg 648,332,49,45 473,328,119,98
F:\车尾画图工具\1364525067_t@4240.jpg 641,330,50,45 478,326,119,101
F:\车尾画图工具\1364525067_t@4260.jpg 653,328,48,42 491,330,122,97
F:\车尾画图工具\1364525067_t@4280.jpg 650,330,48,39 492,325,125,101
F:\车尾画图工具\1364525067_t@4300.jpg 645,328,50,40 496,324,128,105
F:\车尾画图工具\1364525067_t@4320.jpg 496,323,128,107 639,326,45,39
F:\车尾画图工具\1364525067_t@4340.jpg 505,319,129,109 639,324,45,39
F:\车尾画图工具\1364525067_t@4360.jpg 511,331,134,104 649,333,39,30
F:\车尾画图工具\1364525067_t@4380.jpg 502,322,135,110
F:\车尾画图工具\1364525067_t@4400.jpg 498,327,140,110
F:\车尾画图工具\1364525067_t@4420.jpg 500,318,142,112
F:\车尾画图工具\1364525067_t@4440.jpg 498,327,145,112
F:\车尾画图工具\1364525067_t@4460.jpg 489,326,141,111
F:\车尾画图工具\1364525067_t@4480.jpg 496,328,140,114 960,327,281,210
F:\车尾画图工具\1364525067_t@4500.jpg 871,322,220,171 485,320,145,116
F:\车尾画图工具\1364525067_t@4520.jpg 829,331,176,148 1131,301,146,153 497,332,144,121
F:\车尾画图工具\1364525067_t@4540.jpg 1061,306,132,132 780,323,152,129 485,324,147,120
F:\车尾画图工具\1364525067_t@4560.jpg 1012,300,122,125 749,325,133,109 479,323,155,124
F:\车尾画图工具\1364525067_t@4580.jpg 978,308,111,116 727,328,122,103 482,328,152,124
F:\车尾画图工具\1364525067_t@4600.jpg 950,311,107,104 714,330,111,89 490,330,152,122
F:\车尾画图工具\1364525067_t@4620.jpg 925,309,93,93 696,324,99,86 487,324,149,120
F:\车尾画图工具\1364525067_t@4640.jpg 901,315,88,89 691,330,89,78 487,330,148,119
F:\车尾画图工具\1364525067_t@4660.jpg 884,305,85,85 685,320,87,76 488,322,150,121
F:\车尾画图工具\1364525067_t@4680.jpg 865,304,73,77 679,318,79,68 482,317,151,120
F:\车尾画图工具\1364525067_t@4700.jpg 841,318,73,77 666,328,78,69 470,326,152,128
F:\车尾画图工具\1364525067_t@4720.jpg 825,315,66,71 658,325,77,61 465,327,150,118
F:\车尾画图工具\1364525067_t@4740.jpg 811,311,67,72 656,322,71,60 467,325,148,121
F:\车尾画图工具\1364525067_t@4760.jpg 797,310,60,64 646,321,65,56 464,327,141,113
F:\车尾画图工具\1364525067_t@4780.jpg 777,307,57,61 637,318,59,50 457,318,140,112
F:\车尾画图工具\1364525067_t@4800.jpg 779,321,56,57 647,332,59,50 472,334,134,103
F:\车尾画图工具\1364525067_t@4820.jpg 760,317,58,58 635,326,61,50 469,328,125,102
F:\车尾画图工具\1364525067_t@4840.jpg 748,318,50,53 637,325,57,45 463,326,127,101
F:\车尾画图工具\1364525067_t@4860.jpg 738,317,51,51 630,324,60,47 462,325,127,101
F:\车尾画图工具\1364525067_t@4880.jpg 734,319,49,48 634,325,61,48 466,328,126,100
F:\车尾画图工具\1364525067_t@4900.jpg 729,315,45,46 640,322,53,45 467,322,126,104
F:\车尾画图工具\1364525067_t@4920.jpg 725,320,43,47 636,325,59,47 469,327,123,100 1077,318,200,237
F:\车尾画图工具\1364525067_t@4940.jpg 1061,319,216,231 727,317,45,45 649,325,47,43 477,327,121,98
F:\车尾画图工具\1364525067_t@4960.jpg 1031,313,244,224 729,314,40,43 643,321,54,43 478,322,121,100
F:\车尾画图工具\1364525067_t@4980.jpg 1026,313,246,220 720,310,48,43 639,317,55,42 477,318,122,101
F:\车尾画图工具\1364525067_t@5000.jpg 1018,318,241,210 724,313,45,46 636,322,55,44 479,325,125,100
F:\车尾画图工具\1364525067_t@5020.jpg 1017,320,245,215 731,314,45,43 646,321,55,43 485,324,122,99
F:\车尾画图工具\1364525067_t@5040.jpg 1024,315,233,216 727,313,44,44 640,318,55,46 478,324,126,97
F:\车尾画图工具\1364525067_t@5060.jpg 1022,313,245,211 489,321,122,98 643,317,55,42 729,312,42,40
F:\车尾画图工具\1364525067_t@5080.jpg 1019,319,247,215 486,324,126,101 640,321,54,43 721,315,39,41
F:\车尾画图工具\1364525067_t@5100.jpg 1029,313,235,208 490,319,122,101 634,317,53,41 710,310,41,41
F:\车尾画图工具\1364525067_t@5120.jpg 1026,314,236,205 703,312,38,40 631,317,52,45 488,322,126,100
F:\车尾画图工具\1364525067_t@5140.jpg 1026,317,235,200 871,302,85,86 699,314,41,38 638,320,48,40 491,323,126,103
F:\车尾画图工具\1364525067_t@5160.jpg 1026,313,229,200 848,302,77,79 491,320,131,107 636,317,51,42 700,313,35,35
F:\车尾画图工具\1364525067_t@5180.jpg 1009,313,211,192 833,303,71,73 689,315,38,37 637,320,46,39 489,318,131,108
F:\车尾画图工具\1364525067_t@5200.jpg 980,320,201,175 826,310,70,65 495,323,134,111 641,323,47,41
F:\车尾画图工具\1364525067_t@5220.jpg 952,319,181,159 831,310,60,57 502,323,133,109 638,321,49,42
F:\车尾画图工具\1364525067_t@5240.jpg 914,319,165,149 823,312,54,54 500,324,131,109
F:\车尾画图工具\1364525067_t@5260.jpg 886,321,151,133 504,327,134,108
F:\车尾画图工具\1364525067_t@5280.jpg 857,325,136,126 498,325,136,107
F:\车尾画图工具\1364525067_t@5300.jpg 827,322,127,115 489,322,131,107
F:\车尾画图工具\1364525067_t@5320.jpg 804,326,117,107 479,328,132,108
F:\车尾画图工具\1364525067_t@5340.jpg 788,322,116,99 477,324,126,108 615,323,44,36
F:\车尾画图工具\1364525067_t@5360.jpg 1131,328,147,111 774,324,105,91 466,326,125,105
F:\车尾画图工具\1364525067_t@5380.jpg 1042,328,137,103 757,328,99,92 453,329,127,104
F:\车尾画图工具\1364525067_t@5400.jpg 970,328,112,92 737,324,100,89 440,327,129,103
F:\车尾画图工具\1364525067_t@5420.jpg 926,324,98,79 734,323,94,85 441,325,129,105
F:\车尾画图工具\1364525067_t@5440.jpg 882,327,87,73 728,323,90,83 441,323,129,107
F:\车尾画图工具\1364525067_t@5460.jpg 855,330,78,66 723,328,92,82 446,332,131,105
F:\车尾画图工具\1364525067_t@5480.jpg 1103,329,169,134 826,329,73,57 719,326,87,76 448,328,130,105
F:\车尾画图工具\1364525067_t@5500.jpg 1064,332,147,117 720,326,84,76 810,328,65,53 456,326,133,106
F:\车尾画图工具\1364525067_t@5520.jpg 1026,332,131,109 792,328,56,50 709,326,87,76 455,324,135,106
F:\车尾画图工具\1364525067_t@5540.jpg 1002,323,121,105 718,321,77,70 466,322,132,109
F:\车尾画图工具\1364525067_t@5560.jpg 964,322,112,95 699,321,76,70 457,325,129,105
F:\车尾画图工具\1364525067_t@5580.jpg 936,330,106,91 693,326,73,66 454,326,132,108
F:\车尾画图工具\1364525067_t@5600.jpg 923,330,90,81 689,327,69,62 462,328,130,105
F:\车尾画图工具\1364525067_t@5620.jpg 892,329,91,75 679,328,72,62 468,329,127,104
F:\车尾画图工具\1364525067_t@5640.jpg 873,326,83,71 673,324,69,62 468,326,125,103
F:\车尾画图工具\1364525067_t@5660.jpg 847,333,74,63 670,327,63,59 470,328,124,100
F:\车尾画图工具\1364525067_t@5680.jpg 824,331,69,62 667,327,58,54 467,327,126,100
F:\车尾画图工具\1364525067_t@5700.jpg 811,332,63,57 666,329,58,51 471,329,125,96
F:\车尾画图工具\1364525067_t@5720.jpg 796,331,60,53 662,330,54,49 470,327,126,101
F:\车尾画图工具\1364525067_t@5740.jpg 778,326,60,50 649,323,62,50 466,324,123,102
F:\车尾画图工具\1364525067_t@5760.jpg 770,329,53,47 647,326,61,52 470,330,121,98
F:\车尾画图工具\1364525067_t@5780.jpg 765,322,52,48 651,324,58,45 470,323,124,101
F:\车尾画图工具\1364525067_t@5800.jpg 758,325,50,47 652,325,56,46 472,325,126,103
F:\车尾画图工具\1364525067_t@5820.jpg 750,330,49,43 652,327,53,47 476,329,125,104
F:\车尾画图工具\1364525067_t@5840.jpg 471,325,128,102 642,321,54,49 739,322,46,44
F:\车尾画图工具\1364525067_t@5860.jpg 737,324,46,43 647,324,55,42 478,324,127,104
F:\车尾画图工具\1364525067_t@5880.jpg 477,327,128,106 646,323,54,42
F:\车尾画图工具\1364525067_t@5900.jpg 727,325,43,40 646,325,50,39 472,328,131,98
F:\车尾画图工具\1364525067_t@5920.jpg 475,327,130,99 642,322,50,41 722,322,42,38
F:\车尾画图工具\1364525067_t@5940.jpg 1108,295,152,147 645,321,50,40 476,323,129,105
F:\车尾画图工具\1364525067_t@5960.jpg 1041,298,130,131 474,324,127,102 643,323,48,37 715,324,41,37
F:\车尾画图工具\1364525067_t@5980.jpg 982,301,122,121 710,325,45,36 643,322,49,42 474,326,131,107
F:\车尾画图工具\1364525067_t@6000.jpg 933,308,102,101 471,326,126,98 638,325,42,36 702,327,43,35
F:\车尾画图工具\1364525067_t@6020.jpg 893,310,89,89 466,325,126,101 628,324,45,37
F:\车尾画图工具\1364525067_t@6040.jpg 860,311,86,86 468,324,128,101 625,325,48,34 704,327,39,35
F:\车尾画图工具\1364525067_t@6060.jpg 822,310,82,80 466,323,122,101 619,322,47,37 701,325,39,37
F:\车尾画图工具\1364525067_t@6080.jpg 801,312,73,74 467,323,119,99 626,325,41,33 708,328,35,33
F:\车尾画图工具\1364525067_t@6100.jpg 776,316,70,72 467,327,120,97
F:\车尾画图工具\1364525067_t@6120.jpg 755,313,68,69 469,325,117,97 620,326,48,36
F:\车尾画图工具\1364525067_t@6140.jpg 739,316,67,66 467,329,123,95
F:\车尾画图工具\1364525067_t@6160.jpg 726,317,63,65 469,330,124,98 625,328,42,33
F:\车尾画图工具\1364525067_t@6180.jpg 715,316,67,66 473,326,124,99 626,327,45,36
F:\车尾画图工具\1364525067_t@6200.jpg 702,313,63,69 468,324,129,108 621,323,44,36
F:\车尾画图工具\1364525067_t@6220.jpg 697,311,67,65 622,318,44,40 469,323,132,107
F:\车尾画图工具\1364525067_t@6240.jpg 703,311,63,66 472,324,142,113 630,321,41,36
F:\车尾画图工具\1364525067_t@6260.jpg 707,311,65,67 477,323,142,113 634,322,42,34
F:\车尾画图工具\1364525067_t@6280.jpg 708,313,65,61 474,325,147,115 630,321,49,39
F:\车尾画图工具\1364525067_t@6300.jpg 721,313,67,66 633,319,48,38 480,325,147,115
F:\车尾画图工具\1364525067_t@6320.jpg 742,313,63,65 489,322,146,119
F:\车尾画图工具\1364525067_t@6340.jpg 759,311,65,68 492,323,154,121
F:\车尾画图工具\1364525067_t@6360.jpg 777,319,59,61 501,330,146,118
F:\车尾画图工具\1364525067_t@6380.jpg 775,313,64,64 500,325,149,121
F:\车尾画图工具\1364525067_t@6400.jpg 776,313,63,65 501,327,149,117
F:\车尾画图工具\1364525067_t@6420.jpg 772,315,60,62 501,330,152,118
F:\车尾画图工具\1364525067_t@6440.jpg 773,315,61,57 500,323,155,124
F:\车尾画图工具\1364525067_t@6460.jpg 773,314,51,55 502,324,151,124
F:\车尾画图工具\1364525067_t@6480.jpg 766,314,53,52 503,323,148,120
F:\车尾画图工具\1364525067_t@6500.jpg 501,323,146,122 759,313,55,59
F:\车尾画图工具\1364525067_t@6520.jpg 755,314,52,53 502,325,145,114
F:\车尾画图工具\1364525067_t@6540.jpg 748,316,52,53 651,327,51,46 503,326,142,112
F:\车尾画图工具\1364525067_t@6560.jpg 745,318,49,50 654,327,55,45 496,326,149,121
F:\车尾画图工具\1364525067_t@6580.jpg 490,323,146,127 656,320,57,46 737,313,50,49
F:\车尾画图工具\1364525067_t@6600.jpg 735,316,47,48 664,322,59,50 489,322,141,117
F:\车尾画图工具\1364525067_t@6620.jpg 485,317,142,113 661,317,64,50 722,311,53,52
F:\车尾画图工具\1364525067_t@6640.jpg 493,324,137,111 678,325,63,50
F:\车尾画图工具\1364525067_t@6660.jpg 493,329,136,105 684,325,64,51
F:\车尾画图工具\1364525067_t@6680.jpg 501,328,134,106 701,327,64,54
F:\车尾画图工具\1364525067_t@6700.jpg 493,323,132,109 703,327,64,56
F:\车尾画图工具\1364525067_t@6720.jpg 487,328,140,107 707,326,63,59
F:\车尾画图工具\1364525067_t@6740.jpg 491,322,137,109 712,323,71,60 1147,324,130,120
F:\车尾画图工具\1364525067_t@6760.jpg 1133,330,145,119 711,324,71,64 482,323,138,110
F:\车尾画图工具\1364525067_t@6780.jpg 1133,330,142,122 718,322,68,65 483,326,133,109
F:\车尾画图工具\1364525067_t@6800.jpg 1125,331,150,125 717,326,76,66 478,330,135,107
F:\车尾画图工具\1364525067_t@6820.jpg 1124,326,150,126 719,319,79,72 482,322,141,111
F:\车尾画图工具\1364525067_t@6840.jpg 1105,329,158,122 723,322,77,76 481,327,140,112
F:\车尾画图工具\1364525067_t@6860.jpg 1081,330,155,111 718,327,84,71 477,325,141,114
F:\车尾画图工具\1364525067_t@6880.jpg 1064,331,146,110 726,327,79,69 478,324,139,113
F:\车尾画图工具\1364525067_t@6900.jpg 1043,328,143,109 726,327,84,72 476,325,140,115
F:\车尾画图工具\1364525067_t@6920.jpg 1039,327,130,104 734,321,86,78 477,324,142,115
F:\车尾画图工具\1364525067_t@6940.jpg 1027,321,126,103 744,319,84,80 479,323,139,115
F:\车尾画图工具\1364525067_t@6960.jpg 1014,328,129,103 743,322,87,81 471,324,138,115 627,323,50,41
F:\车尾画图工具\1364525067_t@6980.jpg 1015,329,126,98 759,321,89,85 476,321,140,113 637,323,48,41
F:\车尾画图工具\1364525067_t@7000.jpg 1008,327,114,100 759,323,100,85 481,325,132,111
F:\车尾画图工具\1364525067_t@7020.jpg 989,330,117,95 773,325,100,91 489,326,130,105 646,325,54,43
F:\车尾画图工具\1364525067_t@7040.jpg 965,329,113,88 782,324,103,92 491,326,124,101
F:\车尾画图工具\1364525067_t@7060.jpg 946,327,101,83 799,317,106,105 494,327,126,97 647,329,61,46
F:\车尾画图工具\1364525067_t@7080.jpg 806,321,113,105 488,323,122,101
F:\车尾画图工具\1364525067_t@7100.jpg 830,322,128,113 492,324,124,101
F:\车尾画图工具\1364525067_t@7120.jpg 849,321,137,127 484,325,124,101 653,322,60,55
F:\车尾画图工具\1364525067_t@7140.jpg 886,319,169,146 662,322,63,55 491,323,121,99
F:\车尾画图工具\1364525067_t@7160.jpg 941,320,202,171 488,325,126,99 663,325,65,53
F:\车尾画图工具\1364525067_t@7180.jpg 1026,312,253,216 672,318,71,64 490,316,125,109
F:\车尾画图工具\1364525067_t@7200.jpg 878,328,123,100 685,323,73,68 495,325,126,102
F:\车尾画图工具\1364525067_t@7220.jpg 894,329,142,117 693,325,78,70 496,324,129,105
F:\车尾画图工具\1364525067_t@7240.jpg 940,326,171,135 704,320,92,76 501,324,129,104
F:\车尾画图工具\1364525067_t@7260.jpg 991,320,215,169 718,318,101,88 493,318,138,109
F:\车尾画图工具\1364525067_t@7280.jpg 1082,320,195,203 741,319,115,97 491,320,141,112
F:\车尾画图工具\1364525067_t@7300.jpg 779,315,133,111 498,320,141,110
F:\车尾画图工具\1364525067_t@7320.jpg 821,318,156,132 495,320,144,119
F:\车尾画图工具\1364525067_t@7340.jpg 870,313,196,155 486,315,146,116 719,316,83,76
F:\车尾画图工具\1364525067_t@7360.jpg 942,322,257,187 741,324,90,81 494,321,144,117
F:\车尾画图工具\1364525067_t@7380.jpg 496,322,145,113 766,324,100,90 1054,321,224,240
F:\车尾画图工具\1364525067_t@7400.jpg 781,323,113,100 492,322,147,119
F:\车尾画图工具\1364525067_t@7420.jpg 801,324,112,105 690,309,74,76 492,324,144,117
F:\车尾画图工具\1364525067_t@7440.jpg 805,328,120,109 683,311,75,76 483,326,147,120
F:\车尾画图工具\1364525067_t@7460.jpg 1034,277,107,129 809,323,122,109 483,322,147,114 679,307,74,75
F:\车尾画图工具\1364525067_t@7480.jpg 1121,267,136,161 801,323,124,111 485,321,144,117 676,308,70,77
F:\车尾画图工具\1364525067_t@7500.jpg 966,306,107,111 778,323,124,112 667,309,72,75 484,324,143,118
F:\车尾画图工具\1364525067_t@7520.jpg 1037,308,123,123 764,329,114,99 491,324,141,115 668,313,70,66
F:\车尾画图工具\1364525067_t@7540.jpg 1120,302,146,151 850,322,72,68 745,327,101,98 493,323,140,120 663,311,65,66
F:\车尾画图工具\1364525067_t@7560.jpg 852,320,74,71 734,322,88,89 487,324,148,120
F:\车尾画图工具\1364525067_t@7580.jpg 855,322,80,68
F:\车尾画图工具\1364525067_t@7600.jpg 487,324,160,129 719,329,81,76 854,324,87,70
F:\车尾画图工具\1364525067_t@7620.jpg 858,322,83,71 710,321,79,76 483,321,163,135
F:\车尾画图工具\1364525067_t@7640.jpg 856,323,81,71 712,324,77,71 482,321,175,139
F:\车尾画图工具\1364525067_t@7660.jpg 850,321,80,71 709,325,70,71 478,324,178,141
F:\车尾画图工具\1364525067_t@7680.jpg 853,321,77,73 710,327,70,67 482,325,184,150
F:\车尾画图工具\1364525067_t@7700.jpg 846,325,76,67 706,328,64,65 474,328,189,151
F:\车尾画图工具\1364525067_t@7720.jpg 827,326,74,63 692,326,66,64 463,326,195,157
F:\车尾画图工具\1364525067_t@7740.jpg 816,324,67,61 696,326,56,61 458,324,195,156
F:\车尾画图工具\1364525067_t@7760.jpg 807,322,66,57 693,325,62,57 463,326,191,149
F:\车尾画图工具\1364525067_t@7780.jpg 982,320,297,224 795,320,62,56 692,323,58,56 460,323,190,150
F:\车尾画图工具\1364525067_t@7800.jpg 913,329,248,191 1153,302,124,164 774,326,58,51 681,329,56,52 447,327,183,149
F:\车尾画图工具\1364525067_t@7820.jpg 1096,302,145,145 866,327,219,163 454,326,180,142 682,328,54,51
F:\车尾画图工具\1364525067_t@7840.jpg 1040,306,126,132 836,329,179,145 448,331,172,138 675,328,51,50
F:\车尾画图工具\1364525067_t@7860.jpg 995,305,116,120 805,322,166,134 452,324,171,137
F:\车尾画图工具\1364525067_t@7880.jpg 953,311,102,106 787,325,142,121 451,325,167,134
F:\车尾画图工具\1364525067_t@7900.jpg 910,305,102,105 771,322,129,112 456,325,158,127 656,324,48,46
F:\车尾画图工具\1364525067_t@7920.jpg 884,312,92,89 758,326,122,101 461,325,152,126 653,328,46,45
F:\车尾画图工具\1364525067_t@7940.jpg 866,314,78,80 750,325,116,95 466,324,147,120 650,325,47,39
F:\车尾画图工具\1364525067_t@7960.jpg 761,323,105,90 476,324,139,115
F:\车尾画图工具\1364525067_t@7980.jpg 765,327,103,81 491,326,135,112
F:\车尾画图工具\1364525067_t@8000.jpg 778,328,91,79 491,324,134,109
F:\车尾画图工具\1364525067_t@8020.jpg 767,331,90,73 488,328,124,102 633,328,38,41
F:\车尾画图工具\1364525067_t@8040.jpg 784,327,84,69 501,328,125,99
F:\车尾画图工具\1364525067_t@8060.jpg 790,326,79,66 508,327,119,94
F:\车尾画图工具\1364525067_t@8080.jpg 801,327,78,64 519,329,113,90
F:\车尾画图工具\1364525067_t@8100.jpg 798,332,71,61 515,332,112,91
F:\车尾画图工具\1364525067_t@8120.jpg 788,327,72,62 510,325,110,86
F:\车尾画图工具\1364525067_t@8140.jpg 789,327,69,56 515,326,105,84
F:\车尾画图工具\1364525067_t@8160.jpg 781,321,64,58 510,323,107,80
F:\车尾画图工具\1364525067_t@8180.jpg 778,328,64,54 517,329,102,82
F:\车尾画图工具\1364525067_t@8200.jpg 768,328,60,54 512,328,104,85 706,321,40,42
F:\车尾画图工具\1364525067_t@8220.jpg 758,332,59,47 695,324,39,38 507,327,101,85
F:\车尾画图工具\1364525067_t@8240.jpg 763,330,52,46 512,325,103,83 698,322,37,37
F:\车尾画图工具\1364525067_t@8260.jpg 752,329,58,47 693,326,39,34 512,330,110,85
F:\车尾画图工具\1364525067_t@8280.jpg 1143,336,136,136 752,331,57,46 515,328,114,89
F:\车尾画图工具\1364525067_t@8300.jpg 1116,329,163,129 514,323,111,90 741,327,59,46
F:\车尾画图工具\1364525067_t@8320.jpg 1107,326,163,139 519,322,117,93 746,329,55,42
F:\车尾画图工具\1364525067_t@8340.jpg 1089,334,169,122 522,327,122,94 748,329,59,47
F:\车尾画图工具\1364525067_t@8360.jpg 1075,333,172,125 751,329,55,46 527,331,121,98
F:\车尾画图工具\1364525067_t@8380.jpg 1062,323,153,122 752,317,56,50 524,317,130,106 691,311,42,36
F:\车尾画图工具\1364525067_t@8400.jpg 1035,328,146,117 750,326,55,48 521,323,134,108
F:\车尾画图工具\1364525067_t@8420.jpg 996,333,133,109 752,331,54,44 518,325,138,111
F:\车尾画图工具\1364525067_t@8440.jpg 943,329,116,99 753,324,54,46 522,323,144,115
F:\车尾画图工具\1364525067_t@8460.jpg 871,329,109,95 752,327,56,46 521,328,143,116
F:\车尾画图工具\1364525067_t@8480.jpg 813,331,102,83 518,329,144,119
F:\车尾画图工具\1364525067_t@8500.jpg 782,325,89,79 518,321,148,123
F:\车尾画图工具\1364525067_t@8520.jpg 761,326,85,74 518,323,150,123
F:\车尾画图工具\1364525067_t@8540.jpg 746,329,79,68 515,328,154,123
F:\车尾画图工具\1364525067_t@8560.jpg 744,329,71,63 510,328,158,125
F:\车尾画图工具\1364525067_t@8580.jpg 741,328,66,62 508,325,159,127
F:\车尾画图工具\1364525067_t@8600.jpg 727,328,70,58 507,324,161,128
F:\车尾画图工具\1364525067_t@8620.jpg 719,326,64,57 499,321,166,130
F:\车尾画图工具\1364525067_t@8640.jpg 706,330,63,53 499,326,167,131
F:\车尾画图工具\1364525067_t@8660.jpg 695,327,62,53 499,328,166,131
F:\车尾画图工具\1364525067_t@8680.jpg 681,328,58,51 496,326,164,132
F:\车尾画图工具\1364525067_t@8700.jpg 683,322,57,52 505,323,170,136
F:\车尾画图工具\1364525067_t@8720.jpg 506,322,170,140 1034,328,242,260
F:\车尾画图工具\1364525067_t@8740.jpg 951,326,292,230 510,321,177,144
F:\车尾画图工具\1364525067_t@8760.jpg 899,329,237,194 517,324,176,142
F:\车尾画图工具\1364525067_t@8780.jpg 846,327,200,170 517,326,179,140
F:\车尾画图工具\1364525067_t@8800.jpg 817,326,171,148 522,323,181,148
F:\车尾画图工具\1364525067_t@8820.jpg 789,330,148,130 527,325,181,147
F:\车尾画图工具\1364525067_t@8840.jpg 769,328,130,119 539,324,183,147
F:\车尾画图工具\1364525067_t@8860.jpg 542,326,184,149 732,326,127,114
F:\车尾画图工具\1364525067_t@8880.jpg 541,322,188,151
F:\车尾画图工具\1364525067_t@8900.jpg 535,325,188,150
F:\车尾画图工具\1364525067_t@8920.jpg 524,321,189,155
F:\车尾画图工具\1364525067_t@8940.jpg 507,316,194,159
F:\车尾画图工具\1364525067_t@8960.jpg 500,321,193,152
F:\车尾画图工具\1364525067_t@8980.jpg 484,315,185,147 674,312,76,82
F:\车尾画图工具\1364525067_t@9000.jpg 476,318,176,144 670,323,74,66
F:\车尾画图工具\1364525067_t@0.jpg 652,313,224,197 886,317,75,76 1130,307,67,74
F:\车尾画图工具\1364525067_t@20.jpg 636,311,250,218 881,309,86,85 1112,304,71,83
F:\车尾画图工具\1364525067_t@40.jpg 1095,303,81,86 881,316,82,84 638,313,262,234
F:\车尾画图工具\1364525067_t@60.jpg 1073,308,80,85 648,315,269,245
F:\车尾画图工具\1364525067_t@80.jpg 1048,306,79,87 662,314,282,253
F:\车尾画图工具\1364525067_t@100.jpg 1023,308,78,89 665,317,294,248
F:\车尾画图工具\1364525067_t@120.jpg 1003,312,85,87 666,321,292,247
F:\车尾画图工具\1364525067_t@140.jpg 1002,306,82,90 678,322,283,243
F:\车尾画图工具\1364525067_t@160.jpg 1018,305,79,90 693,320,275,240
F:\车尾画图工具\1364525067_t@180.jpg 1031,309,80,90 698,316,274,240
F:\车尾画图工具\1364525067_t@200.jpg 1039,306,77,91 694,317,266,241
F:\车尾画图工具\1364525067_t@220.jpg 1050,309,82,88 691,322,274,233
F:\车尾画图工具\1364525067_t@240.jpg 1055,305,78,85 689,316,266,233
F:\车尾画图工具\1364525067_t@260.jpg 1060,307,77,82 683,320,272,235
F:\车尾画图工具\1364525067_t@280.jpg 1056,304,76,82 672,316,273,236
F:\车尾画图工具\1364525067_t@300.jpg 1056,302,74,78 665,316,274,232
F:\车尾画图工具\1364525067_t@320.jpg 1050,307,73,76 654,323,280,238
F:\车尾画图工具\1364525067_t@340.jpg 1056,298,70,76 652,319,287,238
F:\车尾画图工具\1364525067_t@360.jpg 1070,292,68,70 665,313,285,243
F:\车尾画图工具\1364525067_t@380.jpg 1090,293,62,70 681,315,284,246
F:\车尾画图工具\1364525067_t@400.jpg 1118,296,64,69 693,318,287,246
F:\车尾画图工具\1364525067_t@420.jpg 1148,294,65,74 706,311,290,247
F:\车尾画图工具\1364525067_t@440.jpg 723,323,284,235
F:\车尾画图工具\1364525067_t@460.jpg 728,315,267,232
F:\车尾画图工具\1364525067_t@480.jpg 723,314,249,210
F:\车尾画图工具\1364525067_t@500.jpg 728,313,232,195
F:\车尾画图工具\1364525067_t@520.jpg 726,313,222,183 1016,313,74,69
F:\车尾画图工具\1364525067_t@540.jpg 734,317,198,175 1047,321,78,70
F:\车尾画图工具\1364525067_t@560.jpg 733,330,195,167 1046,331,67,64 959,328,67,57
F:\车尾画图工具\1364525067_t@580.jpg 750,321,191,168 1013,326,72,64
F:\车尾画图工具\1364525067_t@600.jpg 732,313,179,159 928,318,66,60
F:\车尾画图工具\1364525067_t@620.jpg 638,322,163,136 309,314,70,66
F:\车尾画图工具\1364525067_t@640.jpg 528,325,145,127 286,321,58,56
F:\车尾画图工具\1364525067_t@660.jpg 491,319,128,111
F:\车尾画图工具\1364525067_t@680.jpg 501,325,115,95
F:\车尾画图工具\1364525067_t@700.jpg 105,279,316,284 519,326,104,96
F:\车尾画图工具\1364525067_t@720.jpg 334,295,262,224
F:\车尾画图工具\1364525067_t@740.jpg 476,293,214,189
F:\车尾画图工具\1364525067_t@760.jpg 571,297,183,171 456,319,87,75
F:\车尾画图工具\1364525067_t@780.jpg 622,298,163,153 425,318,81,74
F:\车尾画图工具\1364525067_t@800.jpg 634,302,149,136 512,322,47,48 391,321,79,67 3,329,277,246
F:\车尾画图工具\1364525067_t@820.jpg 634,311,132,123 151,334,244,194
F:\车尾画图工具\1364525067_t@840.jpg 641,305,123,116 264,324,207,169
F:\车尾画图工具\1364525067_t@860.jpg 637,304,110,111 325,326,181,151
F:\车尾画图工具\1364525067_t@880.jpg 639,306,103,99 374,326,153,134
F:\车尾画图工具\1364525067_t@900.jpg 634,312,95,93 400,331,139,119
F:\车尾画图工具\1364525067_t@920.jpg 634,312,89,90 422,326,131,114
F:\车尾画图工具\1364525067_t@940.jpg 632,315,88,86 445,329,125,105
F:\车尾画图工具\1364525067_t@960.jpg 643,316,89,86 478,331,117,105
F:\车尾画图工具\1364525067_t@980.jpg 674,310,92,91 520,325,116,106
F:\车尾画图工具\1364525067_t@1000.jpg 714,312,92,91 563,327,127,110
F:\车尾画图工具\1364525067_t@1020.jpg 635,330,145,125 785,310,109,108 472,326,50,44 0,325,113,103 580,326,39,37
F:\车尾画图工具\1364525067_t@1040.jpg 756,335,198,162 910,311,137,131 178,331,88,79 505,329,47,46 611,332,40,37
F:\车尾画图工具\1364525067_t@1060.jpg 644,331,41,34 536,330,48,40 300,327,78,70
F:\车尾画图工具\1364525067_t@1080.jpg 546,329,51,41 374,326,73,57 662,329,40,36 281,326,57,50
F:\车尾画图工具\1364525067_t@1100.jpg 303,326,55,45 411,326,56,54 538,325,51,43 659,327,42,38
F:\车尾画图工具\1364525067_t@1120.jpg 325,328,50,42 435,327,56,46 543,327,50,43 666,329,40,36
F:\车尾画图工具\1364525067_t@1140.jpg 650,328,46,40 533,327,56,45 434,328,57,45 322,329,52,41
F:\车尾画图工具\1364525067_t@1160.jpg 339,331,48,37 452,329,48,45 544,330,51,46 665,327,44,42
F:\车尾画图工具\1364525067_t@1180.jpg 81,331,175,146 363,331,46,40 473,331,50,38 562,328,53,49 688,327,46,44
F:\车尾画图工具\1364525067_t@1200.jpg 248,334,131,114 578,330,67,51 722,331,50,45
F:\车尾画图工具\1364525067_t@1220.jpg 351,323,126,107 594,326,69,58 759,327,54,49
F:\车尾画图工具\1364525067_t@1240.jpg 295,327,84,73 408,323,114,103 597,324,70,63 791,328,64,53
F:\车尾画图工具\1364525067_t@1260.jpg 827,322,63,61 598,319,76,61 435,317,118,96 328,317,93,71
F:\车尾画图工具\1364525067_t@1280.jpg 851,326,75,68 599,318,74,66 453,320,121,101 358,322,84,73
F:\车尾画图工具\1364525067_t@1300.jpg 886,317,85,75 594,316,82,69 463,317,123,98 386,318,79,70
F:\车尾画图工具\1364525067_t@1320.jpg 911,329,94,85 596,325,80,68 450,328,121,97 696,311,51,59
F:\车尾画图工具\1364525067_t@1340.jpg 926,328,108,92 593,323,74,63 421,320,116,98
F:\车尾画图工具\1364525067_t@1360.jpg 945,331,119,110 691,315,56,64 572,326,79,70 393,327,114,94
F:\车尾画图工具\1364525067_t@1380.jpg 987,322,149,137 696,309,63,70 572,324,76,71 379,322,114,90
F:\车尾画图工具\1364525067_t@1400.jpg 1060,324,199,166 704,304,69,80 566,326,78,67 365,323,115,89
F:\车尾画图工具\1364525067_t@1420.jpg 720,309,74,85 555,325,75,69 355,326,117,91
F:\车尾画图工具\1364525067_t@1440.jpg 747,303,96,100 544,325,79,68 345,324,116,94
F:\车尾画图工具\1364525067_t@1460.jpg 810,294,118,131 538,323,84,74 332,326,121,92 699,327,57,56
F:\车尾画图工具\1364525067_t@1480.jpg 918,274,178,201 718,326,75,64 527,321,87,77 301,320,129,103
F:\车尾画图工具\1364525067_t@1500.jpg 758,324,92,87 527,322,86,79 277,321,131,109
F:\车尾画图工具\1364525067_t@1520.jpg 832,325,127,117 528,322,87,80 259,322,129,114
F:\车尾画图工具\1364525067_t@1540.jpg 971,329,220,179 522,324,96,88 241,327,140,114
F:\车尾画图工具\1364525067_t@1560.jpg 527,325,98,86 240,324,138,112
F:\车尾画图工具\1364525067_t@1580.jpg 531,319,103,95 241,317,136,121