F:\车尾画图工具\1364611110@200.jpg 882,345,56,52
F:\车尾画图工具\1364611110@520.jpg 684,305,65,63
F:\车尾画图工具\1364611110@540.jpg 743,305,82,78
F:\车尾画图工具\1364611110@560.jpg 802,301,118,105
F:\车尾画图工具\1364611110@580.jpg 957,294,207,171
F:\车尾画图工具\1364611110@600.jpg 959,249,180,205
F:\车尾画图工具\1364611110@1460.jpg 385,307,53,47
F:\车尾画图工具\1364611110@1480.jpg 335,303,69,55
F:\车尾画图工具\1364611110@1500.jpg 285,305,90,73
F:\车尾画图工具\1364611110@1520.jpg 165,306,142,110
F:\车尾画图工具\1364611110@1540.jpg 573,315,34,29
F:\车尾画图工具\1364611110@1580.jpg 577,316,37,30
F:\车尾画图工具\1364611110@1600.jpg 584,311,36,32
F:\车尾画图工具\1364611110@1620.jpg 576,314,39,33
F:\车尾画图工具\1364611110@1640.jpg 601,320,44,37
F:\车尾画图工具\1364611110@1660.jpg 610,314,46,41
F:\车尾画图工具\1364611110@1680.jpg 615,323,51,41
F:\车尾画图工具\1364611110@1700.jpg 609,313,53,42
F:\车尾画图工具\1364611110@1720.jpg 608,316,55,47
F:\车尾画图工具\1364611110@1740.jpg 623,310,58,50
F:\车尾画图工具\1364611110@1760.jpg 631,314,61,53
F:\车尾画图工具\1364611110@1780.jpg 639,311,67,56
F:\车尾画图工具\1364611110@1800.jpg 660,309,67,59
F:\车尾画图工具\1364611110@1820.jpg 627,309,71,61
F:\车尾画图工具\1364611110@1840.jpg 648,313,76,66
F:\车尾画图工具\1364611110@1860.jpg 660,309,75,70
F:\车尾画图工具\1364611110@1880.jpg 652,306,81,72
F:\车尾画图工具\1364611110@1900.jpg 649,312,81,69
F:\车尾画图工具\1364611110@1920.jpg 665,312,82,73
F:\车尾画图工具\1364611110@1940.jpg 642,305,80,75
F:\车尾画图工具\1364611110@1960.jpg 653,307,81,69
F:\车尾画图工具\1364611110@1980.jpg 598,310,82,71
F:\车尾画图工具\1364611110@2000.jpg 575,310,83,68
F:\车尾画图工具\1364611110@2020.jpg 576,308,75,69
F:\车尾画图工具\1364611110@2040.jpg 563,307,76,68
F:\车尾画图工具\1364611110@2060.jpg 557,308,75,64
F:\车尾画图工具\1364611110@2080.jpg 541,311,77,63
F:\车尾画图工具\1364611110@2100.jpg 527,310,72,62
F:\车尾画图工具\1364611110@2120.jpg 517,311,72,60
F:\车尾画图工具\1364611110@2140.jpg 519,312,66,59
F:\车尾画图工具\1364611110@2160.jpg 497,315,66,57
F:\车尾画图工具\1364611110@2180.jpg 464,313,67,58
F:\车尾画图工具\1364611110@2200.jpg 480,314,67,57
F:\车尾画图工具\1364611110@2220.jpg 540,309,69,58
F:\车尾画图工具\1364611110@2240.jpg 564,313,70,59
F:\车尾画图工具\1364611110@2260.jpg 558,312,69,60
F:\车尾画图工具\1364611110@2280.jpg 561,313,74,62
F:\车尾画图工具\1364611110@2300.jpg 546,312,74,65
F:\车尾画图工具\1364611110@2320.jpg 555,314,80,66
F:\车尾画图工具\1364611110@2340.jpg 577,309,79,69 517,311,49,37
F:\车尾画图工具\1364611110@2360.jpg 619,314,87,71 534,313,46,41
F:\车尾画图工具\1364611110@2380.jpg 661,309,87,75 536,310,48,41
F:\车尾画图工具\1364611110@2400.jpg 726,310,96,80 548,311,52,44
F:\车尾画图工具\1364611110@2420.jpg 836,311,105,86 563,312,52,41
F:\车尾画图工具\1364611110@2440.jpg 994,307,116,102 561,311,51,47
F:\车尾画图工具\1364611110@2460.jpg 568,317,51,44
F:\车尾画图工具\1364611110@2480.jpg 571,313,59,49
F:\车尾画图工具\1364611110@2500.jpg 579,306,60,51
F:\车尾画图工具\1364611110@2520.jpg 569,309,63,53
F:\车尾画图工具\1364611110@2540.jpg 584,304,67,56
F:\车尾画图工具\1364611110@2560.jpg 588,307,69,59
F:\车尾画图工具\1364611110@2580.jpg 597,309,75,61
F:\车尾画图工具\1364611110@2600.jpg 607,301,80,65
F:\车尾画图工具\1364611110@2620.jpg 615,301,82,66
F:\车尾画图工具\1364611110@2640.jpg 632,302,89,70
F:\车尾画图工具\1364611110@2660.jpg 658,300,86,73
F:\车尾画图工具\1364611110@2680.jpg 669,303,92,75
F:\车尾画图工具\1364611110@2700.jpg 671,304,90,80
F:\车尾画图工具\1364611110@2720.jpg 665,303,90,80
F:\车尾画图工具\1364611110@2740.jpg 655,304,98,82
F:\车尾画图工具\1364611110@2760.jpg 660,312,95,78
F:\车尾画图工具\1364611110@2780.jpg 682,309,98,80
F:\车尾画图工具\1364611110@2800.jpg 677,308,102,83
F:\车尾画图工具\1364611110@2820.jpg 672,313,100,86
F:\车尾画图工具\1364611110@2840.jpg 666,310,103,95 493,316,29,26
F:\车尾画图工具\1364611110@2860.jpg 669,310,112,99
F:\车尾画图工具\1364611110@2880.jpg 674,308,125,113
F:\车尾画图工具\1364611110@2900.jpg 734,310,145,126
F:\车尾画图工具\1364611110@2920.jpg 802,307,186,158 543,315,33,31
F:\车尾画图工具\1364611110@2940.jpg 946,300,268,209 561,315,35,30
F:\车尾画图工具\1364611110@2960.jpg 557,317,35,31
F:\车尾画图工具\1364611110@2980.jpg 545,315,38,32
F:\车尾画图工具\1364611110@3000.jpg 538,318,38,34
F:\车尾画图工具\1364611110@3020.jpg 542,325,40,37
F:\车尾画图工具\1364611110@3040.jpg 549,344,42,38
F:\车尾画图工具\1364611110@3060.jpg 537,324,46,40
F:\车尾画图工具\1364611110@3080.jpg 538,330,48,40
F:\车尾画图工具\1364611110@3100.jpg 532,325,47,44
F:\车尾画图工具\1364611110@3120.jpg 536,331,50,41
F:\车尾画图工具\1364611110@3140.jpg 533,326,48,45
F:\车尾画图工具\1364611110@3160.jpg 531,320,52,46
F:\车尾画图工具\1364611110@3180.jpg 531,321,53,47
F:\车尾画图工具\1364611110@3200.jpg 538,306,55,47
F:\车尾画图工具\1364611110@3220.jpg 518,318,57,49
F:\车尾画图工具\1364611110@3240.jpg 574,310,59,53
F:\车尾画图工具\1364611110@3260.jpg 604,311,60,54
F:\车尾画图工具\1364611110@3280.jpg 597,314,67,57
F:\车尾画图工具\1364611110@3300.jpg 589,310,67,58
F:\车尾画图工具\1364611110@3320.jpg 617,307,70,65
F:\车尾画图工具\1364611110@3340.jpg 625,309,73,64
F:\车尾画图工具\1364611110@3360.jpg 632,305,79,72
F:\车尾画图工具\1364611110@3380.jpg 630,309,88,81
F:\车尾画图工具\1364611110@3400.jpg 613,304,97,83 820,305,53,45 739,295,38,40
F:\车尾画图工具\1364611110@3420.jpg 651,304,111,98 876,306,70,61 776,296,47,44
F:\车尾画图工具\1364611110@3440.jpg 718,305,134,117 964,307,95,82
F:\车尾画图工具\1364611110@3460.jpg 815,307,162,138 1144,310,134,127
F:\车尾画图工具\1364611110@3480.jpg 951,306,196,168 833,298,61,54
F:\车尾画图工具\1364611110@3500.jpg 1114,291,164,194 783,285,64,60 719,275,38,50
F:\车尾画图工具\1364611110@3520.jpg 779,293,72,66 684,282,45,60
F:\车尾画图工具\1364611110@3540.jpg 824,291,78,76 692,279,56,70
F:\车尾画图工具\1364611110@3560.jpg 890,296,91,82 731,280,68,90 822,294,53,57
F:\车尾画图工具\1364611110@3580.jpg 915,296,94,94 738,268,103,129
F:\车尾画图工具\1364611110@3600.jpg 845,234,169,214
F:\车尾画图工具\1364611110@3620.jpg 772,288,69,72 692,302,51,44
F:\车尾画图工具\1364611110@3640.jpg 964,294,141,139 723,299,76,79 623,316,55,45
F:\车尾画图工具\1364611110@3660.jpg 1055,284,165,160 762,300,81,79 632,318,58,49
F:\车尾画图工具\1364611110@3680.jpg 1106,286,173,188 743,300,85,92 589,316,62,55
F:\车尾画图工具\1364611110@3700.jpg 776,293,93,97 599,309,67,59
F:\车尾画图工具\1364611110@3720.jpg 796,300,96,100 602,315,71,62 546,310,29,37
F:\车尾画图工具\1364611110@3740.jpg 762,301,97,104 557,316,80,67 510,309,31,39
F:\车尾画图工具\1364611110@3760.jpg 743,283,100,106 534,301,86,70
F:\车尾画图工具\1364611110@3780.jpg 743,287,104,108 532,306,96,78
F:\车尾画图工具\1364611110@3800.jpg 779,287,108,113 562,304,107,90
F:\车尾画图工具\1364611110@3820.jpg 887,283,118,122 653,300,132,107
F:\车尾画图工具\1364611110@3840.jpg 1006,279,135,134 765,297,172,141 684,286,70,85
F:\车尾画图工具\1364611110@3860.jpg 1132,279,145,164 890,295,271,211 720,280,92,115
F:\车尾画图工具\1364611110@3880.jpg 758,263,128,164
F:\车尾画图工具\1364611110@3900.jpg 881,225,232,285
F:\车尾画图工具\1364611110@3920.jpg 905,290,251,216 717,283,143,135
F:\车尾画图工具\1364611110@3940.jpg 804,267,234,222
F:\车尾画图工具\1364611110@3960.jpg 734,305,114,113
F:\车尾画图工具\1364611110@3980.jpg 848,308,191,184
F:\车尾画图工具\1364611110@4000.jpg 854,303,230,173
F:\车尾画图工具\1364611110@4020.jpg 709,299,128,109
F:\车尾画图工具\1364611110@4040.jpg 787,297,187,167
F:\车尾画图工具\1364611110@4100.jpg 920,287,355,286
F:\车尾画图工具\1364611110@4120.jpg 957,250,292,259
F:\车尾画图工具\1364611110@4140.jpg 828,302,218,167
F:\车尾画图工具\1364611110@4160.jpg 740,299,154,137
F:\车尾画图工具\1364611110@4180.jpg 1022,303,196,146 798,293,212,190 633,240,108,148
F:\车尾画图工具\1364611110@4200.jpg 905,291,327,275 630,237,120,157
F:\车尾画图工具\1364611110@4220.jpg 843,308,115,100 639,230,128,174
F:\车尾画图工具\1364611110@4240.jpg 847,307,121,106 640,226,137,182 453,298,49,54
F:\车尾画图工具\1364611110@4260.jpg 852,307,129,108 650,219,135,194 449,291,56,64
F:\车尾画图工具\1364611110@4280.jpg 815,310,118,110 604,219,138,196 401,293,60,65
F:\车尾画图工具\1364611110@4300.jpg 733,314,124,109 511,218,144,205 311,293,70,80
F:\车尾画图工具\1364611110@4320.jpg 683,314,130,118 444,224,150,200 244,294,85,93
F:\车尾画图工具\1364611110@4340.jpg 691,308,135,121 435,216,155,216 213,287,102,115
F:\车尾画图工具\1364611110@4360.jpg 731,304,146,126 460,203,164,218 175,265,137,145
F:\车尾画图工具\1364611110@4380.jpg 762,304,151,134 466,207,174,219 44,243,203,212
F:\车尾画图工具\1364611110@4400.jpg 766,303,149,135 456,199,177,220
F:\车尾画图工具\1364611110@4420.jpg 779,306,154,138 470,205,178,220
F:\车尾画图工具\1364611110@4440.jpg 786,314,154,143 479,218,168,209
F:\车尾画图工具\1364611110@4460.jpg 769,309,159,145 470,216,165,206
F:\车尾画图工具\1364611110@4480.jpg 787,310,161,149 482,222,161,202
F:\车尾画图工具\1364611110@4500.jpg 803,313,175,154 478,228,154,190
F:\车尾画图工具\1364611110@4520.jpg 808,308,184,167 453,226,149,187
F:\车尾画图工具\1364611110@4540.jpg 805,302,204,177 432,221,142,187
F:\车尾画图工具\1364611110@4560.jpg 792,301,221,194 406,222,143,182
F:\车尾画图工具\1364611110@4580.jpg 741,296,244,213 360,225,141,174
F:\车尾画图工具\1364611110@4600.jpg 684,297,252,225 323,226,138,171
F:\车尾画图工具\1364611110@4620.jpg 630,290,266,236 324,230,133,160
F:\车尾画图工具\1364611110@4640.jpg 338,236,118,150 577,291,277,243 975,311,80,69
F:\车尾画图工具\1364611110@4660.jpg 1118,312,111,90 534,293,281,238 355,244,112,142
F:\车尾画图工具\1364611110@4680.jpg 511,294,269,230 375,251,104,129
F:\车尾画图工具\1364611110@4700.jpg 503,297,255,220 378,256,98,121 687,235,123,148
F:\车尾画图工具\1364611110@4720.jpg 496,300,238,209 383,262,89,113 677,237,114,142
F:\车尾画图工具\1364611110@4740.jpg 472,299,234,199 378,267,87,106 655,237,114,136
F:\车尾画图工具\1364611110@4760.jpg 644,241,113,136 453,303,229,193 376,271,81,102
F:\车尾画图工具\1364611110@4780.jpg 639,237,111,134 436,297,232,192 376,269,75,95
F:\车尾画图工具\1364611110@4800.jpg 623,236,113,130 417,293,231,194 367,266,74,94
F:\车尾画图工具\1364611110@4820.jpg 622,239,114,134 408,300,236,192 372,271,73,93
F:\车尾画图工具\1364611110@4840.jpg 619,238,112,135 408,296,227,193 379,271,67,91
F:\车尾画图工具\1364611110@4860.jpg 648,241,108,128 439,299,226,189 412,274,65,87
F:\车尾画图工具\1364611110@4880.jpg 714,246,107,125 529,301,221,187 478,279,66,87
F:\车尾画图工具\1364611110@4900.jpg 632,301,221,192 526,280,67,86
F:\车尾画图工具\1364611110@4920.jpg 744,301,214,200 1039,310,73,66 549,275,64,87
F:\车尾画图工具\1364611110@4940.jpg 822,302,247,220 672,311,63,61 540,272,67,87
F:\车尾画图工具\1364611110@4960.jpg 860,296,286,252 641,308,69,64 503,270,72,89
F:\车尾画图工具\1364611110@4980.jpg 871,293,332,283 612,305,65,67 461,263,75,95
F:\车尾画图工具\1364611110@5000.jpg 825,288,360,302 562,302,76,73 408,258,79,101
F:\车尾画图工具\1364611110@5020.jpg 754,284,343,293 545,299,74,73 389,254,77,102
F:\车尾画图工具\1364611110@5040.jpg 694,292,317,279 538,307,80,74 388,264,80,101
F:\车尾画图工具\1364611110@5060.jpg 639,290,295,274 515,305,82,72 369,257,80,107
F:\车尾画图工具\1364611110@5080.jpg 562,286,310,272 357,256,83,109
F:\车尾画图工具\1364611110@5100.jpg 529,287,317,282 361,256,82,112
F:\车尾画图工具\1364611110@5120.jpg 820,291,59,70 492,290,319,277 355,256,87,109
F:\车尾画图工具\1364611110@5140.jpg 891,283,69,80 491,288,304,261 364,252,84,107
F:\车尾画图工具\1364611110@5160.jpg 974,280,84,98 480,289,299,250 366,258,81,101
F:\车尾画图工具\1364611110@5180.jpg 1099,272,106,122 698,227,124,144 492,291,281,234 364,260,79,103
F:\车尾画图工具\1364611110@5200.jpg 712,230,119,147 499,292,274,232 357,263,80,104
F:\车尾画图工具\1364611110@5220.jpg 724,225,127,151 508,291,270,228 349,260,80,102
F:\车尾画图工具\1364611110@5240.jpg 881,285,65,83 728,222,140,161 490,293,272,228 334,264,77,98 420,304,89,81
F:\车尾画图工具\1364611110@5260.jpg 746,213,151,166 443,290,278,234 321,260,75,102
F:\车尾画图工具\1364611110@5280.jpg 774,209,164,184 1024,278,91,115 655,308,54,50 359,291,296,247 307,266,74,101
F:\车尾画图工具\1364611110@5300.jpg 1153,259,118,147 810,187,190,206 668,302,64,55 238,284,330,275 584,302,58,48
F:\车尾画图工具\1364611110@5320.jpg 848,178,207,233 45,283,387,306 484,282,69,84 582,305,58,50 669,307,70,60
F:\车尾画图工具\1364611110@5340.jpg 914,152,244,262 685,304,78,69 483,283,73,88 289,302,112,93 587,306,60,50
F:\车尾画图工具\1364611110@5360.jpg 1020,119,256,323 699,301,93,81 587,306,64,54 477,280,78,93 250,299,125,106
F:\车尾画图工具\1364611110@5380.jpg 732,305,109,94 594,308,68,55 483,280,81,99 214,302,138,118
F:\车尾画图工具\1364611110@5400.jpg 784,302,129,115 607,308,70,61 488,279,92,107 170,301,147,139
F:\车尾画图工具\1364611110@5420.jpg 849,299,159,143 614,308,73,61 496,273,97,116 106,297,177,160
F:\车尾画图工具\1364611110@5440.jpg 955,298,211,184 622,313,75,63 507,282,94,115 3,305,223,194
F:\车尾画图工具\1364611110@5460.jpg 510,280,97,119 631,314,73,60 183,307,141,142
F:\车尾画图工具\1364611110@5480.jpg 1,303,221,209 284,316,109,89 517,280,99,117 639,313,75,64
F:\车尾画图工具\1364611110@5500.jpg 239,320,146,109 520,286,99,117 648,316,76,67 23,236,156,188
F:\车尾画图工具\1364611110@5520.jpg 889,310,109,94 652,312,84,68 523,280,99,123 188,314,161,128 368,293,78,97
F:\车尾画图工具\1364611110@5540.jpg 926,309,131,104 659,312,90,74 514,276,109,130 354,289,86,102 109,311,195,164
F:\车尾画图工具\1364611110@5560.jpg 965,304,148,119 656,306,96,75 500,273,110,129 333,280,90,110 4,299,229,197
F:\车尾画图工具\1364611110@5580.jpg 997,301,174,139 657,306,93,78 485,270,110,133 309,276,94,116
F:\车尾画图工具\1364611110@5600.jpg 1040,306,212,165 655,312,95,80 478,277,110,130 289,282,102,120
F:\车尾画图工具\1364611110@5620.jpg 1107,298,166,205 653,306,95,86 473,274,109,128 264,276,107,125
F:\车尾画图工具\1364611110@5640.jpg 671,309,98,87 492,279,106,126 257,279,114,138
F:\车尾画图工具\1364611110@5660.jpg 661,313,102,86 482,276,105,131 215,276,128,150 376,315,63,52
F:\车尾画图工具\1364611110@5680.jpg 683,314,107,92 496,278,108,129 198,271,136,165 387,315,64,54
F:\车尾画图工具\1364611110@5700.jpg 697,307,119,98 499,274,112,130 166,261,143,183 388,312,72,62
F:\车尾画图工具\1364611110@5720.jpg 1066,284,74,94 717,310,123,107 491,275,118,134 382,317,69,57 122,258,164,201
F:\车尾画图工具\1364611110@5740.jpg 64,244,188,232 372,311,76,63 482,272,122,142 731,303,145,120 962,307,95,74
F:\车尾画图工具\1364611110@5760.jpg 763,303,158,137 477,268,127,149 3,230,208,272
F:\车尾画图工具\1364611110@5780.jpg 761,297,181,149 456,259,133,162 338,303,81,71
F:\车尾画图工具\1364611110@5800.jpg 778,294,197,161 454,255,141,162 329,300,86,78
F:\车尾画图工具\1364611110@5820.jpg 794,292,215,170 458,254,149,173 331,305,85,79 637,270,61,77
F:\车尾画图工具\1364611110@5840.jpg 788,297,235,186 437,255,158,183 317,307,87,82 635,268,72,87
F:\车尾画图工具\1364611110@5860.jpg 1073,269,117,130 793,293,272,206 651,257,82,99 425,249,165,194 318,305,91,78
F:\车尾画图工具\1364611110@5880.jpg 828,287,313,240 666,251,96,110 414,248,172,199 330,305,90,79
F:\车尾画图工具\1364611110@5900.jpg 887,286,384,274 449,247,170,199 715,241,108,128
F:\车尾画图工具\1364611110@5920.jpg 487,250,169,199 957,285,267,316
F:\车尾画图工具\1364611110@5940.jpg 541,253,160,188 33,204,285,349 835,209,167,184
F:\车尾画图工具\1364611110@5960.jpg 635,253,149,176 206,216,251,310
F:\车尾画图工具\1364611110@5980.jpg 687,263,138,167 319,226,230,283
F:\车尾画图工具\1364611110@6000.jpg 686,267,123,152 385,236,203,253
F:\车尾画图工具\1364611110@6020.jpg 1005,285,269,255 682,268,108,133 429,242,179,223
F:\车尾画图工具\1364611110@6040.jpg 964,297,290,210 664,276,101,121 436,249,162,204
F:\车尾画图工具\1364611110@6060.jpg 939,300,224,171 656,278,91,106 446,255,148,183
F:\车尾画图工具\1364611110@6080.jpg 899,301,183,147 659,284,85,98 451,260,136,170
F:\车尾画图工具\1364611110@6100.jpg 867,306,159,125 664,290,76,87 462,264,130,163
F:\车尾画图工具\1364611110@6120.jpg 850,309,139,112 668,291,70,82 482,270,126,153
F:\车尾画图工具\1364611110@6140.jpg 843,308,125,104 519,267,125,156 671,291,66,80
F:\车尾画图工具\1364611110@6160.jpg 847,309,115,97 576,268,121,153
F:\车尾画图工具\1364611110@6180.jpg 854,312,106,90 630,267,122,156 545,310,49,41
F:\车尾画图工具\1364611110@6200.jpg 839,309,108,87 668,265,124,160 532,309,48,44
F:\车尾画图工具\1364611110@6220.jpg 706,266,128,159 521,311,50,40
F:\车尾画图工具\1364611110@6240.jpg 746,265,132,169 661,292,58,71 518,310,52,44
F:\车尾画图工具\1364611110@6260.jpg 778,264,136,174 637,293,57,71 506,309,50,43
F:\车尾画图工具\1364611110@6280.jpg 819,263,140,174 623,293,56,70 500,310,51,45 412,311,52,44
F:\车尾画图工具\1364611110@6300.jpg 851,258,140,177 610,291,58,68 496,307,51,49 406,308,58,47
F:\车尾画图工具\1364611110@6320.jpg 868,259,136,181 598,292,52,65 477,306,58,49
F:\车尾画图工具\1364611110@6340.jpg 863,262,138,177 586,295,56,65 471,308,60,51
F:\车尾画图工具\1364611110@6360.jpg 850,259,131,173 584,291,54,65 465,307,67,56
F:\车尾画图工具\1364611110@6380.jpg 831,268,121,161 587,298,52,61 466,311,75,61
F:\车尾画图工具\1364611110@6400.jpg 809,269,112,150 592,296,52,64 474,310,82,68
F:\车尾画图工具\1364611110@6420.jpg 780,271,108,135 597,295,51,61 483,306,95,80 397,312,70,59
F:\车尾画图工具\1364611110@6440.jpg 764,271,96,124 490,300,114,94 612,294,49,58 394,309,76,63
F:\车尾画图工具\1364611110@6460.jpg 760,277,85,112 500,300,143,115 634,297,46,54 381,303,92,82
F:\车尾画图工具\1364611110@6480.jpg 797,284,77,101 553,300,170,139 398,305,110,97
F:\车尾画图工具\1364611110@6500.jpg 825,285,67,86 600,290,194,164 393,300,138,112
F:\车尾画图工具\1364611110@6520.jpg 655,293,205,178 849,295,55,76 392,299,161,141
F:\车尾画图工具\1364611110@6540.jpg 1188,309,90,100 687,290,206,183 388,295,190,168
F:\车尾画图工具\1364611110@6560.jpg 680,290,208,185 356,294,232,197
F:\车尾画图工具\1364611110@6580.jpg 1109,307,139,107 650,289,213,183 316,291,286,235
F:\车尾画图工具\1364611110@6600.jpg 1030,313,102,81 627,292,200,174 291,289,347,278
F:\车尾画图工具\1364611110@6620.jpg 279,287,392,318 601,297,187,155 979,318,79,65
F:\车尾画图工具\1364611110@6640.jpg 936,319,67,55 267,286,428,345
F:\车尾画图工具\1364611110@6660.jpg 242,284,462,352
F:\车尾画图工具\1364611110@6680.jpg 252,284,453,361
F:\车尾画图工具\1364611110@6720.jpg 1002,319,72,64 242,285,466,361
F:\车尾画图工具\1364611110@6740.jpg 945,319,55,53 247,287,463,358
F:\车尾画图工具\1364611110@6760.jpg 1075,273,118,130 907,319,49,42 258,287,455,360
F:\车尾画图工具\1364611110@6780.jpg 983,286,85,96
F:\车尾画图工具\1364611110@6800.jpg 929,295,68,76
F:\车尾画图工具\1364611110@6820.jpg 893,296,56,64
F:\车尾画图工具\1364611110@6940.jpg 1090,319,97,76
F:\车尾画图工具\1364611110@6960.jpg 1005,322,75,59
F:\车尾画图工具\1364611110@6980.jpg 953,318,59,54
F:\车尾画图工具\1364611110@7000.jpg 914,319,51,43
F:\车尾画图工具\1364611110@7100.jpg 1108,230,144,162
F:\车尾画图工具\1364611110@7120.jpg 1014,249,111,128
F:\车尾画图工具\1364611110@7140.jpg 952,260,93,109
F:\车尾画图工具\1364611110@7160.jpg 911,269,78,91
F:\车尾画图工具\1364611110@7180.jpg 877,276,66,78 262,286,447,351
F:\车尾画图工具\1364611110@7200.jpg 849,281,57,67 266,289,414,349
F:\车尾画图工具\1364611110@7220.jpg 817,285,52,66 201,299,417,319
F:\车尾画图工具\1364611110@7240.jpg 122,299,396,308 781,290,48,59
F:\车尾画图工具\1364611110@7260.jpg 783,295,46,55 34,302,401,299
F:\车尾画图工具\1364611110@7280.jpg 20,306,393,291
F:\车尾画图工具\1364611110@7300.jpg 139,303,377,298
F:\车尾画图工具\1364611110@7320.jpg 322,303,394,322
F:\车尾画图工具\1364611110@7340.jpg 401,289,434,353
F:\车尾画图工具\1364611110@7360.jpg 378,292,439,357
F:\车尾画图工具\1364611110@7380.jpg 309,292,400,314
F:\车尾画图工具\1364611110@7400.jpg 309,293,337,269
F:\车尾画图工具\1364611110@7420.jpg 341,305,280,229
F:\车尾画图工具\1364611110@7440.jpg 406,312,252,210 358,315,65,51
F:\车尾画图工具\1364611110@7460.jpg 469,306,238,201 401,313,65,53
F:\车尾画图工具\1364611110@7480.jpg 491,298,253,210 419,307,60,56
F:\车尾画图工具\1364611110@7500.jpg 502,293,250,210 429,303,65,52
F:\车尾画图工具\1364611110@7520.jpg 486,307,251,214 438,319,58,54 731,322,59,50
F:\车尾画图工具\1364611110@7540.jpg 514,302,266,224
F:\车尾画图工具\1364611110@7560.jpg 575,300,274,232 854,313,78,61
F:\车尾画图工具\1364611110@7580.jpg 655,304,281,238 946,320,89,72 568,315,57,53
F:\车尾画图工具\1364611110@7600.jpg 787,313,314,263 613,316,58,52 708,319,46,39
F:\车尾画图工具\1364611110@7620.jpg 953,273,324,313 629,290,59,52 722,291,42,41 817,293,46,41
F:\车尾画图工具\1364611110@7640.jpg 1004,324,73,67 833,328,54,47 622,322,62,55 716,325,47,40
F:\车尾画图工具\1364611110@7660.jpg 1059,313,103,88 822,320,63,59 569,314,63,55 669,318,49,43
F:\车尾画图工具\1364611110@7680.jpg 851,305,84,76 640,306,54,46 530,301,69,57
F:\车尾画图工具\1364611110@7700.jpg 948,323,124,102 510,317,67,58 626,320,58,51
F:\车尾画图工具\1364611110@7720.jpg 1008,294,87,93 632,309,66,56 507,305,72,63
F:\车尾画图工具\1364611110@7740.jpg 651,310,71,60 503,307,77,65 903,311,72,63
F:\车尾画图工具\1364611110@7760.jpg 646,316,85,71 469,312,82,71 1016,319,98,86
F:\车尾画图工具\1364611110@7780.jpg 723,306,108,93 499,306,86,71
F:\车尾画图工具\1364611110@7800.jpg 816,303,148,122 504,308,86,71
F:\车尾画图工具\1364611110@7820.jpg 1030,301,248,194 496,308,88,78 916,314,80,66
F:\车尾画图工具\1364611110@7840.jpg 1079,316,125,95 505,310,91,76
F:\车尾画图工具\1364611110@7860.jpg 1120,305,146,111 516,307,90,75
F:\车尾画图工具\1364611110@7880.jpg 508,302,90,79
F:\车尾画图工具\1364611110@7900.jpg 518,311,90,73
F:\车尾画图工具\1364611110@7920.jpg 512,311,85,74
F:\车尾画图工具\1364611110@7940.jpg 504,312,89,71 853,315,66,60
F:\车尾画图工具\1364611110@7960.jpg 965,315,93,78 511,315,82,71
F:\车尾画图工具\1364611110@7980.jpg 490,309,88,71 713,303,46,54
F:\车尾画图工具\1364611110@8000.jpg 771,295,61,75 495,307,85,75
F:\车尾画图工具\1364611110@8020.jpg 854,287,82,103 490,307,89,74
F:\车尾画图工具\1364611110@8040.jpg 1076,269,143,175 672,279,56,75 492,311,91,75
F:\车尾画图工具\1364611110@8060.jpg 1056,307,133,101 714,272,64,85 507,316,94,79
F:\车尾画图工具\1364611110@8080.jpg 488,313,97,79 735,256,72,106
F:\车尾画图工具\1364611110@8100.jpg 1103,302,141,110 798,227,100,138 489,305,100,85
F:\车尾画图工具\1364611110@8120.jpg 902,180,141,206 473,302,101,83
F:\车尾画图工具\1364611110@8140.jpg 480,307,106,88
F:\车尾画图工具\1364611110@8160.jpg 449,307,110,87 1006,282,126,117
F:\车尾画图工具\1364611110@8180.jpg 451,305,113,91 769,309,48,43 1099,294,156,124
F:\车尾画图工具\1364611110@8200.jpg 468,299,110,95 850,301,64,60
F:\车尾画图工具\1364611110@8220.jpg 979,306,93,79 480,306,114,91
F:\车尾画图工具\1364611110@8240.jpg 488,307,111,93
F:\车尾画图工具\1364611110@8260.jpg 931,303,80,75 495,303,114,96
F:\车尾画图工具\1364611110@8280.jpg 1132,298,129,121 507,308,114,97
F:\车尾画图工具\1364611110@8300.jpg 865,301,66,63 510,305,114,96
F:\车尾画图工具\1364611110@8320.jpg 973,293,88,86 511,305,120,99
F:\车尾画图工具\1364611110@8340.jpg 510,301,129,104
F:\车尾画图工具\1364611110@8360.jpg 505,297,130,113
F:\车尾画图工具\1364611110@8380.jpg 503,298,137,113
F:\车尾画图工具\1364611110@8400.jpg 506,299,145,121
F:\车尾画图工具\1364611110@8420.jpg 501,296,148,125
F:\车尾画图工具\1364611110@8440.jpg 489,294,152,125
F:\车尾画图工具\1364611110@8460.jpg 479,297,149,127
F:\车尾画图工具\1364611110@8480.jpg 481,293,153,126
F:\车尾画图工具\1364611110@8500.jpg 482,300,146,120
F:\车尾画图工具\1364611110@8520.jpg 469,300,144,117
F:\车尾画图工具\1364611110@8540.jpg 473,296,135,116
F:\车尾画图工具\1364611110@8560.jpg 481,303,129,109
F:\车尾画图工具\1364611110@8580.jpg 495,309,128,105
F:\车尾画图工具\1364611110@8600.jpg 498,306,122,101
F:\车尾画图工具\1364611110@8620.jpg 511,305,120,99
F:\车尾画图工具\1364611110@8640.jpg 506,309,121,101
F:\车尾画图工具\1364611110@8660.jpg 494,308,122,102
F:\车尾画图工具\1364611110@8680.jpg 486,307,128,102 819,312,48,43
F:\车尾画图工具\1364611110@8700.jpg 881,301,64,56 485,294,132,109
F:\车尾画图工具\1364611110@8720.jpg 492,299,132,108 1013,303,88,85
F:\车尾画图工具\1364611110@8740.jpg 1073,298,108,93 496,299,137,109
F:\车尾画图工具\1364611110@8760.jpg 500,307,131,110
F:\车尾画图工具\1364611110@8780.jpg 499,300,136,106
F:\车尾画图工具\1364611110@8800.jpg 504,303,128,103
F:\车尾画图工具\1364611110@8820.jpg 488,301,132,109
F:\车尾画图工具\1364611110@8840.jpg 472,296,132,109
F:\车尾画图工具\1364611110@8860.jpg 427,297,134,110
F:\车尾画图工具\1364611110@8880.jpg 395,299,134,112
F:\车尾画图工具\1364611110@8900.jpg 360,297,138,112
F:\车尾画图工具\1364611110@8920.jpg 341,296,140,110
F:\车尾画图工具\1364611110@8940.jpg 367,299,139,112
F:\车尾画图工具\1364611110@8960.jpg 388,301,135,112
F:\车尾画图工具\1364611110@8980.jpg 409,298,138,116
F:\车尾画图工具\1364611110@9000.jpg 416,299,149,123
