F:\车尾画图工具\1364787037_t@0.jpg 490,232,103,118
F:\车尾画图工具\1364787037_t@20.jpg 507,232,94,110
F:\车尾画图工具\1364787037_t@40.jpg 491,241,85,101
F:\车尾画图工具\1364787037_t@60.jpg 364,239,81,95
F:\车尾画图工具\1364787037_t@80.jpg 128,246,81,87
F:\车尾画图工具\1364787037_t@120.jpg 374,286,102,83
F:\车尾画图工具\1364787037_t@180.jpg 510,284,148,116 261,302,130,101
F:\车尾画图工具\1364787037_t@200.jpg 625,286,167,128 342,301,138,115
F:\车尾画图工具\1364787037_t@220.jpg 717,278,198,160 390,297,159,133
F:\车尾画图工具\1364787037_t@240.jpg 731,272,239,189 349,297,182,155
F:\车尾画图工具\1364787037_t@260.jpg 813,261,306,223 357,291,221,178
F:\车尾画图工具\1364787037_t@280.jpg 451,283,247,211
F:\车尾画图工具\1364787037_t@300.jpg 545,287,261,227
F:\车尾画图工具\1364787037_t@320.jpg 584,287,279,226
F:\车尾画图工具\1364787037_t@340.jpg 591,291,290,251
F:\车尾画图工具\1364787037_t@360.jpg 601,290,278,244
F:\车尾画图工具\1364787037_t@3020.jpg 484,300,175,137 188,309,113,105
F:\车尾画图工具\1364787037_t@3040.jpg 740,285,245,193
F:\车尾画图工具\1364787037_t@3060.jpg 827,276,77,71
F:\车尾画图工具\1364787037_t@3080.jpg 891,281,69,62
F:\车尾画图工具\1364787037_t@3100.jpg 841,296,60,49
F:\车尾画图工具\1364787037_t@3120.jpg 735,295,51,43
F:\车尾画图工具\1364787037_t@3140.jpg 619,295,43,43
F:\车尾画图工具\1364787037_t@3160.jpg 115,283,195,176 536,297,39,37
F:\车尾画图工具\1364787037_t@3180.jpg 233,287,134,127 500,296,37,35
F:\车尾画图工具\1364787037_t@3200.jpg 331,286,101,96
F:\车尾画图工具\1364787037_t@3220.jpg 386,285,85,77
F:\车尾画图工具\1364787037_t@3240.jpg 425,283,74,68 994,281,119,94
F:\车尾画图工具\1364787037_t@3260.jpg 451,294,66,58
F:\车尾画图工具\1364787037_t@3280.jpg 455,292,59,53
F:\车尾画图工具\1364787037_t@3300.jpg 463,290,52,47
F:\车尾画图工具\1364787037_t@3320.jpg 468,289,49,48
F:\车尾画图工具\1364787037_t@3340.jpg 471,292,45,43
F:\车尾画图工具\1364787037_t@3360.jpg 464,285,46,44
F:\车尾画图工具\1364787037_t@3380.jpg 465,291,44,40
F:\车尾画图工具\1364787037_t@3820.jpg 165,290,84,68 425,289,50,44
F:\车尾画图工具\1364787037_t@3840.jpg 96,299,91,86 270,306,50,40 414,302,55,45
F:\车尾画图工具\1364787037_t@3860.jpg 0,284,111,98 213,293,63,51 396,292,63,48
F:\车尾画图工具\1364787037_t@3880.jpg 378,290,72,63 140,296,77,63
F:\车尾画图工具\1364787037_t@3900.jpg 5,300,106,85 335,291,96,85
F:\车尾画图工具\1364787037_t@3920.jpg 236,294,147,122
F:\车尾画图工具\1364787037_t@3940.jpg 1,295,234,219
F:\车尾画图工具\1364787037_t@4120.jpg 341,282,171,186
F:\车尾画图工具\1364787037_t@4140.jpg 154,289,157,142
F:\车尾画图工具\1364787037_t@4320.jpg 215,305,64,56 294,304,72,68 464,299,39,38
F:\车尾画图工具\1364787037_t@4340.jpg 265,302,65,58 367,300,75,63
F:\车尾画图工具\1364787037_t@4360.jpg 296,297,66,60 423,297,69,62
F:\车尾画图工具\1364787037_t@4380.jpg 697,286,49,43 475,290,68,57 331,293,68,60
F:\车尾画图工具\1364787037_t@4400.jpg 715,296,57,49 511,296,65,63 354,300,70,59
F:\车尾画图工具\1364787037_t@4420.jpg 731,294,68,60 528,293,64,58 361,296,76,59
F:\车尾画图工具\1364787037_t@4440.jpg 747,293,89,79 525,297,60,51 352,300,73,64
F:\车尾画图工具\1364787037_t@4460.jpg 798,295,122,111 702,294,52,46 516,301,60,49 346,303,71,59
F:\车尾画图工具\1364787037_t@4480.jpg 970,291,233,194 20,311,243,211 719,292,62,58 511,297,54,50 343,301,75,64
F:\车尾画图工具\1364787037_t@4500.jpg 148,304,209,183 756,287,84,74 506,295,53,48 586,291,47,42
F:\车尾画图工具\1364787037_t@4520.jpg 833,289,110,105 220,302,193,165 576,293,45,41 487,297,49,45
F:\车尾画图工具\1364787037_t@4540.jpg 1015,276,188,175 225,302,187,151 568,293,46,40 416,295,76,72
F:\车尾画图工具\1364787037_t@4560.jpg 825,283,94,85 200,300,166,144 439,292,84,75 560,291,49,41
F:\车尾画图工具\1364787037_t@4580.jpg 952,282,146,128 197,299,159,135 472,294,86,76
F:\车尾画图工具\1364787037_t@4600.jpg 968,279,146,124 497,294,92,80 215,301,147,123
F:\车尾画图工具\1364787037_t@4620.jpg 889,286,113,105 529,296,90,79 255,298,127,113
F:\车尾画图工具\1364787037_t@4640.jpg 1092,282,185,168 555,296,92,81 300,300,115,99
F:\车尾画图工具\1364787037_t@4660.jpg 569,294,93,84 341,297,106,87
F:\车尾画图工具\1364787037_t@4680.jpg 587,294,91,80 388,296,90,82
F:\车尾画图工具\1364787037_t@4700.jpg 614,291,86,79 434,295,82,70
F:\车尾画图工具\1364787037_t@4720.jpg 620,292,82,74 451,297,75,64
F:\车尾画图工具\1364787037_t@4740.jpg 9,313,299,263 483,295,68,59 646,292,77,70
F:\车尾画图工具\1364787037_t@4760.jpg 204,307,245,200 675,292,75,66 511,297,65,51
F:\车尾画图工具\1364787037_t@4780.jpg 322,304,201,174 694,295,75,62 526,298,59,50
F:\车尾画图工具\1364787037_t@4800.jpg 709,290,72,60 396,297,176,154
F:\车尾画图工具\1364787037_t@4820.jpg 443,305,155,137 719,297,67,63
F:\车尾画图工具\1364787037_t@4840.jpg 464,301,146,131 709,296,69,65
F:\车尾画图工具\1364787037_t@4860.jpg 483,297,137,122 708,292,73,67 815,278,57,58
F:\车尾画图工具\1364787037_t@4880.jpg 488,298,137,126 715,290,73,71
F:\车尾画图工具\1364787037_t@4900.jpg 978,266,91,92 750,288,88,80 492,297,141,126
F:\车尾画图工具\1364787037_t@4920.jpg 840,282,105,87 499,290,146,125
F:\车尾画图工具\1364787037_t@4940.jpg 997,283,142,119 508,293,149,135
F:\车尾画图工具\1364787037_t@4960.jpg 521,285,155,137 867,274,69,59
F:\车尾画图工具\1364787037_t@4980.jpg 517,293,156,138 852,281,82,65
F:\车尾画图工具\1364787037_t@5000.jpg 510,298,159,146 849,284,89,72
F:\车尾画图工具\1364787037_t@5020.jpg 850,261,100,82 514,275,162,151
F:\车尾画图工具\1364787037_t@5040.jpg 868,275,108,89 535,287,165,147
F:\车尾画图工具\1364787037_t@5060.jpg 877,287,119,92 555,297,160,139
F:\车尾画图工具\1364787037_t@5080.jpg 881,289,128,101 555,301,151,133
F:\车尾画图工具\1364787037_t@5100.jpg 896,290,139,108 552,301,149,129
F:\车尾画图工具\1364787037_t@5120.jpg 1092,252,114,122 936,286,146,117 563,300,143,120
F:\车尾画图工具\1364787037_t@5140.jpg 962,288,165,126 567,300,140,124
F:\车尾画图工具\1364787037_t@5160.jpg 972,294,183,138 549,305,138,124
F:\车尾画图工具\1364787037_t@5180.jpg 1003,278,204,146 546,292,135,118 457,290,73,65
F:\车尾画图工具\1364787037_t@5200.jpg 1033,288,219,163 546,299,130,117 417,300,73,62
F:\车尾画图工具\1364787037_t@5220.jpg 1072,277,207,175 564,297,126,110 371,298,72,64
F:\车尾画图工具\1364787037_t@5240.jpg 616,298,115,105 348,303,74,63
F:\车尾画图工具\1364787037_t@5260.jpg 706,296,109,99 364,305,72,60
F:\车尾画图工具\1364787037_t@5280.jpg 837,287,106,90 421,298,72,60
F:\车尾画图工具\1364787037_t@5300.jpg 1005,291,105,90 520,305,71,61 354,308,56,45 180,312,44,44
F:\车尾画图工具\1364787037_t@5320.jpg 1137,295,103,88 596,303,69,53 461,301,47,40 153,308,98,85
F:\车尾画图工具\1364787037_t@5340.jpg 627,293,67,57 296,295,79,77 502,290,48,43 196,295,68,56
F:\车尾画图工具\1364787037_t@5360.jpg 623,295,68,60 359,291,81,77 501,292,41,38 243,289,62,55
F:\车尾画图工具\1364787037_t@5380.jpg 594,298,67,58 375,296,76,74 250,298,56,49
F:\车尾画图工具\1364787037_t@5400.jpg 556,303,67,55 362,301,82,77 229,300,56,50 15,292,64,67
F:\车尾画图工具\1364787037_t@5420.jpg 515,301,69,57 329,301,91,81 199,304,56,50 21,297,67,57
F:\车尾画图工具\1364787037_t@5440.jpg 495,293,71,61 322,295,99,84 196,297,50,42 47,291,61,58
F:\车尾画图工具\1364787037_t@5460.jpg 479,289,70,61 343,292,104,90 207,292,53,44 88,288,53,53
F:\车尾画图工具\1364787037_t@5480.jpg 418,298,103,92 256,298,49,43 163,295,44,46
F:\车尾画图工具\1364787037_t@5500.jpg 508,297,105,102 43,309,118,102 235,299,44,42 313,302,41,38
F:\车尾画图工具\1364787037_t@5520.jpg 596,294,117,104 534,294,68,61 141,300,110,96
F:\车尾画图工具\1364787037_t@5540.jpg 669,292,124,112 537,294,73,62 206,301,101,85 369,296,42,37
F:\车尾画图工具\1364787037_t@5560.jpg 736,295,128,119 543,296,75,66 257,299,102,89 34,283,81,88
F:\车尾画图工具\1364787037_t@5580.jpg 809,294,137,124 560,297,79,67 307,300,97,78 109,284,72,79
F:\车尾画图工具\1364787037_t@5600.jpg 881,296,150,137 579,299,82,73 349,302,91,79 164,287,78,74
F:\车尾画图工具\1364787037_t@5620.jpg 972,289,171,143 617,294,90,76 409,299,81,71 230,287,72,70
F:\车尾画图工具\1364787037_t@5640.jpg 1074,290,193,152 660,296,92,80 454,299,85,71 280,290,66,64
F:\车尾画图工具\1364787037_t@5660.jpg 697,296,96,89 501,300,80,72 325,292,63,62
F:\车尾画图工具\1364787037_t@5680.jpg 691,295,102,98 517,296,77,64 331,284,63,61
F:\车尾画图工具\1364787037_t@5700.jpg 668,293,109,102 524,291,74,66 334,280,62,60
F:\车尾画图工具\1364787037_t@5720.jpg 628,290,120,114 525,290,72,63 334,280,59,60
F:\车尾画图工具\1364787037_t@5740.jpg 587,293,131,111 711,290,76,63 522,292,62,58 330,283,55,53
F:\车尾画图工具\1364787037_t@5760.jpg 708,292,77,68 565,298,135,117 329,289,53,56
F:\车尾画图工具\1364787037_t@5780.jpg 715,289,76,74 552,299,140,121 337,290,58,56
F:\车尾画图工具\1364787037_t@5800.jpg 729,291,79,72 536,300,153,129 354,293,58,54
F:\车尾画图工具\1364787037_t@5820.jpg 729,291,82,70 516,297,153,139 354,288,55,53
F:\车尾画图工具\1364787037_t@5840.jpg 712,290,81,72 481,299,161,138 342,288,53,56
F:\车尾画图工具\1364787037_t@5860.jpg 698,291,79,70 457,299,163,148 329,286,53,56
F:\车尾画图工具\1364787037_t@5880.jpg 670,291,78,69 425,300,168,144 309,287,54,55
F:\车尾画图工具\1364787037_t@5900.jpg 642,289,78,68 383,299,175,153 289,285,52,57
F:\车尾画图工具\1364787037_t@5920.jpg 593,288,76,69 314,298,180,157 246,285,58,53 680,290,52,50
F:\车尾画图工具\1364787037_t@5940.jpg 649,291,60,55 546,292,75,65 222,302,194,160
F:\车尾画图工具\1364787037_t@5960.jpg 661,291,60,57 537,293,78,64 152,309,210,172 377,302,62,54
F:\车尾画图工具\1364787037_t@5980.jpg 666,292,68,61 532,296,72,62 375,300,66,50 76,309,217,185
F:\车尾画图工具\1364787037_t@6000.jpg 690,288,74,66 532,291,78,63 375,297,67,56 1,308,236,206
F:\车尾画图工具\1364787037_t@6020.jpg 712,285,80,71 540,287,73,62 379,293,66,55 1,302,185,226
F:\车尾画图工具\1364787037_t@6040.jpg 735,286,87,80 548,287,68,63 374,292,69,59 247,282,48,51
F:\车尾画图工具\1364787037_t@6060.jpg 765,281,100,89 543,284,71,64 369,290,69,65 247,278,48,52
F:\车尾画图工具\1364787037_t@6080.jpg 810,294,123,103 530,299,77,64 357,307,75,62 243,294,47,50
F:\车尾画图工具\1364787037_t@6100.jpg 900,284,160,130 724,286,48,41 525,287,77,63 340,294,83,70 238,280,50,50
F:\车尾画图工具\1364787037_t@6120.jpg 1064,274,209,174 780,283,55,51 528,284,75,62 335,288,86,74 242,276,56,54
F:\车尾画图工具\1364787037_t@6140.jpg 849,289,63,53 525,286,75,67 323,294,93,79 244,280,54,54
F:\车尾画图工具\1364787037_t@6160.jpg 518,284,76,65 310,290,96,84 239,274,52,55
F:\车尾画图工具\1364787037_t@6180.jpg 520,288,72,66 306,298,99,87 243,285,53,52
F:\车尾画图工具\1364787037_t@6200.jpg 522,288,74,64 288,295,102,87 239,281,55,56
F:\车尾画图工具\1364787037_t@6220.jpg 525,291,77,62 274,296,116,96
F:\车尾画图工具\1364787037_t@6240.jpg 533,286,73,62 251,296,122,106
F:\车尾画图工具\1364787037_t@6260.jpg 530,288,74,64 215,298,138,117 452,288,47,41
F:\车尾画图工具\1364787037_t@6280.jpg 524,290,75,60 438,291,50,42 162,297,150,130
F:\车尾画图工具\1364787037_t@6300.jpg 526,295,73,59 427,298,55,48 101,310,174,143
F:\车尾画图工具\1364787037_t@6320.jpg 525,290,70,60 414,294,59,51 7,305,217,186
F:\车尾画图工具\1364787037_t@6340.jpg 516,294,75,59 395,298,62,55 212,288,54,54 341,298,37,33
F:\车尾画图工具\1364787037_t@6360.jpg 514,297,71,59 373,300,73,64 207,293,57,55
F:\车尾画图工具\1364787037_t@6380.jpg 504,292,74,59 341,294,81,72 201,286,57,53
F:\车尾画图工具\1364787037_t@6400.jpg 509,293,73,61 310,297,94,84 199,292,59,56
F:\车尾画图工具\1364787037_t@6420.jpg 512,296,68,65 259,301,114,94 416,304,47,41
F:\车尾画图工具\1364787037_t@6440.jpg 507,298,74,60 412,302,52,46 179,300,135,121
F:\车尾画图工具\1364787037_t@6460.jpg 511,297,72,61 411,301,52,43 61,300,173,150
F:\车尾画图工具\1364787037_t@6480.jpg 515,295,74,61 408,300,53,46 286,302,43,37 166,289,56,66
F:\车尾画图工具\1364787037_t@6500.jpg 520,297,71,60 405,301,56,46 284,304,39,34 159,292,59,61
F:\车尾画图工具\1364787037_t@6520.jpg 521,296,70,62 397,301,58,47 278,302,40,40 145,291,61,67
F:\车尾画图工具\1364787037_t@6540.jpg 522,297,72,60 396,301,58,52 282,303,41,38 138,289,62,68
F:\车尾画图工具\1364787037_t@6560.jpg 528,298,73,61 400,302,60,52 288,304,41,35 143,291,59,65
F:\车尾画图工具\1364787037_t@6580.jpg 532,292,73,62 402,297,59,51 290,302,37,32 141,287,61,63
F:\车尾画图工具\1364787037_t@6600.jpg 531,299,70,63 398,305,59,49 136,294,61,71 287,305,37,37
F:\车尾画图工具\1364787037_t@6620.jpg 527,296,76,59 395,301,67,49 128,289,65,67
F:\车尾画图工具\1364787037_t@6640.jpg 533,287,74,62 400,294,62,54 129,284,64,71
F:\车尾画图工具\1364787037_t@6660.jpg 537,295,69,61 397,300,64,57 346,300,47,43 124,291,65,68
F:\车尾画图工具\1364787037_t@6680.jpg 529,313,73,61 391,318,65,54 336,316,45,47 116,307,65,69
F:\车尾画图工具\1364787037_t@6700.jpg 530,298,66,59 383,300,71,61 324,299,49,47 113,292,67,68
F:\车尾画图工具\1364787037_t@6720.jpg 524,293,71,64 374,299,69,60 312,296,53,47 110,288,65,65
F:\车尾画图工具\1364787037_t@6740.jpg 524,294,67,61 361,297,72,66 303,296,51,49 111,284,61,73
F:\车尾画图工具\1364787037_t@6760.jpg 527,294,66,61 359,299,70,64 294,294,52,56 116,285,65,74
F:\车尾画图工具\1364787037_t@6780.jpg 525,296,68,61 353,304,71,64 280,301,50,53 116,292,65,68
F:\车尾画图工具\1364787037_t@6800.jpg 521,301,64,59 342,303,73,75 260,304,55,58 106,293,68,74
F:\车尾画图工具\1364787037_t@6820.jpg 515,301,67,60 335,306,79,73 240,303,63,59 102,296,64,69
F:\车尾画图工具\1364787037_t@6840.jpg 522,298,66,58 331,306,84,75 227,302,67,65 97,293,70,71
F:\车尾画图工具\1364787037_t@6860.jpg 521,294,66,59 322,302,90,75 202,300,71,70 84,294,69,73
F:\车尾画图工具\1364787037_t@6880.jpg 509,291,66,58 304,298,85,75 169,294,74,71 65,286,68,72
F:\车尾画图工具\1364787037_t@6900.jpg 517,289,64,58 303,296,94,77 146,294,80,74 62,284,73,80
F:\车尾画图工具\1364787037_t@6920.jpg 515,296,68,53 293,299,98,83 115,296,91,83 51,285,69,84
F:\车尾画图工具\1364787037_t@6940.jpg 522,298,59,53 289,302,99,83 78,297,100,90
F:\车尾画图工具\1364787037_t@6960.jpg 517,283,64,58 277,288,103,91 31,280,108,107
F:\车尾画图工具\1364787037_t@6980.jpg 521,292,61,55 280,295,98,92 0,283,112,121
F:\车尾画图工具\1364787037_t@7000.jpg 518,299,65,54 292,304,105,89
F:\车尾画图工具\1364787037_t@7020.jpg 502,295,61,54 287,300,107,93
F:\车尾画图工具\1364787037_t@7040.jpg 487,294,57,52 284,296,106,95
F:\车尾画图工具\1364787037_t@7060.jpg 464,296,60,48 272,300,105,93
F:\车尾画图工具\1364787037_t@7080.jpg 32,288,82,84 269,302,102,93 450,294,58,50
F:\车尾画图工具\1364787037_t@7100.jpg 449,291,52,48 276,295,105,93 54,284,81,80
F:\车尾画图工具\1364787037_t@7120.jpg 428,292,53,45 274,298,101,90 57,280,78,85
F:\车尾画图工具\1364787037_t@7140.jpg 269,294,107,96 64,280,79,86 410,289,49,47
F:\车尾画图工具\1364787037_t@7160.jpg 266,301,112,100 74,286,79,83
F:\车尾画图工具\1364787037_t@7180.jpg 244,294,116,106 69,277,77,84
F:\车尾画图工具\1364787037_t@7200.jpg 216,294,124,113 65,277,78,84
F:\车尾画图工具\1364787037_t@7220.jpg 192,297,136,124 76,278,78,82
F:\车尾画图工具\1364787037_t@7240.jpg 150,292,154,139 77,272,79,83
F:\车尾画图工具\1364787037_t@7260.jpg 113,296,168,147 309,289,84,77 542,281,34,28
F:\车尾画图工具\1364787037_t@7280.jpg 60,295,190,164 295,284,89,82 540,277,34,35
F:\车尾画图工具\1364787037_t@7300.jpg 541,277,38,34 291,285,93,86 7,290,205,179
F:\车尾画图工具\1364787037_t@7320.jpg 551,276,40,35 291,283,101,88 1,294,165,192
F:\车尾画图工具\1364787037_t@7340.jpg 558,286,44,37 291,289,105,95 158,275,65,71
F:\车尾画图工具\1364787037_t@7360.jpg 559,282,46,41 273,284,110,95 159,273,60,63
F:\车尾画图工具\1364787037_t@7380.jpg 565,293,50,45 249,296,121,102 165,283,59,62
F:\车尾画图工具\1364787037_t@7400.jpg 558,281,51,46 198,285,135,112 150,270,55,59
F:\车尾画图工具\1364787037_t@7420.jpg 138,292,140,115 542,287,55,49
F:\车尾画图工具\1364787037_t@7440.jpg 530,286,56,49 68,293,157,128
F:\车尾画图工具\1364787037_t@7460.jpg 515,287,59,50 1,290,155,146 447,289,42,34
F:\车尾画图工具\1364787037_t@7480.jpg 512,298,60,53 443,299,42,38
F:\车尾画图工具\1364787037_t@7500.jpg 491,299,66,59 429,300,46,41 148,294,43,48
F:\车尾画图工具\1364787037_t@7520.jpg 488,292,68,58 166,289,45,39 429,295,46,37
F:\车尾画图工具\1364787037_t@7540.jpg 486,292,70,63 18,294,72,66 191,289,38,41 434,295,47,40
F:\车尾画图工具\1364787037_t@7560.jpg 487,291,75,65 61,295,69,60 218,289,37,38
F:\车尾画图工具\1364787037_t@7580.jpg 489,292,77,68 103,294,62,57 242,289,33,36
F:\车尾画图工具\1364787037_t@7600.jpg 489,294,82,70 52,303,86,68 263,290,33,34
F:\车尾画图工具\1364787037_t@7620.jpg 494,296,87,75 141,300,71,61
F:\车尾画图工具\1364787037_t@7640.jpg 492,292,92,81 200,294,67,59
F:\车尾画图工具\1364787037_t@7660.jpg 488,290,96,82 249,296,56,49
F:\车尾画图工具\1364787037_t@7680.jpg 490,297,97,86 289,298,51,45
F:\车尾画图工具\1364787037_t@7700.jpg 492,294,106,90 324,297,46,39
F:\车尾画图工具\1364787037_t@7720.jpg 493,291,106,91
F:\车尾画图工具\1364787037_t@7740.jpg 489,291,115,94 2,302,113,91
F:\车尾画图工具\1364787037_t@7760.jpg 480,293,118,104 98,305,92,75
F:\车尾画图工具\1364787037_t@7780.jpg 475,291,124,104 169,297,74,60
F:\车尾画图工具\1364787037_t@7800.jpg 468,295,131,118 219,302,66,55
F:\车尾画图工具\1364787037_t@7820.jpg 462,289,144,122 259,293,58,46
F:\车尾画图工具\1364787037_t@7840.jpg 461,289,151,131 298,294,49,41
F:\车尾画图工具\1364787037_t@7860.jpg 465,288,150,131 330,293,45,37
F:\车尾画图工具\1364787037_t@7880.jpg 473,294,144,129
F:\车尾画图工具\1364787037_t@7900.jpg 472,281,143,127 52,224,136,139
F:\车尾画图工具\1364787037_t@7920.jpg 480,300,130,111 178,255,104,107
F:\车尾画图工具\1364787037_t@7940.jpg 489,290,119,103 257,259,82,86
F:\车尾画图工具\1364787037_t@7960.jpg 491,298,110,95 306,269,71,73 89,290,52,62
F:\车尾画图工具\1364787037_t@7980.jpg 492,298,101,88 335,272,62,66 155,291,45,50
F:\车尾画图工具\1364787037_t@8000.jpg 497,299,99,84 368,277,53,60 111,307,124,109
F:\车尾画图工具\1364787037_t@8020.jpg 501,300,94,80 227,305,97,83 76,306,78,65
F:\车尾画图工具\1364787037_t@8040.jpg 500,297,90,73 295,302,77,67 170,301,62,51 406,280,46,46
F:\车尾画图工具\1364787037_t@8060.jpg 496,293,86,74 336,298,64,56 228,298,54,45 54,301,58,50
F:\车尾画图工具\1364787037_t@8080.jpg 491,296,81,67 363,298,57,49 267,298,46,40 106,300,44,43
F:\车尾画图工具\1364787037_t@8100.jpg 491,295,78,68 390,298,49,43
F:\车尾画图工具\1364787037_t@8120.jpg 502,294,73,64 411,297,45,39
F:\车尾画图工具\1364787037_t@8140.jpg 505,293,73,61
F:\车尾画图工具\1364787037_t@8160.jpg 514,295,67,60 366,691,-364,-397
F:\车尾画图工具\1364787037_t@8180.jpg 50,290,450,357 531,289,66,59
F:\车尾画图工具\1364787037_t@8200.jpg 210,290,355,273 552,286,61,61 15,282,72,82 138,298,83,62
F:\车尾画图工具\1364787037_t@8220.jpg 328,289,289,228 102,291,63,67 233,305,64,49 687,266,58,60
F:\车尾画图工具\1364787037_t@8240.jpg 687,273,54,57 413,295,238,195 170,299,51,54 48,313,59,47 301,308,50,41
F:\车尾画图工具\1364787037_t@8260.jpg 471,300,207,169 673,280,51,56 803,302,50,43 204,306,47,50 114,318,50,41
F:\车尾画图工具\1364787037_t@8280.jpg 496,294,193,156 761,299,48,44 214,301,42,47
F:\车尾画图工具\1364787037_t@8300.jpg 518,298,180,146 723,303,41,40 217,305,41,41
F:\车尾画图工具\1364787037_t@8320.jpg 514,294,177,141
F:\车尾画图工具\1364787037_t@8340.jpg 1086,288,179,135 493,290,175,142
F:\车尾画图工具\1364787037_t@8360.jpg 972,289,155,111 476,293,172,136
F:\车尾画图工具\1364787037_t@8380.jpg 911,299,127,107 468,303,182,139
F:\车尾画图工具\1364787037_t@8400.jpg 861,290,109,98 454,290,179,147
F:\车尾画图工具\1364787037_t@8420.jpg 817,295,103,85 447,296,177,147
F:\车尾画图工具\1364787037_t@8440.jpg 787,300,90,79 432,302,185,148
F:\车尾画图工具\1364787037_t@8460.jpg 765,292,77,68 423,290,177,145
F:\车尾画图工具\1364787037_t@8480.jpg 751,290,73,63 422,289,176,146
F:\车尾画图工具\1364787037_t@8500.jpg 741,300,68,60 416,299,183,142
F:\车尾画图工具\1364787037_t@8520.jpg 726,295,63,57 411,292,188,149
F:\车尾画图工具\1364787037_t@8540.jpg 710,295,59,59 412,297,200,161
F:\车尾画图工具\1364787037_t@8560.jpg 707,293,57,52 432,291,211,165
F:\车尾画图工具\1364787037_t@8580.jpg 725,295,55,49 493,292,215,179
F:\车尾画图工具\1364787037_t@8600.jpg 553,293,230,181
F:\车尾画图工具\1364787037_t@8620.jpg 616,294,246,195
F:\车尾画图工具\1364787037_t@8640.jpg 697,294,268,211
F:\车尾画图工具\1364787037_t@8660.jpg 816,285,311,261
F:\车尾画图工具\1364787037_t@8680.jpg 975,280,303,327 724,294,49,41
F:\车尾画图工具\1364787037_t@8700.jpg 708,294,46,42 547,296,35,30 606,295,30,28
F:\车尾画图工具\1364787037_t@8720.jpg 696,292,43,40 590,292,30,26 531,291,38,35
F:\车尾画图工具\1364787037_t@8740.jpg 684,290,50,41 526,291,38,34
F:\车尾画图工具\1364787037_t@8760.jpg 689,290,48,43 526,291,42,39 587,293,31,27
F:\车尾画图工具\1364787037_t@8780.jpg 695,288,46,42 527,289,42,38
F:\车尾画图工具\1364787037_t@8800.jpg 692,289,50,43 522,289,45,38
F:\车尾画图工具\1364787037_t@8820.jpg 693,291,47,47 518,292,46,40
F:\车尾画图工具\1364787037_t@8840.jpg 687,288,51,46 514,291,46,40
F:\车尾画图工具\1364787037_t@8860.jpg 687,293,47,47 511,295,47,43
F:\车尾画图工具\1364787037_t@8880.jpg 688,290,47,48 509,293,52,43
F:\车尾画图工具\1364787037_t@8900.jpg 689,292,53,43 511,293,53,42
F:\车尾画图工具\1364787037_t@8920.jpg 691,287,55,48 513,289,56,47
F:\车尾画图工具\1364787037_t@8940.jpg 695,286,54,50 517,289,59,54
F:\车尾画图工具\1364787037_t@8960.jpg 522,288,61,55 699,286,52,52
F:\车尾画图工具\1364787037_t@8980.jpg 702,284,53,51 536,287,64,52
F:\车尾画图工具\1364787037_t@9000.jpg 695,275,53,48 545,277,63,59
