F:\qicheceshi1201\1364613142@0.jpg 788,331,94,75 454,280,274,224 344,284,114,141
F:\qicheceshi1201\1364613142@20.jpg 351,282,119,143 474,280,258,230 831,329,114,90
F:\qicheceshi1201\1364613142@40.jpg 360,282,117,152 512,284,233,207 907,335,143,109
F:\qicheceshi1201\1364613142@60.jpg 355,268,118,145 531,281,218,194 1021,320,219,165
F:\qicheceshi1201\1364613142@80.jpg 345,273,121,141 541,278,197,179
F:\qicheceshi1201\1364613142@100.jpg 319,271,116,147 524,285,184,168
F:\qicheceshi1201\1364613142@120.jpg 328,282,122,149 541,296,178,160
F:\qicheceshi1201\1364613142@140.jpg 315,267,128,162 542,287,170,158 865,316,185,141 1084,311,139,116
F:\qicheceshi1201\1364613142@160.jpg 284,272,140,173 531,294,163,152
F:\qicheceshi1201\1364613142@180.jpg 226,261,161,192 498,288,169,155 718,319,100,78
F:\qicheceshi1201\1364613142@200.jpg 153,240,193,231 483,283,168,154 803,316,134,115
F:\qicheceshi1201\1364613142@220.jpg 1024,304,251,220 456,282,177,165 656,313,71,58 59,231,239,270
F:\qicheceshi1201\1364613142@240.jpg 332,313,100,78 453,282,191,170 707,305,90,86
F:\qicheceshi1201\1364613142@260.jpg 329,309,105,88 438,272,215,189 785,298,136,120
F:\qicheceshi1201\1364613142@280.jpg 410,263,242,213 957,283,222,191
F:\qicheceshi1201\1364613142@300.jpg 352,255,265,235
F:\qicheceshi1201\1364613142@320.jpg 303,260,269,232 579,254,111,122
F:\qicheceshi1201\1364613142@340.jpg 256,266,268,227 597,247,124,130
F:\qicheceshi1201\1364613142@360.jpg 251,263,254,222 630,235,153,158
F:\qicheceshi1201\1364613142@380.jpg 270,265,247,205 683,209,194,183
F:\qicheceshi1201\1364613142@400.jpg 308,275,222,194 568,315,51,55 751,177,245,248
F:\qicheceshi1201\1364613142@420.jpg 317,277,207,173 581,313,46,49 834,121,331,343
F:\qicheceshi1201\1364613142@440.jpg 326,280,186,159 573,315,46,46
F:\qicheceshi1201\1364613142@460.jpg 368,290,160,140
F:\qicheceshi1201\1364613142@480.jpg 405,288,132,128 584,317,42,42
F:\qicheceshi1201\1364613142@500.jpg 51,178,371,429 602,324,28,40 835,306,106,98
F:\qicheceshi1201\1364613142@520.jpg 200,213,292,350 905,310,124,114
F:\qicheceshi1201\1364613142@540.jpg 311,233,242,305 620,329,30,38 1006,300,167,143
F:\qicheceshi1201\1364613142@560.jpg 388,230,216,281 846,226,124,162
F:\qicheceshi1201\1364613142@580.jpg 457,241,192,260 918,214,160,189
F:\qicheceshi1201\1364613142@600.jpg 496,247,180,241 1046,175,209,260
F:\qicheceshi1201\1364613142@620.jpg 505,250,176,233 799,325,68,55
F:\qicheceshi1201\1364613142@640.jpg 503,249,167,226 1007,323,128,106 825,325,82,62
F:\qicheceshi1201\1364613142@660.jpg 499,254,159,219 450,324,42,36 878,321,103,85
F:\qicheceshi1201\1364613142@680.jpg 486,260,163,209 446,325,39,33 995,317,141,113 720,310,61,55
F:\qicheceshi1201\1364613142@700.jpg 421,322,44,41 470,260,148,210 735,307,67,74
F:\qicheceshi1201\1364613142@720.jpg 432,262,162,208 768,301,80,92 684,327,50,43
F:\qicheceshi1201\1364613142@740.jpg 461,255,154,217 874,290,108,117 740,320,59,52
F:\qicheceshi1201\1364613142@760.jpg 505,255,167,218 1109,268,165,186 830,317,85,68 755,323,53,51 466,323,38,35
F:\qicheceshi1201\1364613142@780.jpg 534,315,43,39 618,243,169,234 881,318,65,57 1021,309,113,93
F:\qicheceshi1201\1364613142@800.jpg 558,314,40,35 624,309,61,55 699,241,187,247 998,316,99,80
F:\qicheceshi1201\1364613142@820.jpg 567,318,40,35 628,309,67,55 780,237,215,267
F:\qicheceshi1201\1364613142@840.jpg 621,305,65,59 718,315,37,40 573,313,37,35 872,226,224,294
F:\qicheceshi1201\1364613142@860.jpg 599,304,69,64 724,315,39,44 955,226,240,312
F:\qicheceshi1201\1364613142@880.jpg 584,304,68,69 730,319,46,43 1028,214,243,344
F:\qicheceshi1201\1364613142@900.jpg 556,307,74,64 728,319,55,50
F:\qicheceshi1201\1364613142@920.jpg 538,303,80,68 732,313,56,57
F:\qicheceshi1201\1364613142@940.jpg 525,304,81,71 632,318,55,49 729,313,64,62 802,267,78,91
F:\qicheceshi1201\1364613142@960.jpg 526,307,83,71 644,319,56,49 745,313,63,71 854,260,94,106
F:\qicheceshi1201\1364613142@980.jpg 541,306,80,73 668,318,61,53 767,315,73,73 943,247,118,128
F:\qicheceshi1201\1364613142@1000.jpg 545,297,89,79 680,310,74,61 789,309,81,78 1063,213,153,166
F:\qicheceshi1201\1364613142@1020.jpg 508,298,88,79 657,311,82,67 777,310,82,89
F:\qicheceshi1201\1364613142@1040.jpg 503,303,91,78 673,316,74,68 798,312,99,99 934,314,112,89
F:\qicheceshi1201\1364613142@1060.jpg 500,306,89,76 678,316,82,76 840,310,113,114 1086,316,169,126
F:\qicheceshi1201\1364613142@1080.jpg 509,304,87,80 694,318,89,81 909,313,126,125 1051,206,148,186
F:\qicheceshi1201\1364613142@1100.jpg 513,302,92,86 694,321,93,79 791,258,101,113 951,307,157,145
F:\qicheceshi1201\1364613142@1120.jpg 513,309,96,86 696,321,96,88 827,256,104,122 1001,312,155,155
F:\qicheceshi1201\1364613142@1140.jpg 557,306,91,75 728,313,105,92 902,243,124,136 1069,301,169,160
F:\qicheceshi1201\1364613142@1160.jpg 581,303,89,78 752,311,105,96 1104,306,159,160
F:\qicheceshi1201\1364613142@1180.jpg 581,307,89,76 741,319,111,88 1101,310,158,162
F:\qicheceshi1201\1364613142@1200.jpg 508,311,49,42 596,300,89,77 746,312,115,95 1111,296,162,165
F:\qicheceshi1201\1364613142@1220.jpg 518,315,50,37 621,299,94,80 764,308,117,104 1121,298,152,163
F:\qicheceshi1201\1364613142@1240.jpg 533,318,51,48 652,308,88,78 789,316,129,105 1107,308,158,149
F:\qicheceshi1201\1364613142@1260.jpg 1066,305,142,138 793,311,132,113 663,301,84,80 522,315,62,51
F:\qicheceshi1201\1364613142@1280.jpg 502,310,73,62 646,306,86,69 776,311,141,112 1017,311,126,120
F:\qicheceshi1201\1364613142@1300.jpg 484,322,73,64 630,312,94,71 749,324,150,103 952,320,118,108
F:\qicheceshi1201\1364613142@1320.jpg 463,316,91,77 750,315,124,114 907,312,88,98 622,305,79,69
F:\qicheceshi1201\1364613142@1340.jpg 442,312,99,91 601,302,75,63 727,313,124,114 855,311,81,84
F:\qicheceshi1201\1364613142@1360.jpg 400,299,131,109 577,288,72,65 702,297,127,110
F:\qicheceshi1201\1364613142@1380.jpg 451,304,179,141 657,296,70,54 788,296,132,109
F:\qicheceshi1201\1364613142@1400.jpg 628,303,249,195 963,306,125,102
F:\qicheceshi1201\1364613142@1420.jpg 409,313,66,56 994,286,283,313
F:\qicheceshi1201\1364613142@1440.jpg 449,314,65,64 737,312,90,78 994,301,128,116
F:\qicheceshi1201\1364613142@1460.jpg 421,323,74,64 768,318,98,84 1157,308,122,138
F:\qicheceshi1201\1364613142@1480.jpg 731,327,116,91 344,329,81,71
F:\qicheceshi1201\1364613142@1500.jpg 240,317,84,69 665,312,116,102
F:\qicheceshi1201\1364613142@1520.jpg 134,307,87,77 558,310,133,106
F:\qicheceshi1201\1364613142@1540.jpg 53,316,96,71 471,309,137,116
F:\qicheceshi1201\1364613142@1560.jpg 9,315,94,73 392,304,157,112
F:\qicheceshi1201\1364613142@1580.jpg 315,310,154,110
F:\qicheceshi1201\1364613142@1600.jpg 253,307,143,103
F:\qicheceshi1201\1364613142@1620.jpg 195,318,142,101
F:\qicheceshi1201\1364613142@1640.jpg 95,303,132,98
F:\qicheceshi1201\1364613142@1660.jpg 45,300,116,89 815,294,416,355
F:\qicheceshi1201\1364613142@1680.jpg 146,301,96,79 558,281,332,285 1116,292,79,92
F:\qicheceshi1201\1364613142@1700.jpg 280,338,94,68 483,325,283,240
F:\qicheceshi1201\1364613142@1720.jpg 412,309,249,213 914,314,59,54
F:\qicheceshi1201\1364613142@1740.jpg 408,305,225,191 1068,302,68,66
F:\qicheceshi1201\1364613142@1760.jpg 429,308,206,181
F:\qicheceshi1201\1364613142@1780.jpg 431,309,194,162
F:\qicheceshi1201\1364613142@1800.jpg 470,310,177,146
F:\qicheceshi1201\1364613142@1820.jpg 486,301,164,138
F:\qicheceshi1201\1364613142@1840.jpg 526,310,148,124
F:\qicheceshi1201\1364613142@1860.jpg 528,310,150,127
F:\qicheceshi1201\1364613142@1880.jpg 531,320,138,120
F:\qicheceshi1201\1364613142@1900.jpg 517,309,142,114
F:\qicheceshi1201\1364613142@1920.jpg 535,311,130,113
F:\qicheceshi1201\1364613142@1940.jpg 530,304,131,106
F:\qicheceshi1201\1364613142@1960.jpg 532,320,127,101
F:\qicheceshi1201\1364613142@1980.jpg 533,318,119,103
F:\qicheceshi1201\1364613142@2000.jpg 546,319,118,100
F:\qicheceshi1201\1364613142@2020.jpg 532,310,118,95
F:\qicheceshi1201\1364613142@2040.jpg 538,316,109,87
F:\qicheceshi1201\1364613142@2060.jpg 558,313,105,86
F:\qicheceshi1201\1364613142@2080.jpg 566,314,98,84
F:\qicheceshi1201\1364613142@2100.jpg 573,314,96,78
F:\qicheceshi1201\1364613142@2120.jpg 589,314,91,73
F:\qicheceshi1201\1364613142@2140.jpg 584,316,84,70 984,304,287,229
F:\qicheceshi1201\1364613142@2160.jpg 580,314,74,65 914,310,220,182
F:\qicheceshi1201\1364613142@2180.jpg 580,316,74,65 856,314,172,150
F:\qicheceshi1201\1364613142@2200.jpg 583,315,65,59 807,311,143,128
F:\qicheceshi1201\1364613142@2220.jpg 591,315,64,57 777,312,133,109
F:\qicheceshi1201\1364613142@2240.jpg 593,318,62,54 757,319,115,90
F:\qicheceshi1201\1364613142@2260.jpg 583,317,66,53 744,316,102,84
F:\qicheceshi1201\1364613142@2280.jpg 582,317,61,54 732,317,89,74
F:\qicheceshi1201\1364613142@2300.jpg 583,313,63,59 732,314,82,71
F:\qicheceshi1201\1364613142@2320.jpg 573,316,63,59 713,317,78,69
F:\qicheceshi1201\1364613142@2340.jpg 517,318,48,41 569,318,64,58 698,317,73,59
F:\qicheceshi1201\1364613142@2360.jpg 516,316,51,43 570,311,69,66 693,310,71,60
F:\qicheceshi1201\1364613142@2380.jpg 553,313,82,68 682,314,63,58
F:\qicheceshi1201\1364613142@2400.jpg 561,316,86,74 684,316,60,49 497,316,61,52
F:\qicheceshi1201\1364613142@2420.jpg 488,316,68,57 576,314,98,84 680,319,59,47
F:\qicheceshi1201\1364613142@2440.jpg 493,317,74,59 618,318,103,83
F:\qicheceshi1201\1364613142@2460.jpg 485,311,82,69 657,311,108,97
F:\qicheceshi1201\1364613142@2480.jpg 471,304,89,76 589,309,47,39 687,308,120,101
F:\qicheceshi1201\1364613142@2500.jpg 461,312,95,84 594,314,49,39 715,305,129,116
F:\qicheceshi1201\1364613142@2520.jpg 452,310,114,97 603,317,59,42 745,313,145,116
F:\qicheceshi1201\1364613142@2540.jpg 438,308,129,110 759,306,143,130 613,317,64,48
F:\qicheceshi1201\1364613142@2560.jpg 414,308,144,122 611,315,73,56 750,307,139,131
F:\qicheceshi1201\1364613142@2580.jpg 403,306,161,133 623,315,77,58 754,308,133,129
F:\qicheceshi1201\1364613142@2600.jpg 398,307,174,144 745,311,147,131 1078,313,159,130 641,314,83,66
F:\qicheceshi1201\1364613142@2620.jpg 380,302,190,162 753,306,144,138 971,311,124,108
F:\qicheceshi1201\1364613142@2640.jpg 360,304,200,167 747,306,153,141 906,311,95,91
F:\qicheceshi1201\1364613142@2660.jpg 339,304,212,174 751,306,163,160
F:\qicheceshi1201\1364613142@2680.jpg 316,305,221,178 765,307,198,171
F:\qicheceshi1201\1364613142@2700.jpg 288,300,235,193 810,302,232,208
F:\qicheceshi1201\1364613142@2720.jpg 276,302,263,207 890,299,303,256
F:\qicheceshi1201\1364613142@2740.jpg 294,298,296,240 644,315,74,63
F:\qicheceshi1201\1364613142@2760.jpg 304,291,347,283 691,313,80,68 841,301,193,159
F:\qicheceshi1201\1364613142@2780.jpg 299,287,395,313 721,309,82,76 889,301,216,167
F:\qicheceshi1201\1364613142@2800.jpg 302,286,408,335 723,315,89,74 907,302,224,171
F:\qicheceshi1201\1364613142@2820.jpg 286,288,428,342 715,314,90,74 914,304,228,172
F:\qicheceshi1201\1364613142@2840.jpg 287,285,428,342 719,309,81,75 916,300,225,179
F:\qicheceshi1201\1364613142@2860.jpg 304,290,405,323 717,318,67,61 912,305,224,173
F:\qicheceshi1201\1364613142@2880.jpg 329,295,371,293 708,316,63,56 908,305,216,163
F:\qicheceshi1201\1364613142@2900.jpg 360,297,329,261 887,304,209,160 697,314,63,56
F:\qicheceshi1201\1364613142@2920.jpg 386,296,290,242 868,310,185,146 694,316,58,53
F:\qicheceshi1201\1364613142@2940.jpg 414,308,258,219 692,323,51,48 845,316,166,135
F:\qicheceshi1201\1364613142@2960.jpg 429,315,248,199 828,319,149,118 691,327,49,41
F:\qicheceshi1201\1364613142@2980.jpg 441,313,246,199 818,319,138,109 691,325,42,37
F:\qicheceshi1201\1364613142@3000.jpg 453,311,247,205 812,317,123,104 682,326,46,37
F:\qicheceshi1201\1364613142@3020.jpg 440,301,258,210 779,312,113,91
F:\qicheceshi1201\1364613142@3040.jpg 431,301,259,213 748,310,104,84
F:\qicheceshi1201\1364613142@3060.jpg 416,298,268,222 720,313,86,74 986,306,223,191
F:\qicheceshi1201\1364613142@3080.jpg 345,298,300,240 651,307,81,71 853,304,175,157
F:\qicheceshi1201\1364613142@3100.jpg 250,293,331,269 578,312,71,61 740,307,130,128
F:\qicheceshi1201\1364613142@3120.jpg 113,286,376,292 483,309,68,54 616,306,111,103
F:\qicheceshi1201\1364613142@3140.jpg 7,297,394,294 410,318,54,44 518,311,93,85
F:\qicheceshi1201\1364613142@3160.jpg 334,318,48,41 427,315,78,67 510,310,29,42 572,320,35,31
F:\qicheceshi1201\1364613142@3180.jpg 779,297,302,263 320,313,71,59 247,318,50,39 512,320,31,32
F:\qicheceshi1201\1364613142@3200.jpg 272,311,61,47 367,314,29,27 212,310,46,32 563,296,195,185
F:\qicheceshi1201\1364613142@3220.jpg 202,312,36,28 242,309,54,48 439,301,142,134 301,305,26,37 360,312,28,31
F:\qicheceshi1201\1364613142@3240.jpg 215,319,50,41 277,313,27,31 352,309,119,104 481,319,34,31
F:\qicheceshi1201\1364613142@3260.jpg 597,305,285,249 271,315,102,83 174,323,44,37
F:\qicheceshi1201\1364613142@3280.jpg 113,327,38,34 183,321,85,70 347,313,180,160
F:\qicheceshi1201\1364613142@3300.jpg 144,313,150,117 324,326,43,33 21,326,35,29
F:\qicheceshi1201\1364613142@3320.jpg 221,322,39,36
F:\qicheceshi1201\1364613142@3340.jpg 20,321,50,44
F:\qicheceshi1201\1364613142@3400.jpg 1127,321,97,78
F:\qicheceshi1201\1364613142@3420.jpg 1018,325,83,69
F:\qicheceshi1201\1364613142@3440.jpg 928,313,71,59
F:\qicheceshi1201\1364613142@3460.jpg 777,321,65,57
F:\qicheceshi1201\1364613142@3480.jpg 663,329,57,51
F:\qicheceshi1201\1364613142@3500.jpg 601,316,55,53
F:\qicheceshi1201\1364613142@3520.jpg 571,325,52,46
F:\qicheceshi1201\1364613142@3540.jpg 566,329,52,42
F:\qicheceshi1201\1364613142@3560.jpg 548,326,48,39
F:\qicheceshi1201\1364613142@3580.jpg 515,327,46,44
F:\qicheceshi1201\1364613142@3600.jpg 480,313,42,42
F:\qicheceshi1201\1364613142@3620.jpg 464,317,49,44
F:\qicheceshi1201\1364613142@3640.jpg 452,324,45,40
F:\qicheceshi1201\1364613142@3660.jpg 449,324,46,40 735,277,53,85
F:\qicheceshi1201\1364613142@3680.jpg 454,325,48,38 780,263,75,109
F:\qicheceshi1201\1364613142@3700.jpg 458,321,46,41 870,241,95,145
F:\qicheceshi1201\1364613142@3720.jpg 468,314,46,42 1054,180,138,225
F:\qicheceshi1201\1364613142@3740.jpg 464,317,47,38
F:\qicheceshi1201\1364613142@3760.jpg 476,315,44,41
F:\qicheceshi1201\1364613142@3780.jpg 474,319,43,42 575,321,22,21
F:\qicheceshi1201\1364613142@3800.jpg 483,320,49,42 589,321,27,23
F:\qicheceshi1201\1364613142@3820.jpg 527,318,46,38 632,319,28,24
F:\qicheceshi1201\1364613142@3840.jpg 557,317,48,39 656,319,32,26
F:\qicheceshi1201\1364613142@3860.jpg 561,315,46,39 659,316,35,30
F:\qicheceshi1201\1364613142@3880.jpg 558,317,47,40 652,320,45,33
F:\qicheceshi1201\1364613142@3900.jpg 557,322,46,40 660,325,47,37
F:\qicheceshi1201\1364613142@3920.jpg 564,319,44,40 526,321,35,27 671,321,56,45
F:\qicheceshi1201\1364613142@3940.jpg 519,317,38,29 569,317,44,40 693,321,65,52
F:\qicheceshi1201\1364613142@3960.jpg 506,316,41,30 568,314,46,38 716,312,89,72
F:\qicheceshi1201\1364613142@3980.jpg 487,320,42,35 563,318,46,41 765,315,124,105
F:\qicheceshi1201\1364613142@4000.jpg 474,318,48,38 561,316,50,43 893,310,235,179
F:\qicheceshi1201\1364613142@4020.jpg 473,317,49,41 560,314,49,44
F:\qicheceshi1201\1364613142@4040.jpg 466,316,53,46 552,315,42,44
F:\qicheceshi1201\1364613142@4060.jpg 969,306,128,106 440,316,53,46 515,320,46,37 570,321,28,32
F:\qicheceshi1201\1364613142@4080.jpg 401,319,60,48 479,318,40,37 546,321,33,35
F:\qicheceshi1201\1364613142@4100.jpg 356,319,65,52 438,318,46,39 523,321,37,38
F:\qicheceshi1201\1364613142@4120.jpg 366,318,65,54 463,322,36,35 554,321,41,39
F:\qicheceshi1201\1364613142@4140.jpg 377,324,69,52 490,320,39,34 581,318,51,51
F:\qicheceshi1201\1364613142@4160.jpg 390,318,78,58 521,314,39,37 616,316,61,60
F:\qicheceshi1201\1364613142@4180.jpg 423,322,80,59 562,322,38,31 659,315,84,80
F:\qicheceshi1201\1364613142@4200.jpg 431,315,80,64 580,316,36,31 698,309,104,101
F:\qicheceshi1201\1364613142@4220.jpg 427,326,82,63 585,323,33,33 753,316,152,147
F:\qicheceshi1201\1364613142@4240.jpg 415,322,88,70 582,326,34,30 921,304,295,290
F:\qicheceshi1201\1364613142@4260.jpg 403,321,86,69 578,319,37,35
F:\qicheceshi1201\1364613142@4280.jpg 384,322,95,67 568,322,35,31 975,292,217,167
F:\qicheceshi1201\1364613142@4300.jpg 358,318,95,72 552,320,35,29
F:\qicheceshi1201\1364613142@4320.jpg 357,310,99,76 548,315,36,28
F:\qicheceshi1201\1364613142@4340.jpg 370,311,93,78 559,316,31,28 749,294,113,89
F:\qicheceshi1201\1364613142@4360.jpg 374,307,107,83 560,314,34,30 822,294,161,119
F:\qicheceshi1201\1364613142@4380.jpg 400,314,102,77 576,312,29,32 869,282,166,145 1023,279,250,193
F:\qicheceshi1201\1364613142@4400.jpg 413,312,102,86 572,315,35,30 804,306,109,90
F:\qicheceshi1201\1364613142@4420.jpg 417,309,107,85 568,311,34,29 897,286,166,143
F:\qicheceshi1201\1364613142@4440.jpg 406,313,107,85 553,316,34,28
F:\qicheceshi1201\1364613142@4460.jpg 405,307,105,87 551,307,33,37
F:\qicheceshi1201\1364613142@4480.jpg 392,312,112,91 536,318,35,29
F:\qicheceshi1201\1364613142@4500.jpg 384,314,120,88 525,315,38,32
F:\qicheceshi1201\1364613142@4520.jpg 384,315,121,90
F:\qicheceshi1201\1364613142@4540.jpg 393,311,131,102
F:\qicheceshi1201\1364613142@4560.jpg 387,309,136,110
F:\qicheceshi1201\1364613142@4580.jpg 383,305,155,117
F:\qicheceshi1201\1364613142@4600.jpg 316,309,74,63 385,308,169,130
F:\qicheceshi1201\1364613142@4620.jpg 274,308,92,76 370,304,190,149
F:\qicheceshi1201\1364613142@4640.jpg 221,304,116,91 346,301,221,182
F:\qicheceshi1201\1364613142@4660.jpg 159,302,142,110 303,294,276,217
F:\qicheceshi1201\1364613142@4680.jpg 113,300,146,111 259,292,339,264
F:\qicheceshi1201\1364613142@4700.jpg 170,278,445,340
F:\qicheceshi1201\1364613142@4720.jpg 116,281,521,387
F:\qicheceshi1201\1364613142@4740.jpg 103,283,535,394
F:\qicheceshi1201\1364613142@4760.jpg 90,287,550,397
F:\qicheceshi1201\1364613142@4840.jpg 94,287,545,395 1134,307,144,119
F:\qicheceshi1201\1364613142@4860.jpg 17,272,554,400 1098,300,126,103
F:\qicheceshi1201\1363323549@0.jpg 795,298,219,190
F:\qicheceshi1201\1363323549@20.jpg 850,304,264,195
F:\qicheceshi1201\1363323549@40.jpg 927,301,317,234
F:\qicheceshi1201\1363323549@180.jpg 574,264,25,24 614,270,29,21 671,271,28,26
F:\qicheceshi1201\1363323549@200.jpg 623,273,26,23 673,274,31,24
F:\qicheceshi1201\1363323549@220.jpg 674,272,31,27 622,271,28,23
F:\qicheceshi1201\1363323549@240.jpg 618,275,26,25 669,275,28,23
F:\qicheceshi1201\1363323549@260.jpg 669,279,31,26 622,281,23,20
F:\qicheceshi1201\1363323549@280.jpg 621,281,27,21 670,280,31,27
F:\qicheceshi1201\1363323549@300.jpg 622,291,27,21 669,290,29,23
F:\qicheceshi1201\1363323549@320.jpg 621,299,27,19 672,298,27,21
F:\qicheceshi1201\1363323549@400.jpg 571,296,20,18 661,297,33,21
F:\qicheceshi1201\1363323549@420.jpg 565,301,18,16 654,298,25,19 607,298,27,22
F:\qicheceshi1201\1363323549@440.jpg 562,305,18,18 604,302,30,22 650,304,26,21
F:\qicheceshi1201\1363323549@460.jpg 565,307,17,17 609,303,24,19 650,301,24,22
F:\qicheceshi1201\1363323549@480.jpg 606,305,27,18 650,306,26,20
F:\qicheceshi1201\1363323549@500.jpg 648,303,26,23
F:\qicheceshi1201\1363323549@520.jpg 645,311,23,22
F:\qicheceshi1201\1363323549@540.jpg 644,323,26,17
F:\qicheceshi1201\1363323549@600.jpg 588,323,26,21 621,318,21,25 668,323,25,23
F:\qicheceshi1201\1363323549@620.jpg 584,320,28,21 620,315,24,23 674,316,23,25
F:\qicheceshi1201\1363323549@640.jpg 588,315,23,17 626,307,20,25 675,315,25,20
F:\qicheceshi1201\1363323549@660.jpg 586,318,25,21 626,310,22,25 681,316,23,21
F:\qicheceshi1201\1363323549@700.jpg 581,304,20,20 615,298,23,25 668,303,24,23
F:\qicheceshi1201\1363323549@720.jpg 593,300,22,18 634,295,19,24 676,300,32,22
F:\qicheceshi1201\1363323549@740.jpg 594,293,23,17 631,287,23,26 681,292,25,22
F:\qicheceshi1201\1363323549@760.jpg 589,307,21,18 625,300,22,24 670,305,23,22
F:\qicheceshi1201\1363323549@780.jpg 620,293,22,23 661,298,23,21
F:\qicheceshi1201\1363323549@800.jpg 612,295,23,23 650,298,27,25
F:\qicheceshi1201\1363323549@820.jpg 608,296,24,26 648,300,24,24
F:\qicheceshi1201\1363323549@840.jpg 569,306,20,16 605,301,19,24 643,305,25,22
F:\qicheceshi1201\1363323549@860.jpg 569,299,25,17 608,291,16,24 654,297,18,20
F:\qicheceshi1201\1363323549@880.jpg 578,294,22,18 612,290,22,24 660,294,21,21
F:\qicheceshi1201\1363323549@940.jpg 632,281,23,25
F:\qicheceshi1201\1363323549@980.jpg 894,296,39,30 1003,268,54,61 624,292,22,26 664,301,24,23
F:\qicheceshi1201\1363323549@1000.jpg 622,297,26,25 1082,256,66,72
F:\qicheceshi1201\1363323549@1020.jpg 625,291,24,25 1205,245,73,92
F:\qicheceshi1201\1363323549@1040.jpg 624,288,23,23
F:\qicheceshi1201\1363323549@1060.jpg 622,288,23,26
F:\qicheceshi1201\1363323549@1080.jpg 633,291,25,28
F:\qicheceshi1201\1363323549@1100.jpg 635,286,20,28 680,295,23,19
F:\qicheceshi1201\1363323549@1160.jpg 655,288,26,25 703,294,24,22
F:\qicheceshi1201\1363323549@1180.jpg 656,294,24,27
F:\qicheceshi1201\1363323549@1200.jpg 662,291,22,28 712,299,25,21
F:\qicheceshi1201\1363323549@1220.jpg 660,294,24,29
F:\qicheceshi1201\1363323549@1240.jpg 659,290,24,28 1133,294,57,52
F:\qicheceshi1201\1363323549@1260.jpg 658,292,26,29 1178,297,64,48
F:\qicheceshi1201\1363323549@1280.jpg 663,287,26,33
F:\qicheceshi1201\1363323549@1300.jpg 670,290,23,28 715,299,25,20
F:\qicheceshi1201\1363323549@1320.jpg 664,296,25,28 712,303,29,23
F:\qicheceshi1201\1363323549@1360.jpg 660,289,31,28 708,295,31,27
F:\qicheceshi1201\1363323549@1380.jpg 661,294,23,29 1118,278,142,145
F:\qicheceshi1201\1363323549@1400.jpg 1072,278,125,135 657,289,30,36
F:\qicheceshi1201\1363323549@1420.jpg 1024,281,123,124 663,291,26,30
F:\qicheceshi1201\1363323549@1440.jpg 990,282,118,109
F:\qicheceshi1201\1363323549@1460.jpg 962,281,109,108 724,290,27,34 675,297,33,27
F:\qicheceshi1201\1363323549@1480.jpg 665,296,32,26 720,286,32,37 939,279,97,102
F:\qicheceshi1201\1363323549@1500.jpg 663,296,32,29 728,289,34,39 931,283,92,101
F:\qicheceshi1201\1363323549@1520.jpg 657,297,36,29 739,286,36,41 925,280,90,99
F:\qicheceshi1201\1363323549@1540.jpg 681,286,32,34 747,288,37,42 913,285,88,90
F:\qicheceshi1201\1363323549@1560.jpg 683,287,29,35 756,286,45,50 879,284,88,93
F:\qicheceshi1201\1363323549@1580.jpg 683,288,32,36 823,285,87,95 636,301,34,25
F:\qicheceshi1201\1363323549@1600.jpg 634,293,34,30 687,283,35,36 780,285,87,84
F:\qicheceshi1201\1363323549@1620.jpg 742,281,82,87 849,272,68,81 690,281,34,33 632,289,35,31
F:\qicheceshi1201\1363323549@1640.jpg 632,292,34,32 722,284,80,82 918,271,91,104
F:\qicheceshi1201\1363323549@1660.jpg 711,281,79,82 1043,261,116,138
F:\qicheceshi1201\1363323549@1680.jpg 704,281,77,80
F:\qicheceshi1201\1363323549@1700.jpg 687,290,72,73
F:\qicheceshi1201\1363323549@1720.jpg 680,282,65,74
F:\qicheceshi1201\1363323549@1740.jpg 666,287,70,69
F:\qicheceshi1201\1363323549@1760.jpg 663,289,66,71 730,286,39,43
F:\qicheceshi1201\1363323549@1780.jpg 661,292,64,70 734,287,45,47
F:\qicheceshi1201\1363323549@1800.jpg 661,284,61,69 752,279,44,50
F:\qicheceshi1201\1363323549@1820.jpg 661,289,61,63 768,282,46,46
F:\qicheceshi1201\1363323549@1840.jpg 668,286,57,61 789,281,49,48
F:\qicheceshi1201\1363323549@1860.jpg 664,293,51,52 803,283,48,48
F:\qicheceshi1201\1363323549@1880.jpg 661,285,50,57 821,281,49,55
F:\qicheceshi1201\1363323549@1900.jpg 655,290,57,58 841,284,51,59
F:\qicheceshi1201\1363323549@1920.jpg 657,289,49,50 737,295,31,27 859,276,58,61
F:\qicheceshi1201\1363323549@1940.jpg 648,287,52,54 736,295,38,31 887,275,64,69
F:\qicheceshi1201\1363323549@1960.jpg 649,290,47,52 728,297,33,32 917,278,66,75
F:\qicheceshi1201\1363323549@1980.jpg 641,290,49,55 730,300,37,33 968,276,69,78
F:\qicheceshi1201\1363323549@2000.jpg 645,291,48,53 734,296,44,37 1036,272,82,90
F:\qicheceshi1201\1363323549@2020.jpg 641,292,48,51 737,297,42,39 1114,271,89,96
F:\qicheceshi1201\1363323549@2040.jpg 641,294,47,50 743,297,46,45
F:\qicheceshi1201\1363323549@2060.jpg 638,297,45,47 747,299,46,43
F:\qicheceshi1201\1363323549@2080.jpg 631,301,47,45 747,303,46,46
F:\qicheceshi1201\1363323549@2100.jpg 633,305,46,43 747,307,53,44
F:\qicheceshi1201\1363323549@2120.jpg 640,305,41,46 762,308,46,45
F:\qicheceshi1201\1363323549@2140.jpg 641,302,43,44 763,305,49,44
F:\qicheceshi1201\1363323549@2160.jpg 643,304,41,44 765,307,47,45
F:\qicheceshi1201\1363323549@2180.jpg 641,304,38,36 760,306,53,40
F:\qicheceshi1201\1363323549@2200.jpg 636,304,41,41 761,311,47,38
F:\qicheceshi1201\1363323549@2220.jpg 639,302,39,41 761,307,48,44
F:\qicheceshi1201\1363323549@2240.jpg 634,300,37,38 755,305,43,41
F:\qicheceshi1201\1363323549@2260.jpg 632,295,36,39 747,300,49,40
F:\qicheceshi1201\1363323549@2280.jpg 625,287,38,38 738,292,45,36
F:\qicheceshi1201\1363323549@2300.jpg 629,295,37,37 737,300,42,40
F:\qicheceshi1201\1363323549@2320.jpg 634,296,34,37 737,302,42,37
F:\qicheceshi1201\1363323549@2340.jpg 633,292,34,35 731,298,42,40
F:\qicheceshi1201\1363323549@2360.jpg 629,294,33,34 724,297,42,37
F:\qicheceshi1201\1363323549@2380.jpg 725,295,44,32 626,289,36,37
F:\qicheceshi1201\1363323549@2400.jpg 629,291,34,40 726,299,37,31
F:\qicheceshi1201\1363323549@2420.jpg 630,290,34,34 724,295,35,33
F:\qicheceshi1201\1363323549@2440.jpg 625,285,31,35 713,295,39,34
F:\qicheceshi1201\1363323549@2460.jpg 627,280,33,34 713,286,36,31
F:\qicheceshi1201\1363323549@2480.jpg 623,281,31,32 707,288,36,30
F:\qicheceshi1201\1363323549@2500.jpg 623,270,29,32 703,276,36,30
F:\qicheceshi1201\1363323549@2520.jpg 624,275,29,31 700,281,35,30
F:\qicheceshi1201\1363323549@2540.jpg 624,278,29,32 702,284,32,27
F:\qicheceshi1201\1363323549@2560.jpg 617,280,31,28 697,288,33,24
F:\qicheceshi1201\1363323549@2580.jpg 610,279,31,33 691,281,32,27
F:\qicheceshi1201\1363323549@2600.jpg 602,285,28,33 685,291,31,30
F:\qicheceshi1201\1363323549@2620.jpg 594,290,27,28 684,296,28,26
F:\qicheceshi1201\1363323549@2640.jpg 587,290,29,30 676,294,33,29
F:\qicheceshi1201\1363323549@2660.jpg 581,297,28,31 676,299,28,29
F:\qicheceshi1201\1363323549@2680.jpg 576,285,27,30 672,290,31,25
F:\qicheceshi1201\1363323549@2700.jpg 601,284,25,27 697,287,31,22
F:\qicheceshi1201\1363323549@2840.jpg 564,282,23,26 665,289,30,23
F:\qicheceshi1201\1363323549@2860.jpg 561,283,24,25 621,287,28,22 667,290,28,20
F:\qicheceshi1201\1363323549@2880.jpg 562,281,17,24 619,286,25,20 665,285,30,22
F:\qicheceshi1201\1363323549@2940.jpg 556,278,24,24 611,280,30,23 662,281,28,23
F:\qicheceshi1201\1363323549@3360.jpg 580,313,35,27 653,293,35,38
F:\qicheceshi1201\1363323549@3380.jpg 576,312,34,31 650,296,36,35
F:\qicheceshi1201\1363323549@3400.jpg 568,311,33,32 644,290,38,42
F:\qicheceshi1201\1363323549@3420.jpg 564,310,34,34 643,289,41,38
F:\qicheceshi1201\1363323549@3440.jpg 561,293,40,34 647,272,43,40
F:\qicheceshi1201\1363323549@3460.jpg 567,298,35,35 653,277,39,44
F:\qicheceshi1201\1363323549@3480.jpg 571,290,37,35 658,266,45,48
F:\qicheceshi1201\1363323549@3500.jpg 569,290,37,38 655,268,45,46
F:\qicheceshi1201\1363323549@3520.jpg 547,298,39,36 631,276,47,46
F:\qicheceshi1201\1363323549@3540.jpg 539,294,40,37 620,266,54,56
F:\qicheceshi1201\1363323549@3560.jpg 533,300,43,37 615,272,55,55
F:\qicheceshi1201\1363323549@3580.jpg 526,293,46,38 608,265,53,55
F:\qicheceshi1201\1363323549@3600.jpg 508,295,45,38 591,264,58,60
F:\qicheceshi1201\1363323549@3620.jpg 486,296,47,38 576,261,58,67
F:\qicheceshi1201\1363323549@3640.jpg 481,297,48,37 569,262,67,66
F:\qicheceshi1201\1363323549@3660.jpg 472,293,46,42 556,262,68,68
F:\qicheceshi1201\1363323549@3680.jpg 469,292,48,40 556,246,71,87
F:\qicheceshi1201\1363323549@3700.jpg 466,296,46,41 548,254,73,86
F:\qicheceshi1201\1363323549@3720.jpg 455,290,49,43 532,249,76,92
F:\qicheceshi1201\1363323549@3740.jpg 444,294,49,42 510,245,85,102
F:\qicheceshi1201\1363323549@3760.jpg 431,294,43,39 480,237,95,106
F:\qicheceshi1201\1363323549@3780.jpg 450,231,103,116
F:\qicheceshi1201\1363323549@3800.jpg 420,227,109,127
F:\qicheceshi1201\1363323549@3820.jpg 375,222,139,140
F:\qicheceshi1201\1363323549@3840.jpg 319,207,150,164 592,296,33,26
F:\qicheceshi1201\1363323549@3860.jpg 245,189,184,184 603,294,33,26
F:\qicheceshi1201\1363323549@3880.jpg 145,173,214,211 474,289,54,38 611,294,37,27
F:\qicheceshi1201\1363323549@3900.jpg 29,150,260,260 500,294,47,44 628,296,37,31
F:\qicheceshi1201\1363323549@3920.jpg 509,298,51,42 638,299,35,30
F:\qicheceshi1201\1363323549@3940.jpg 515,303,49,33 637,301,39,31
F:\qicheceshi1201\1363323549@3960.jpg 525,297,54,41 650,296,43,33
F:\qicheceshi1201\1363323549@3980.jpg 527,286,51,46 646,288,40,33
F:\qicheceshi1201\1363323549@4000.jpg 520,297,52,45 632,299,44,34
F:\qicheceshi1201\1363323549@4020.jpg 507,288,59,45 620,287,48,45
F:\qicheceshi1201\1363323549@4040.jpg 495,291,53,41 600,292,51,44
F:\qicheceshi1201\1363323549@4060.jpg 482,290,51,43 588,294,52,41
F:\qicheceshi1201\1363323549@4080.jpg 475,298,53,42 584,299,47,44 891,294,83,67 981,179,111,167
F:\qicheceshi1201\1363323549@4100.jpg 484,298,44,40 582,301,51,44 1101,148,151,222
F:\qicheceshi1201\1363323549@4120.jpg 477,300,49,40 570,301,56,47 852,301,68,58
F:\qicheceshi1201\1363323549@4140.jpg 484,299,47,37 572,302,53,41
F:\qicheceshi1201\1363323549@4160.jpg 488,300,47,34 566,298,54,46
F:\qicheceshi1201\1363323549@4180.jpg 495,304,42,40 566,305,51,45
F:\qicheceshi1201\1363323549@4200.jpg 507,294,45,39 576,297,48,42
F:\qicheceshi1201\1363323549@4220.jpg 519,292,46,38 580,293,53,49 1024,214,109,127
F:\qicheceshi1201\1363323549@4240.jpg 532,288,48,42 587,293,50,46 1049,203,124,141
F:\qicheceshi1201\1363323549@4260.jpg 556,294,41,36 601,295,53,44 1089,203,128,146
F:\qicheceshi1201\1363323549@4280.jpg 562,294,38,35 605,295,47,44 1113,198,129,157
F:\qicheceshi1201\1363323549@4300.jpg 445,295,46,38 589,296,50,49 1110,193,145,167
F:\qicheceshi1201\1363323549@4320.jpg 444,291,44,40 576,293,54,47 1108,182,162,183
F:\qicheceshi1201\1363323549@4340.jpg 452,294,44,36 574,297,54,47
F:\qicheceshi1201\1363323549@4360.jpg 468,294,35,31 574,299,56,47
F:\qicheceshi1201\1363323549@4380.jpg 478,290,38,33 574,296,60,48
F:\qicheceshi1201\1363323549@4400.jpg 500,290,32,29 581,294,52,48
F:\qicheceshi1201\1363323549@4420.jpg 514,297,36,27 580,306,55,45
F:\qicheceshi1201\1363323549@4440.jpg 537,288,34,28 583,290,56,51 4,134,244,281
F:\qicheceshi1201\1363323549@4460.jpg 21,150,259,264 578,288,62,57
F:\qicheceshi1201\1363323549@4480.jpg 92,166,231,228 587,290,61,52
F:\qicheceshi1201\1363323549@4500.jpg 159,174,203,210 600,293,58,44
F:\qicheceshi1201\1363323549@4520.jpg 17,265,113,118 201,195,184,191 597,298,53,48
F:\qicheceshi1201\1363323549@4540.jpg 57,269,86,97 199,201,169,174 562,295,54,50
F:\qicheceshi1201\1363323549@4560.jpg 75,277,85,86 190,211,156,160 532,299,52,45
F:\qicheceshi1201\1363323549@4580.jpg 102,276,71,82 182,215,148,154 511,298,56,47
F:\qicheceshi1201\1363323549@4600.jpg 173,216,147,148 492,297,55,47
F:\qicheceshi1201\1363323549@4620.jpg 9,301,113,77 182,223,143,140 485,291,61,59
F:\qicheceshi1201\1363323549@4640.jpg 82,301,92,65 209,225,127,131 488,295,65,51
F:\qicheceshi1201\1363323549@4660.jpg 130,292,78,54 216,223,124,127 482,291,69,58
F:\qicheceshi1201\1363323549@4680.jpg 237,229,117,119 485,291,72,64
F:\qicheceshi1201\1363323549@4700.jpg 257,239,104,112 479,299,79,59
F:\qicheceshi1201\1363323549@4720.jpg 286,232,102,106 483,291,86,63
F:\qicheceshi1201\1363323549@4740.jpg 307,240,99,99 480,293,92,69
F:\qicheceshi1201\1363323549@4760.jpg 6,162,248,234 332,246,79,91 476,296,99,76
F:\qicheceshi1201\1363323549@4780.jpg 137,183,196,188 24,291,90,70 459,286,112,95
F:\qicheceshi1201\1363323549@4800.jpg 104,296,76,56 229,207,152,150 440,293,134,106
F:\qicheceshi1201\1363323549@4820.jpg 163,298,58,48 290,220,125,128 419,293,154,125
F:\qicheceshi1201\1363323549@4840.jpg 1,292,104,90 212,288,47,41 344,223,99,112 388,291,174,149 563,287,88,76
F:\qicheceshi1201\1363323549@4860.jpg 115,294,93,64 356,297,224,172 574,294,90,75 253,292,51,34 774,284,58,44
F:\qicheceshi1201\1363323549@4880.jpg 201,284,69,54 313,292,267,204 582,284,87,82
F:\qicheceshi1201\1363323549@4900.jpg 266,288,53,41 270,296,328,247 589,287,86,81
F:\qicheceshi1201\1363323549@4920.jpg 221,287,382,296
F:\qicheceshi1201\1363323549@4940.jpg 211,296,416,317
F:\qicheceshi1201\1363323549@4960.jpg 237,310,418,310
F:\qicheceshi1201\1363323549@4980.jpg 258,309,411,310 8,254,131,110 903,116,235,288
F:\qicheceshi1201\1363323549@5000.jpg 291,299,374,306 794,141,203,257
F:\qicheceshi1201\1363323549@5020.jpg 320,288,326,278 718,159,180,211
F:\qicheceshi1201\1363323549@5040.jpg 342,294,285,241 680,170,159,197
F:\qicheceshi1201\1363323549@5060.jpg 354,315,261,221 661,199,146,183 886,310,96,77 220,271,77,88
F:\qicheceshi1201\1363323549@5080.jpg 351,301,255,207 643,194,141,170
F:\qicheceshi1201\1363323549@5100.jpg 363,303,234,197 627,200,136,162 944,308,298,224
F:\qicheceshi1201\1363323549@5120.jpg 322,305,229,196 581,209,128,153 781,313,237,180 1117,304,154,120
F:\qicheceshi1201\1363323549@5140.jpg 240,304,230,187 503,205,143,160 649,309,204,160
F:\qicheceshi1201\1363323549@5160.jpg 166,298,237,193 561,302,167,148 453,198,136,162
F:\qicheceshi1201\1363323549@5180.jpg 112,290,247,200 512,289,161,146 436,199,131,153
F:\qicheceshi1201\1363323549@5200.jpg 46,297,265,196 472,300,140,123 412,209,132,139
F:\qicheceshi1201\1363323549@5220.jpg 3,299,253,215 408,299,139,120
F:\qicheceshi1201\1363323549@5240.jpg 350,293,136,111
F:\qicheceshi1201\1363323549@5260.jpg 244,290,134,112
F:\qicheceshi1201\1363323549@5280.jpg 83,284,135,107
F:\qicheceshi1201\1363323549@5300.jpg 70,206,117,132
F:\qicheceshi1201\1363323549@5320.jpg 30,220,122,127 504,253,211,277 724,279,202,188
F:\qicheceshi1201\1363323549@5340.jpg 333,256,307,322 632,294,116,101 836,293,284,224
F:\qicheceshi1201\1363323549@5360.jpg 152,239,403,341 684,289,138,113
F:\qicheceshi1201\1363323549@5380.jpg 45,242,450,369 740,293,164,128
F:\qicheceshi1201\1363323549@5400.jpg 23,240,464,384 800,297,192,148
F:\qicheceshi1201\1363323549@5420.jpg 90,247,435,368 882,306,221,176
F:\qicheceshi1201\1363323549@5440.jpg 154,263,415,345 974,303,297,226
F:\qicheceshi1201\1363323549@5460.jpg 5,316,124,92 228,262,404,332
F:\qicheceshi1201\1363323549@5480.jpg 134,308,101,78 305,270,388,343
F:\qicheceshi1201\1363323549@5500.jpg 217,292,80,65 417,264,367,320
F:\qicheceshi1201\1363323549@5520.jpg 247,279,76,62 550,263,333,293
F:\qicheceshi1201\1363323549@5540.jpg 227,279,66,57 689,265,286,261
F:\qicheceshi1201\1363323549@5560.jpg 118,279,70,51 747,271,260,229
F:\qicheceshi1201\1363323549@5580.jpg 741,278,212,197
F:\qicheceshi1201\1363323549@5600.jpg 686,287,185,160
F:\qicheceshi1201\1363323549@5620.jpg 625,283,158,144
F:\qicheceshi1201\1363323549@5640.jpg 578,276,142,124
F:\qicheceshi1201\1363323549@5660.jpg 535,291,132,115
F:\qicheceshi1201\1363323549@5680.jpg 519,282,121,111
F:\qicheceshi1201\1363323549@5700.jpg 523,290,115,107
F:\qicheceshi1201\1363323549@5720.jpg 530,290,118,102
F:\qicheceshi1201\1363323549@5740.jpg 527,276,114,99
F:\qicheceshi1201\1363323549@5760.jpg 536,279,118,100
F:\qicheceshi1201\1363323549@5780.jpg 529,278,117,111
F:\qicheceshi1201\1363323549@5800.jpg 521,279,126,114
F:\qicheceshi1201\1363323549@5820.jpg 520,282,125,119
F:\qicheceshi1201\1363323549@5840.jpg 494,281,132,120
F:\qicheceshi1201\1363323549@5860.jpg 452,276,142,129
F:\qicheceshi1201\1363323549@5880.jpg 431,271,152,136
F:\qicheceshi1201\1363323549@5900.jpg 420,279,154,137
F:\qicheceshi1201\1363323549@5920.jpg 381,282,167,156 197,299,63,47
F:\qicheceshi1201\1363323549@5940.jpg 243,305,61,45 366,285,167,155
F:\qicheceshi1201\1363323549@5960.jpg 322,268,172,159
F:\qicheceshi1201\1363323549@5980.jpg 334,254,168,158
F:\qicheceshi1201\1363323549@6000.jpg 323,288,180,161
F:\qicheceshi1201\1363323549@6020.jpg 357,282,173,155
F:\qicheceshi1201\1363323549@6040.jpg 423,296,169,151 595,309,46,45
F:\qicheceshi1201\1363323549@6060.jpg 458,269,172,165 635,285,59,54
F:\qicheceshi1201\1363323549@6080.jpg 476,276,181,169 678,297,62,54
F:\qicheceshi1201\1363323549@6100.jpg 472,273,183,169 688,290,74,64
F:\qicheceshi1201\1363323549@6120.jpg 471,270,181,174 714,286,86,78
F:\qicheceshi1201\1363323549@6140.jpg 468,272,184,174 747,293,101,87
F:\qicheceshi1201\1363323549@6160.jpg 468,275,184,165 795,293,128,103
F:\qicheceshi1201\1363323549@6180.jpg 472,276,177,167 873,290,156,140 675,297,73,60
F:\qicheceshi1201\1363323549@6200.jpg 480,278,168,158 696,296,88,72 994,292,233,185
F:\qicheceshi1201\1363323549@6220.jpg 481,274,165,148 724,295,94,82
F:\qicheceshi1201\1363323549@6240.jpg 493,279,157,144 760,301,110,90
F:\qicheceshi1201\1363323549@6260.jpg 501,277,151,140 804,298,143,121
F:\qicheceshi1201\1363323549@6280.jpg 501,278,154,137 886,302,195,160
F:\qicheceshi1201\1363323549@6300.jpg 498,281,152,137
F:\qicheceshi1201\1363323549@6320.jpg 489,281,152,144 672,294,64,50
F:\qicheceshi1201\1363323549@6340.jpg 472,270,171,154 710,283,66,53
F:\qicheceshi1201\1363323549@6360.jpg 476,282,170,153 764,291,72,54
F:\qicheceshi1201\1363323549@6380.jpg 488,276,179,162 839,283,76,57
F:\qicheceshi1201\1363323549@6400.jpg 520,276,191,164 727,282,85,80
F:\qicheceshi1201\1363323549@6420.jpg 586,270,197,170 816,272,97,86
F:\qicheceshi1201\1363323549@6440.jpg 657,258,196,183 911,275,97,89
F:\qicheceshi1201\1363323549@6460.jpg 711,270,207,184 1016,287,94,91
F:\qicheceshi1201\1363323549@6480.jpg 750,260,213,186 1120,268,97,94 513,284,103,89
F:\qicheceshi1201\1363323549@6500.jpg 761,280,224,191
F:\qicheceshi1201\1363323549@6520.jpg 786,278,225,192
F:\qicheceshi1201\1363323549@6540.jpg 186,292,146,135 858,275,221,189
F:\qicheceshi1201\1363323549@6560.jpg 221,269,72,69 424,285,145,113 919,265,217,192
F:\qicheceshi1201\1363323549@6580.jpg 540,284,131,112 917,263,198,179 1172,290,59,39
F:\qicheceshi1201\1363323549@6600.jpg 377,293,43,47 563,293,106,97 854,278,177,164 1034,298,50,35
F:\qicheceshi1201\1363323549@6620.jpg 228,300,78,67 498,298,111,91 718,280,168,152
F:\qicheceshi1201\1363323549@6640.jpg 430,297,103,86 597,283,151,143 754,301,40,34
F:\qicheceshi1201\1363323549@6660.jpg 417,290,92,78 528,280,151,130
F:\qicheceshi1201\1363323549@6680.jpg 474,287,148,134
F:\qicheceshi1201\1363323549@6700.jpg 403,275,151,137 637,297,36,32
F:\qicheceshi1201\1363323549@6720.jpg 357,276,149,136 623,301,35,29
F:\qicheceshi1201\1363323549@6740.jpg 313,282,148,139 612,307,30,29
F:\qicheceshi1201\1363323549@6760.jpg 256,283,161,146 597,307,33,28 658,308,32,26
F:\qicheceshi1201\1363323549@6780.jpg 177,275,173,146 61,223,110,134 379,302,51,50 642,305,33,28 576,306,30,26
F:\qicheceshi1201\1363323549@6800.jpg 102,264,186,151 357,295,50,44 631,296,35,29
F:\qicheceshi1201\1363323549@6820.jpg 41,293,188,145 251,315,77,59 632,311,39,29
F:\qicheceshi1201\1363323549@6840.jpg 2,300,173,145 239,312,83,66 634,310,43,36
F:\qicheceshi1201\1363323549@6860.jpg 352,320,47,41 639,317,53,44
F:\qicheceshi1201\1363323549@6880.jpg 186,254,75,92 241,316,71,53 661,306,57,46
F:\qicheceshi1201\1363323549@6900.jpg 688,300,70,52
F:\qicheceshi1201\1363323549@6920.jpg 712,299,79,73 257,305,64,52
F:\qicheceshi1201\1363323549@6940.jpg 758,302,119,90
F:\qicheceshi1201\1363323549@6960.jpg 863,297,185,138
F:\qicheceshi1201\1363323549@6980.jpg 217,259,67,80 872,285,117,99
F:\qicheceshi1201\1363323549@7000.jpg 208,244,73,89 1032,266,158,151 565,292,27,22 302,298,55,44
F:\qicheceshi1201\1363323549@7020.jpg 302,296,54,45 760,291,38,29
F:\qicheceshi1201\1363323549@7040.jpg 781,288,43,33 957,256,127,141 170,233,72,90
F:\qicheceshi1201\1363323549@7060.jpg 162,256,68,86 308,306,48,39 818,298,50,44
F:\qicheceshi1201\1363323549@7080.jpg 869,291,58,49 150,248,74,82 317,297,45,39
F:\qicheceshi1201\1363323549@7100.jpg 148,244,76,88 326,291,47,41 935,282,79,57
F:\qicheceshi1201\1363323549@7120.jpg 36,288,91,77 153,244,71,88 1061,281,102,77
F:\qicheceshi1201\1363323549@7140.jpg 63,277,85,71
F:\qicheceshi1201\1363323549@7160.jpg 95,280,80,70
F:\qicheceshi1201\1363323549@7180.jpg 131,287,79,64
F:\qicheceshi1201\1363323549@7200.jpg 371,294,41,34
F:\qicheceshi1201\1363323549@7220.jpg 23,272,102,110 171,284,69,62 379,294,42,38
F:\qicheceshi1201\1363323549@7240.jpg 54,270,103,110 379,295,41,31
F:\qicheceshi1201\1363323549@7260.jpg 78,264,90,104
F:\qicheceshi1201\1363323549@7280.jpg 112,267,95,93
F:\qicheceshi1201\1363323549@7300.jpg 152,266,92,90
F:\qicheceshi1201\1363323549@7320.jpg 196,280,90,86
F:\qicheceshi1201\1363323549@7340.jpg 241,274,88,88
F:\qicheceshi1201\1363323549@7380.jpg 304,279,81,85
F:\qicheceshi1201\1363323549@7400.jpg 243,251,76,86
F:\qicheceshi1201\1363323549@7440.jpg 190,249,75,92 295,285,72,78
F:\qicheceshi1201\1363323549@7460.jpg 149,255,79,97 271,289,70,76
F:\qicheceshi1201\1363323549@7480.jpg 266,291,72,72 626,302,48,40
F:\qicheceshi1201\1363323549@7500.jpg 112,250,68,93 578,299,53,43
F:\qicheceshi1201\1363323549@7520.jpg 90,253,89,104 531,311,58,45
F:\qicheceshi1201\1363323549@7540.jpg 477,306,56,45 278,291,67,63
F:\qicheceshi1201\1363323549@7560.jpg 8,240,88,107 196,295,60,53 435,301,59,51
F:\qicheceshi1201\1363323549@7580.jpg 37,246,92,108 358,295,53,60 478,310,65,52
F:\qicheceshi1201\1363323549@7600.jpg 287,295,62,51 431,286,56,61 526,300,65,57
F:\qicheceshi1201\1363323549@7620.jpg 41,224,106,122 316,285,57,51 491,280,46,53 567,291,76,60
F:\qicheceshi1201\1363323549@7640.jpg 3,232,107,132 313,298,58,51 516,292,47,55 582,307,83,61
F:\qicheceshi1201\1363323549@7660.jpg 313,294,62,54 542,295,46,54 606,307,73,64
F:\qicheceshi1201\1363323549@7680.jpg 524,295,44,52 580,307,85,70 282,301,52,51
F:\qicheceshi1201\1363323549@7700.jpg 491,288,46,49 550,300,85,74
F:\qicheceshi1201\1363323549@7720.jpg 481,289,46,50 538,300,90,77
F:\qicheceshi1201\1363323549@7740.jpg 492,277,40,44 541,288,94,82
F:\qicheceshi1201\1363323549@7760.jpg 506,287,42,46 557,302,94,85
F:\qicheceshi1201\1363323549@7780.jpg 513,294,37,42 553,303,101,89
F:\qicheceshi1201\1363323549@7800.jpg 528,287,33,40 89,296,222,172 556,302,104,86 747,290,40,38
F:\qicheceshi1201\1363323549@7820.jpg 157,299,209,157 577,303,102,90 789,291,51,41
F:\qicheceshi1201\1363323549@7840.jpg 230,297,176,144 605,297,104,95 856,283,57,52
F:\qicheceshi1201\1363323549@7860.jpg 297,298,160,130 597,283,35,39 630,301,111,97 942,285,73,63
F:\qicheceshi1201\1363323549@7880.jpg 355,291,141,123 613,282,34,42 659,301,115,97 1084,278,109,93 790,279,37,40
F:\qicheceshi1201\1363323549@7900.jpg 368,290,122,108 588,276,34,37 642,300,111,89 794,272,38,46
F:\qicheceshi1201\1363323549@7920.jpg 371,295,110,93 608,299,118,96 574,283,28,31 811,278,48,53
F:\qicheceshi1201\1363323549@7940.jpg 375,293,101,88 574,297,115,99 852,274,53,64
F:\qicheceshi1201\1363323549@7960.jpg 387,293,90,78 542,296,114,97 922,270,70,81
F:\qicheceshi1201\1363323549@7980.jpg 406,293,81,74 511,302,114,93 1057,269,98,106
F:\qicheceshi1201\1363323549@8000.jpg 484,297,113,96 577,276,31,37
F:\qicheceshi1201\1363323549@8020.jpg 450,293,114,96 580,279,31,36
F:\qicheceshi1201\1363323549@8040.jpg 418,295,111,97 584,282,33,34
F:\qicheceshi1201\1363323549@8060.jpg 394,295,112,93 592,283,31,34
F:\qicheceshi1201\1363323549@8080.jpg 369,294,106,95 478,292,61,51 591,282,30,36
F:\qicheceshi1201\1363323549@8100.jpg 367,305,107,85 505,297,61,53 607,290,26,31
F:\qicheceshi1201\1363323549@8120.jpg 366,306,105,85 523,298,59,47 616,294,29,35
F:\qicheceshi1201\1363323549@8140.jpg 363,306,99,79 535,300,51,47 612,295,29,32 959,309,308,231 742,300,39,31
F:\qicheceshi1201\1363323549@8160.jpg 363,299,100,84 545,302,50,41 619,296,28,30 773,299,43,33 852,301,225,177
F:\qicheceshi1201\1363323549@8180.jpg 783,297,180,150 368,299,98,77 548,295,50,46 618,290,28,33
F:\qicheceshi1201\1363323549@8200.jpg 373,301,96,79 564,301,46,39 742,300,146,120
F:\qicheceshi1201\1363323549@8220.jpg 370,303,93,72 562,298,47,41 706,298,125,104
F:\qicheceshi1201\1363323549@8240.jpg 1086,291,119,94 901,294,70,59 689,302,107,92 573,302,44,38 372,305,91,73 637,296,24,32
F:\qicheceshi1201\1363323549@8260.jpg 185,298,66,53 364,299,96,81 571,300,40,38 664,301,103,85 995,290,94,79
F:\qicheceshi1201\1363323549@8280.jpg 648,298,92,79 348,298,97,79 571,297,41,33
F:\qicheceshi1201\1363323549@8300.jpg 319,303,100,76 559,299,40,37 620,301,83,69 730,289,32,38
F:\qicheceshi1201\1363323549@8320.jpg 308,299,99,80 605,300,74,68 748,293,41,37 824,292,39,40 566,301,37,31
F:\qicheceshi1201\1363323549@8340.jpg 288,297,95,76 582,295,74,60 771,286,40,41 864,283,43,49
F:\qicheceshi1201\1363323549@8360.jpg 278,300,104,81 580,302,72,58 817,286,52,53 930,283,52,62
F:\qicheceshi1201\1363323549@8380.jpg 258,300,106,83 589,298,60,52 880,279,64,63 1031,272,64,73
F:\qicheceshi1201\1363323549@8400.jpg 216,303,110,84 592,297,55,48 978,273,83,84 1201,266,76,101
F:\qicheceshi1201\1363323549@8420.jpg 40,293,80,68 149,304,112,88 591,294,51,42
F:\qicheceshi1201\1363323549@8440.jpg 63,308,122,89 585,298,52,44
F:\qicheceshi1201\1363323549@8460.jpg 569,298,51,44
F:\qicheceshi1201\1363323549@8480.jpg 548,290,49,43
F:\qicheceshi1201\1363323549@8500.jpg 528,302,46,42 584,295,28,34
F:\qicheceshi1201\1363323549@8520.jpg 533,307,45,40 590,298,28,35
F:\qicheceshi1201\1363323549@8540.jpg 541,294,41,43 602,288,32,37
F:\qicheceshi1201\1363323549@8560.jpg 547,302,45,35 612,289,34,38
F:\qicheceshi1201\1363323549@8580.jpg 550,292,44,36 614,282,35,39
F:\qicheceshi1201\1363323549@8600.jpg 545,300,45,38 616,291,38,41
F:\qicheceshi1201\1363323549@8620.jpg 536,297,45,37 613,289,38,39
F:\qicheceshi1201\1363323549@8640.jpg 531,293,43,37 613,285,38,41
F:\qicheceshi1201\1363323549@8660.jpg 526,289,40,35 613,281,40,46
F:\qicheceshi1201\1363323549@8680.jpg 520,297,39,31 614,286,45,47
F:\qicheceshi1201\1363323549@8700.jpg 525,295,38,33 644,284,52,54
F:\qicheceshi1201\1363323549@8720.jpg 539,294,39,35 692,284,54,62
F:\qicheceshi1201\1363323549@8740.jpg 548,296,40,30 765,283,56,65
F:\qicheceshi1201\1363323549@8760.jpg 553,289,29,33 220,301,44,35 879,273,67,87 675,280,40,43
F:\qicheceshi1201\1363323549@8780.jpg 1090,265,80,107 691,281,43,42
F:\qicheceshi1201\1363323549@8800.jpg 707,280,54,53 239,288,32,26 305,290,41,28 551,289,33,29
F:\qicheceshi1201\1363323549@8820.jpg 265,282,36,28 561,291,26,25 691,284,20,25 741,276,61,59
F:\qicheceshi1201\1363323549@8840.jpg 82,301,79,60 274,287,34,32 552,300,30,26 772,278,77,74 695,289,24,31
F:\qicheceshi1201\1363323549@8860.jpg 1,270,58,72 115,285,70,56 692,285,24,30 815,273,96,92
F:\qicheceshi1201\1363323549@8880.jpg 72,278,61,63 170,292,59,54 938,262,137,130
F:\qicheceshi1201\1363323549@8900.jpg 156,279,53,55 755,286,30,36
F:\qicheceshi1201\1363323549@8920.jpg 793,280,36,48
F:\qicheceshi1201\1363323549@8940.jpg 843,289,47,43
F:\qicheceshi1201\1363323549@8960.jpg 858,295,59,56 803,300,43,39
F:\qicheceshi1201\1363323549@8980.jpg 841,291,52,42 934,278,66,70
F:\qicheceshi1201\1363323549@9000.jpg 891,293,59,47 1046,269,88,94
