F:\qicheceshi1201\1364787339_t@0.jpg 596,289,64,53 986,285,188,134 694,287,59,41
F:\qicheceshi1201\1364787339_t@20.jpg 587,294,69,53 679,293,54,36 925,291,170,117 22,290,81,66
F:\qicheceshi1201\1364787339_t@40.jpg 69,293,75,47 575,290,74,57 663,277,58,51 882,283,156,115
F:\qicheceshi1201\1364787339_t@60.jpg 120,292,67,47 576,289,73,59 665,285,57,42 852,285,158,107
F:\qicheceshi1201\1364787339_t@80.jpg 559,288,83,62 654,287,55,40 838,287,135,95
F:\qicheceshi1201\1364787339_t@100.jpg 575,292,88,72 672,287,53,47 845,287,143,105
F:\qicheceshi1201\1364787339_t@120.jpg 536,287,35,28 572,294,100,79 834,288,147,105 680,287,54,53
F:\qicheceshi1201\1364787339_t@140.jpg 582,295,113,82 553,288,32,27 729,289,62,41 852,287,155,107
F:\qicheceshi1201\1364787339_t@160.jpg 607,297,36,24 647,307,136,98 845,289,57,48 934,294,171,108
F:\qicheceshi1201\1364787339_t@180.jpg 648,291,34,26 723,293,156,124 951,281,65,53 1083,286,166,120
F:\qicheceshi1201\1364787339_t@200.jpg 656,300,39,24 695,267,52,51 781,290,208,170 1026,286,72,58
F:\qicheceshi1201\1364787339_t@220.jpg 894,289,307,227 651,291,35,29 689,259,53,51
F:\qicheceshi1201\1364787339_t@240.jpg 638,294,37,28 674,261,50,54
F:\qicheceshi1201\1364787339_t@260.jpg 614,296,43,26 653,263,56,57
F:\qicheceshi1201\1364787339_t@280.jpg 593,295,39,28 635,262,51,54 4,297,90,52
F:\qicheceshi1201\1364787339_t@300.jpg 15,296,62,58 572,295,38,33 614,264,51,53
F:\qicheceshi1201\1364787339_t@320.jpg 550,291,42,35 597,261,55,55 22,292,68,44
F:\qicheceshi1201\1364787339_t@340.jpg 528,297,45,33 579,263,54,55
F:\qicheceshi1201\1364787339_t@360.jpg 510,291,40,34 556,258,58,57
F:\qicheceshi1201\1364787339_t@380.jpg 509,292,44,35 559,261,55,57
F:\qicheceshi1201\1364787339_t@400.jpg 514,300,46,35 563,264,59,58
F:\qicheceshi1201\1364787339_t@420.jpg 112,299,46,34 516,299,45,36 565,261,59,60
F:\qicheceshi1201\1364787339_t@440.jpg 512,295,45,34 561,257,63,61
F:\qicheceshi1201\1364787339_t@460.jpg 514,299,49,35 305,298,28,21 564,259,59,61
F:\qicheceshi1201\1364787339_t@480.jpg 320,303,24,16 529,297,44,35 581,256,60,60
F:\qicheceshi1201\1364787339_t@500.jpg 85,298,46,33 178,298,39,34 310,294,26,24 509,294,49,39 565,253,61,60
F:\qicheceshi1201\1364787339_t@520.jpg 122,294,44,30 223,289,49,34 332,292,24,19 524,288,45,36 577,239,63,63
F:\qicheceshi1201\1364787339_t@540.jpg 529,282,45,39 585,238,61,67 259,298,39,27 147,302,39,27 22,294,39,39
F:\qicheceshi1201\1364787339_t@560.jpg 45,289,49,44 172,294,41,32 292,297,34,27 539,273,46,40 597,233,54,63
F:\qicheceshi1201\1364787339_t@580.jpg 555,270,48,44 609,232,65,68 203,307,47,28 87,304,38,37 292,305,29,24
F:\qicheceshi1201\1364787339_t@600.jpg 92,305,39,36 550,268,45,37 606,227,62,71
F:\qicheceshi1201\1364787339_t@620.jpg 550,277,43,41 607,237,64,69
F:\qicheceshi1201\1364787339_t@640.jpg 545,291,50,44 605,251,70,71 1023,208,254,352
F:\qicheceshi1201\1364787339_t@660.jpg 547,291,58,45 609,253,73,67 933,214,283,317
F:\qicheceshi1201\1364787339_t@680.jpg 834,218,268,298 537,296,60,48 608,254,75,78
F:\qicheceshi1201\1364787339_t@700.jpg 538,299,58,50 609,257,73,76 778,232,235,270
F:\qicheceshi1201\1364787339_t@720.jpg 529,294,64,56 603,246,82,86 727,234,213,254
F:\qicheceshi1201\1364787339_t@740.jpg 533,297,71,64 617,248,87,84 722,231,206,252
F:\qicheceshi1201\1364787339_t@760.jpg 521,301,79,60 605,247,93,93 740,240,200,239
F:\qicheceshi1201\1364787339_t@780.jpg 519,295,84,67 606,242,98,96 758,231,204,243
F:\qicheceshi1201\1364787339_t@800.jpg 525,299,85,67 619,241,100,105 784,234,210,243
F:\qicheceshi1201\1364787339_t@820.jpg 516,297,93,71 616,228,105,114 807,226,209,251
F:\qicheceshi1201\1364787339_t@840.jpg 527,295,97,80 623,234,110,108 830,229,211,253
F:\qicheceshi1201\1364787339_t@860.jpg 533,294,99,85 630,232,111,119 857,228,198,246
F:\qicheceshi1201\1364787339_t@880.jpg 836,231,229,248 636,231,112,120 545,300,104,80
F:\qicheceshi1201\1364787339_t@900.jpg 560,304,111,93 642,245,117,116 845,233,202,250
F:\qicheceshi1201\1364787339_t@920.jpg 578,312,118,92 838,239,215,256 662,240,118,120
F:\qicheceshi1201\1364787339_t@940.jpg 590,298,120,93 830,229,236,262
F:\qicheceshi1201\1364787339_t@960.jpg 596,295,136,95 841,223,251,284 521,237,96,114
F:\qicheceshi1201\1364787339_t@980.jpg 520,236,89,125 613,296,142,111 861,215,278,308
F:\qicheceshi1201\1364787339_t@1000.jpg 507,230,94,134 634,300,155,122 900,211,304,334
F:\qicheceshi1201\1364787339_t@1020.jpg 499,225,100,130 649,296,172,132 968,194,308,387
F:\qicheceshi1201\1364787339_t@1040.jpg 507,227,102,145 694,302,175,138
F:\qicheceshi1201\1364787339_t@1060.jpg 523,220,115,157 751,303,208,162
F:\qicheceshi1201\1364787339_t@1080.jpg 567,220,119,166 703,247,74,97 840,303,259,192
F:\qicheceshi1201\1364787339_t@1100.jpg 620,200,136,194 568,313,35,27 758,238,72,109 1023,307,253,222
F:\qicheceshi1201\1364787339_t@1120.jpg 571,304,40,32 667,176,158,226
F:\qicheceshi1201\1364787339_t@1140.jpg 552,310,41,31 631,303,34,36 682,306,43,30 722,151,208,281
F:\qicheceshi1201\1364787339_t@1160.jpg 536,297,47,40 625,292,38,43 686,297,46,34 830,71,313,388
F:\qicheceshi1201\1364787339_t@1180.jpg 503,294,59,44 610,289,46,48 689,292,46,44
F:\qicheceshi1201\1364787339_t@1200.jpg 903,139,164,220 683,292,55,51 589,287,56,56 465,293,63,58
F:\qicheceshi1201\1364787339_t@1220.jpg 391,295,82,67 544,283,67,72 655,294,69,60 961,101,195,282
F:\qicheceshi1201\1364787339_t@1240.jpg 305,284,102,87 496,274,84,88 625,281,94,79 1053,15,218,394
F:\qicheceshi1201\1364787339_t@1260.jpg 210,293,133,110 466,277,100,106 628,288,111,88
F:\qicheceshi1201\1364787339_t@1280.jpg 95,292,189,147 452,275,121,134 653,290,142,112
F:\qicheceshi1201\1364787339_t@1300.jpg 5,290,196,204 435,265,166,173 697,282,191,150
F:\qicheceshi1201\1364787339_t@1320.jpg 436,258,204,219 784,288,248,187
F:\qicheceshi1201\1364787339_t@1340.jpg 423,234,270,305 876,277,372,248
F:\qicheceshi1201\1364787339_t@1360.jpg 390,233,355,371
F:\qicheceshi1201\1364787339_t@1380.jpg 370,233,429,438
F:\qicheceshi1201\1364787339_t@1400.jpg 339,218,482,496
F:\qicheceshi1201\1364787339_t@1420.jpg 329,207,507,511
F:\qicheceshi1201\1364787339_t@1440.jpg 355,222,485,489
F:\qicheceshi1201\1364787339_t@1460.jpg 343,220,498,490
F:\qicheceshi1201\1364787339_t@1480.jpg 171,297,158,139 340,220,498,497
F:\qicheceshi1201\1364787339_t@1500.jpg 330,214,507,500
F:\qicheceshi1201\1364787339_t@1520.jpg 351,225,486,484
F:\qicheceshi1201\1364787339_t@1540.jpg 343,214,500,498
F:\qicheceshi1201\1364787339_t@1560.jpg 343,225,492,489
F:\qicheceshi1201\1364787339_t@1600.jpg 331,210,509,504
F:\qicheceshi1201\1364787339_t@1620.jpg 337,217,506,498
F:\qicheceshi1201\1364787339_t@1640.jpg 337,221,496,492
F:\qicheceshi1201\1364787339_t@1920.jpg 335,218,506,496
F:\qicheceshi1201\1364787339_t@2340.jpg 354,220,493,479
F:\qicheceshi1201\1364787339_t@2360.jpg 343,216,491,499
F:\qicheceshi1201\1364787339_t@2380.jpg 350,231,465,484 916,285,358,314
F:\qicheceshi1201\1364787339_t@2400.jpg 856,293,341,243 359,226,436,460
F:\qicheceshi1201\1364787339_t@2420.jpg 370,243,395,421 806,287,270,203
F:\qicheceshi1201\1364787339_t@2440.jpg 390,250,348,370 773,295,218,169 956,270,90,86
F:\qicheceshi1201\1364787339_t@2460.jpg 401,258,311,334 752,295,181,143 944,267,103,89
F:\qicheceshi1201\1364787339_t@2480.jpg 400,255,306,329 736,295,167,135 967,266,99,92
F:\qicheceshi1201\1364787339_t@2500.jpg 996,255,109,95 730,294,152,109 402,248,313,327 23,298,244,190
F:\qicheceshi1201\1364787339_t@2520.jpg 413,247,313,339 733,287,129,101 1036,246,105,101 892,268,93,63
F:\qicheceshi1201\1364787339_t@2540.jpg 404,241,333,361 725,280,115,97 909,272,92,61 1062,243,117,108
F:\qicheceshi1201\1364787339_t@2560.jpg 3,313,253,201 397,233,356,393 913,271,91,66 1082,235,124,119
F:\qicheceshi1201\1364787339_t@2580.jpg 367,230,405,406 905,263,88,68 1086,243,132,117
F:\qicheceshi1201\1364787339_t@2600.jpg 358,231,417,432 753,265,57,61 903,268,88,62
F:\qicheceshi1201\1364787339_t@2620.jpg 372,236,419,431
F:\qicheceshi1201\1364787339_t@2640.jpg 380,239,386,414 5,290,265,224
F:\qicheceshi1201\1364787339_t@2660.jpg 393,249,354,382 1028,13,243,406
F:\qicheceshi1201\1364787339_t@2680.jpg 390,249,345,348 906,72,255,321
F:\qicheceshi1201\1364787339_t@2700.jpg 849,105,190,270 1053,257,104,101 434,247,295,323
F:\qicheceshi1201\1364787339_t@2720.jpg 157,299,194,145 442,253,268,289 797,133,173,228
F:\qicheceshi1201\1364787339_t@2740.jpg 944,284,331,253 761,156,162,212 458,261,231,264 23,282,275,205
F:\qicheceshi1201\1364787339_t@2760.jpg 441,262,220,242 789,294,218,170
F:\qicheceshi1201\1364787339_t@2780.jpg 387,264,217,230 706,294,160,134
F:\qicheceshi1201\1364787339_t@2800.jpg 287,266,225,223 664,296,128,98
F:\qicheceshi1201\1364787339_t@2820.jpg 144,284,219,207 514,290,69,67 665,299,109,79
F:\qicheceshi1201\1364787339_t@2840.jpg 17,295,231,207 648,291,71,60 781,293,99,78
F:\qicheceshi1201\1364787339_t@2860.jpg 907,279,73,58 1047,277,107,69
F:\qicheceshi1201\1364787339_t@2880.jpg 79,286,188,192
F:\qicheceshi1201\1364787339_t@2900.jpg 105,284,191,181
F:\qicheceshi1201\1364787339_t@2920.jpg 179,282,192,185
F:\qicheceshi1201\1364787339_t@2940.jpg 268,276,188,178
F:\qicheceshi1201\1364787339_t@2960.jpg 209,278,190,179 404,304,88,79
F:\qicheceshi1201\1364787339_t@2980.jpg 116,281,197,189 387,299,131,101
F:\qicheceshi1201\1364787339_t@3000.jpg 382,288,152,130 44,273,212,192
F:\qicheceshi1201\1364787339_t@3020.jpg 376,307,185,142 5,271,196,211
F:\qicheceshi1201\1364787339_t@3040.jpg 366,285,222,194
F:\qicheceshi1201\1364787339_t@3060.jpg 338,290,294,229
F:\qicheceshi1201\1364787339_t@3080.jpg 284,276,396,319
F:\qicheceshi1201\1364787339_t@3100.jpg 250,278,490,422
F:\qicheceshi1201\1364787339_t@3120.jpg 160,267,649,447
F:\qicheceshi1201\1364787339_t@3140.jpg 137,276,712,440
F:\qicheceshi1201\1364787339_t@3400.jpg 214,287,531,421 3,292,104,131
F:\qicheceshi1201\1364787339_t@3420.jpg 265,291,381,342
F:\qicheceshi1201\1364787339_t@3440.jpg 269,291,319,281
F:\qicheceshi1201\1364787339_t@3460.jpg 249,289,305,266
F:\qicheceshi1201\1364787339_t@3480.jpg 230,289,286,250
F:\qicheceshi1201\1364787339_t@3500.jpg 35,300,79,84 217,311,272,227
F:\qicheceshi1201\1364787339_t@3520.jpg 95,285,72,71 250,301,232,185
F:\qicheceshi1201\1364787339_t@3540.jpg 302,305,222,187 168,300,67,64
F:\qicheceshi1201\1364787339_t@3560.jpg 232,284,64,64 358,299,223,180
F:\qicheceshi1201\1364787339_t@3580.jpg 2,326,138,119 265,298,59,60 379,316,216,176
F:\qicheceshi1201\1364787339_t@3600.jpg 5,303,149,110 280,281,63,57 361,298,215,177
F:\qicheceshi1201\1364787339_t@3620.jpg 55,277,136,97 317,265,55,52 339,273,215,188
F:\qicheceshi1201\1364787339_t@3640.jpg 126,292,116,84 364,285,209,168
F:\qicheceshi1201\1364787339_t@3660.jpg 202,308,102,78 400,303,203,155
F:\qicheceshi1201\1364787339_t@3680.jpg 297,305,83,58 481,291,189,156
F:\qicheceshi1201\1364787339_t@3700.jpg 385,308,81,56 578,303,186,149
F:\qicheceshi1201\1364787339_t@3720.jpg 433,299,72,59 646,292,186,159 591,291,46,43
F:\qicheceshi1201\1364787339_t@3740.jpg 438,305,71,50 579,291,44,49 668,301,197,149
F:\qicheceshi1201\1364787339_t@3760.jpg 431,304,61,42 560,295,44,41 678,300,202,159
F:\qicheceshi1201\1364787339_t@3780.jpg 5,304,256,181 437,307,57,41 553,291,44,44 697,293,211,179
F:\qicheceshi1201\1364787339_t@3800.jpg 112,299,230,168 468,306,54,38 576,293,39,41 749,297,237,195
F:\qicheceshi1201\1364787339_t@3820.jpg 186,299,207,162 480,301,60,45 587,295,43,43 783,304,288,207
F:\qicheceshi1201\1364787339_t@3840.jpg 252,293,196,149 503,295,49,41 602,288,39,45 855,293,330,232
F:\qicheceshi1201\1364787339_t@3860.jpg 311,313,176,129 524,301,46,40 618,300,49,41 949,289,328,302
F:\qicheceshi1201\1364787339_t@3880.jpg 344,295,170,132 523,298,41,36 617,286,48,46
F:\qicheceshi1201\1364787339_t@3900.jpg 337,295,164,128 502,297,40,35 598,286,51,49
F:\qicheceshi1201\1364787339_t@3920.jpg 336,303,156,118 497,298,40,34 584,291,52,46
F:\qicheceshi1201\1364787339_t@3940.jpg 338,300,140,112 491,299,40,32 583,291,52,50
F:\qicheceshi1201\1364787339_t@3960.jpg 344,298,132,110 492,295,35,28 590,285,52,53
F:\qicheceshi1201\1364787339_t@3980.jpg 356,304,127,99 495,302,34,32 605,290,55,61
F:\qicheceshi1201\1364787339_t@4000.jpg 392,302,111,96 517,302,29,24 642,288,60,66
F:\qicheceshi1201\1364787339_t@4020.jpg 407,301,107,90 680,285,65,67 521,297,36,25
F:\qicheceshi1201\1364787339_t@4040.jpg 399,299,107,81 511,301,27,25 703,279,83,91
F:\qicheceshi1201\1364787339_t@4060.jpg 396,294,100,79 737,275,112,107 500,294,31,27
F:\qicheceshi1201\1364787339_t@4080.jpg 420,296,95,74 521,299,27,19 838,268,144,146
F:\qicheceshi1201\1364787339_t@4100.jpg 465,294,82,61
F:\qicheceshi1201\1364787339_t@4120.jpg 490,292,78,66
F:\qicheceshi1201\1364787339_t@4140.jpg 489,286,65,64
F:\qicheceshi1201\1364787339_t@4160.jpg 464,298,61,49
F:\qicheceshi1201\1364787339_t@4180.jpg 440,298,57,47
F:\qicheceshi1201\1364787339_t@4200.jpg 435,297,57,45
F:\qicheceshi1201\1364787339_t@4220.jpg 451,287,47,50
F:\qicheceshi1201\1364787339_t@4240.jpg 456,295,56,44
F:\qicheceshi1201\1364787339_t@4260.jpg 450,293,50,38
F:\qicheceshi1201\1364787339_t@4280.jpg 453,299,48,39
F:\qicheceshi1201\1364787339_t@4300.jpg 456,287,42,37
F:\qicheceshi1201\1364787339_t@4320.jpg 452,297,49,41 525,294,28,24
F:\qicheceshi1201\1364787339_t@4340.jpg 461,301,46,37 535,296,27,22
F:\qicheceshi1201\1364787339_t@4360.jpg 456,291,46,40 532,293,22,21
F:\qicheceshi1201\1364787339_t@4380.jpg 461,292,45,41 533,291,29,21
F:\qicheceshi1201\1364787339_t@4400.jpg 455,295,44,38 528,294,27,25
F:\qicheceshi1201\1364787339_t@4420.jpg 451,297,51,36 527,295,29,24
F:\qicheceshi1201\1364787339_t@4440.jpg 441,282,53,43 523,288,25,24
F:\qicheceshi1201\1364787339_t@4460.jpg 436,290,47,37 515,292,24,18
F:\qicheceshi1201\1364787339_t@4480.jpg 425,294,54,41 507,295,23,25
F:\qicheceshi1201\1364787339_t@4500.jpg 434,289,55,47 519,290,26,21
F:\qicheceshi1201\1364787339_t@4520.jpg 439,284,57,50 539,288,24,23
F:\qicheceshi1201\1364787339_t@4540.jpg 420,288,68,50 543,290,28,21
F:\qicheceshi1201\1364787339_t@4560.jpg 370,290,85,62 538,289,24,23 584,287,18,16
F:\qicheceshi1201\1364787339_t@4580.jpg 310,291,93,76
F:\qicheceshi1201\1364787339_t@4600.jpg 210,286,111,91
F:\qicheceshi1201\1364787339_t@4620.jpg 466,283,53,41
F:\qicheceshi1201\1364787339_t@4640.jpg 483,302,48,38
F:\qicheceshi1201\1364787339_t@4680.jpg 481,289,42,31
F:\qicheceshi1201\1364787339_t@4960.jpg 546,289,35,26
F:\qicheceshi1201\1364787339_t@5040.jpg 536,289,29,22
F:\qicheceshi1201\1364787339_t@5060.jpg 543,290,20,19
F:\qicheceshi1201\1364787339_t@5380.jpg 578,291,40,32
F:\qicheceshi1201\1364787339_t@5400.jpg 565,291,39,30
F:\qicheceshi1201\1364787339_t@5420.jpg 559,292,35,25
F:\qicheceshi1201\1364787339_t@5440.jpg 553,294,31,20
F:\qicheceshi1201\1364787339_t@5460.jpg 547,291,29,23
F:\qicheceshi1201\1364787339_t@5480.jpg 542,291,26,22
F:\qicheceshi1201\1364787339_t@6080.jpg 928,275,85,62
F:\qicheceshi1201\1364787339_t@6100.jpg 791,284,71,55
F:\qicheceshi1201\1364787339_t@6120.jpg 708,285,61,46
F:\qicheceshi1201\1364787339_t@6140.jpg 646,289,60,39
F:\qicheceshi1201\1364787339_t@6160.jpg 613,287,48,37
F:\qicheceshi1201\1364787339_t@6180.jpg 593,298,42,31
F:\qicheceshi1201\1364787339_t@6200.jpg 596,307,35,31
F:\qicheceshi1201\1364787339_t@6220.jpg 596,306,37,28
F:\qicheceshi1201\1364787339_t@6240.jpg 612,302,27,24
F:\qicheceshi1201\1364787339_t@6260.jpg 631,292,26,25
F:\qicheceshi1201\1364787339_t@6300.jpg 1062,271,179,159
F:\qicheceshi1201\1364787339_t@6320.jpg 928,293,155,128
F:\qicheceshi1201\1364787339_t@6340.jpg 832,292,147,123
F:\qicheceshi1201\1364787339_t@6360.jpg 749,296,131,107
F:\qicheceshi1201\1364787339_t@6380.jpg 665,301,140,106
F:\qicheceshi1201\1364787339_t@6400.jpg 607,299,132,98
F:\qicheceshi1201\1364787339_t@6420.jpg 549,300,131,97
F:\qicheceshi1201\1364787339_t@6440.jpg 509,287,113,101
F:\qicheceshi1201\1364787339_t@6460.jpg 480,299,99,90
F:\qicheceshi1201\1364787339_t@6480.jpg 456,293,105,93
F:\qicheceshi1201\1364787339_t@6500.jpg 994,284,86,56 456,297,103,92
F:\qicheceshi1201\1364787339_t@6520.jpg 419,309,95,92
F:\qicheceshi1201\1364787339_t@6540.jpg 359,303,101,86
F:\qicheceshi1201\1364787339_t@6560.jpg 300,304,105,92
F:\qicheceshi1201\1364787339_t@6580.jpg 263,305,109,91
F:\qicheceshi1201\1364787339_t@6600.jpg 207,296,113,95
F:\qicheceshi1201\1364787339_t@6620.jpg 162,293,114,104 515,286,33,24
F:\qicheceshi1201\1364787339_t@6640.jpg 116,292,127,109 516,290,28,21
F:\qicheceshi1201\1364787339_t@6660.jpg 1049,270,106,89 525,297,28,25 115,302,136,104
F:\qicheceshi1201\1364787339_t@6680.jpg 133,299,137,99 542,285,34,22
F:\qicheceshi1201\1364787339_t@6700.jpg 129,305,142,102
F:\qicheceshi1201\1364787339_t@6720.jpg 129,300,128,99 541,293,30,27
F:\qicheceshi1201\1364787339_t@6740.jpg 116,297,130,104 530,296,32,25
F:\qicheceshi1201\1364787339_t@6760.jpg 510,294,31,26 92,295,139,108
F:\qicheceshi1201\1364787339_t@6780.jpg 91,303,138,105 512,301,32,29
F:\qicheceshi1201\1364787339_t@6800.jpg 520,297,34,33 85,300,130,109
F:\qicheceshi1201\1364787339_t@6820.jpg 81,299,129,108 521,292,41,33
F:\qicheceshi1201\1364787339_t@6840.jpg 75,300,132,108 526,298,43,29
F:\qicheceshi1201\1364787339_t@6860.jpg 48,302,141,115 514,304,49,39
F:\qicheceshi1201\1364787339_t@6880.jpg 17,297,148,113 503,296,53,41
F:\qicheceshi1201\1364787339_t@6900.jpg 3,290,147,125 503,287,64,52
F:\qicheceshi1201\1364787339_t@6920.jpg 497,285,66,58 6,291,137,122
F:\qicheceshi1201\1364787339_t@6940.jpg 490,287,86,71
F:\qicheceshi1201\1364787339_t@6960.jpg 480,296,98,73
F:\qicheceshi1201\1364787339_t@6980.jpg 464,295,111,91
F:\qicheceshi1201\1364787339_t@7000.jpg 445,301,140,112
F:\qicheceshi1201\1364787339_t@7020.jpg 416,302,168,139
F:\qicheceshi1201\1364787339_t@7040.jpg 389,302,214,166
F:\qicheceshi1201\1364787339_t@7060.jpg 363,292,257,211
F:\qicheceshi1201\1364787339_t@7080.jpg 310,307,329,266
F:\qicheceshi1201\1364787339_t@7100.jpg 269,299,391,341
F:\qicheceshi1201\1364787339_t@7120.jpg 206,277,457,399
F:\qicheceshi1201\1364787339_t@7140.jpg 170,282,511,415
F:\qicheceshi1201\1364787339_t@7220.jpg 158,287,514,424
F:\qicheceshi1201\1364787339_t@7240.jpg 225,273,424,384
F:\qicheceshi1201\1364787339_t@7260.jpg 314,278,314,283
F:\qicheceshi1201\1364787339_t@7280.jpg 391,295,231,207
F:\qicheceshi1201\1364787339_t@7300.jpg 424,312,203,180
F:\qicheceshi1201\1364787339_t@7320.jpg 437,323,185,141
F:\qicheceshi1201\1364787339_t@7340.jpg 433,309,179,142 5,340,207,184
F:\qicheceshi1201\1364787339_t@7360.jpg 24,300,250,191 456,302,155,133
F:\qicheceshi1201\1364787339_t@7380.jpg 110,294,218,156 468,295,143,116
F:\qicheceshi1201\1364787339_t@7400.jpg 173,298,184,134 476,295,121,111
F:\qicheceshi1201\1364787339_t@7420.jpg 216,302,177,125 488,306,114,91
F:\qicheceshi1201\1364787339_t@7440.jpg 257,309,150,115 494,309,117,93
F:\qicheceshi1201\1364787339_t@7460.jpg 272,303,152,112 510,306,116,89
F:\qicheceshi1201\1364787339_t@7480.jpg 295,311,144,103 543,311,109,88
F:\qicheceshi1201\1364787339_t@7500.jpg 304,314,128,100 509,311,36,30 552,310,104,86
F:\qicheceshi1201\1364787339_t@7520.jpg 274,306,126,104 467,305,43,34 523,309,102,78
F:\qicheceshi1201\1364787339_t@7540.jpg 234,308,135,99 487,306,106,87
F:\qicheceshi1201\1364787339_t@7560.jpg 392,293,38,37 217,310,133,94 466,299,105,85
F:\qicheceshi1201\1364787339_t@7580.jpg 226,311,126,97 388,300,43,41 446,308,119,83
F:\qicheceshi1201\1364787339_t@7600.jpg 227,305,132,96 449,300,111,92 395,297,44,40
F:\qicheceshi1201\1364787339_t@7620.jpg 259,297,131,91 465,293,116,88 410,286,48,39
F:\qicheceshi1201\1364787339_t@7640.jpg 149,297,76,56 282,301,129,86 475,290,115,99 414,289,55,39
F:\qicheceshi1201\1364787339_t@7660.jpg 95,300,83,57 244,293,64,50 297,297,123,87 488,290,103,96 421,281,52,44
F:\qicheceshi1201\1364787339_t@7680.jpg 13,310,105,69 159,296,64,61 231,299,78,57 318,302,109,88 491,299,116,97
F:\qicheceshi1201\1364787339_t@7700.jpg 67,308,81,61 199,303,85,70 312,304,117,86 495,299,116,104
F:\qicheceshi1201\1364787339_t@7720.jpg 122,289,112,85 299,292,121,94 482,290,133,106
F:\qicheceshi1201\1364787339_t@7740.jpg 19,286,141,102 285,285,125,95 473,284,135,109
F:\qicheceshi1201\1364787339_t@7760.jpg 287,292,126,86 465,292,148,113
F:\qicheceshi1201\1364787339_t@7780.jpg 281,292,123,93 459,296,163,126
F:\qicheceshi1201\1364787339_t@7800.jpg 264,286,115,84 443,279,185,165
F:\qicheceshi1201\1364787339_t@7820.jpg 251,285,111,82 418,287,236,190
F:\qicheceshi1201\1364787339_t@7840.jpg 270,279,96,72 438,272,267,238
F:\qicheceshi1201\1364787339_t@7860.jpg 7,274,289,216 512,268,310,287 454,296,65,49
F:\qicheceshi1201\1364787339_t@7880.jpg 166,260,202,171 481,290,48,44 567,246,43,61 624,269,363,316
F:\qicheceshi1201\1364787339_t@7900.jpg 219,290,144,119 801,282,443,333 475,319,45,41 557,273,44,58
F:\qicheceshi1201\1364787339_t@7920.jpg 173,292,131,90 416,306,48,39 504,267,37,53 773,295,64,47
F:\qicheceshi1201\1364787339_t@7940.jpg 31,302,111,79 150,304,58,48 281,301,44,36 372,268,34,55 651,305,59,50
F:\qicheceshi1201\1364787339_t@7960.jpg 54,263,49,60
F:\qicheceshi1201\1364789164_t@0.jpg 540,260,152,137 193,292,73,58
F:\qicheceshi1201\1364789164_t@20.jpg 274,290,61,47 546,263,149,129 455,290,27,21
F:\qicheceshi1201\1364789164_t@40.jpg 333,298,54,36 546,278,130,119
F:\qicheceshi1201\1364789164_t@60.jpg 373,286,46,37 548,266,121,118 670,286,62,57
F:\qicheceshi1201\1364789164_t@80.jpg 387,294,40,28 536,276,119,105 665,291,68,54
F:\qicheceshi1201\1364789164_t@100.jpg 408,296,30,30 527,282,109,97 663,295,71,56
F:\qicheceshi1201\1364789164_t@120.jpg 1,284,112,97 524,267,102,98 666,282,74,56 414,286,31,26
F:\qicheceshi1201\1364789164_t@140.jpg 123,286,105,79 428,288,32,27 519,268,96,97 687,286,75,60
F:\qicheceshi1201\1364789164_t@160.jpg 206,294,82,66 513,281,93,89 660,294,40,32 703,299,81,61 433,296,29,23
F:\qicheceshi1201\1364789164_t@180.jpg 257,288,71,54 443,293,22,20 512,278,88,78 689,287,35,33 730,288,90,70
F:\qicheceshi1201\1364789164_t@200.jpg 310,295,65,48 456,294,26,18 530,280,79,72 723,286,42,37 779,288,100,73
F:\qicheceshi1201\1364789164_t@220.jpg 309,283,60,45 505,271,83,75 709,285,46,32 807,283,107,82
F:\qicheceshi1201\1364789164_t@240.jpg 325,296,60,39 510,279,77,70 719,282,48,40 888,286,124,95
F:\qicheceshi1201\1364789164_t@260.jpg 38,297,92,71 354,293,53,43 517,281,76,69 1026,288,159,122
F:\qicheceshi1201\1364789164_t@280.jpg 536,271,69,62 378,279,49,38 88,281,94,63
F:\qicheceshi1201\1364789164_t@300.jpg 142,200,78,55 406,195,48,40 555,187,70,55
F:\qicheceshi1201\1364789164_t@320.jpg 464,214,67,55 316,219,53,37 66,222,79,50
F:\qicheceshi1201\1364789164_t@340.jpg 71,212,77,53 321,213,44,34 456,206,64,61
F:\qicheceshi1201\1364789164_t@360.jpg 93,209,73,53 335,215,38,32 465,204,60,58
F:\qicheceshi1201\1364789164_t@380.jpg 461,211,62,53 340,215,39,30
F:\qicheceshi1201\1364789164_t@400.jpg 34,207,184,137 339,219,38,31 466,212,53,50
F:\qicheceshi1201\1364789164_t@420.jpg 131,211,153,106 353,215,39,31 468,207,59,52
F:\qicheceshi1201\1364789164_t@440.jpg 182,204,125,97 349,213,36,29 455,204,56,56
F:\qicheceshi1201\1364789164_t@460.jpg 144,215,61,47 225,214,109,81 460,208,54,58 353,216,36,30
F:\qicheceshi1201\1364789164_t@480.jpg 139,213,61,41 240,209,98,76 347,213,35,27 448,207,59,48
F:\qicheceshi1201\1364789164_t@500.jpg 149,216,57,41 251,213,88,66 447,207,63,54
F:\qicheceshi1201\1364789164_t@520.jpg 16,214,182,127 265,212,80,59 460,206,59,56 360,216,31,27
F:\qicheceshi1201\1364789164_t@540.jpg 108,220,143,110 267,217,79,55 458,210,59,53 362,219,33,30
F:\qicheceshi1201\1364789164_t@560.jpg 2,183,127,112 168,211,124,95 459,205,58,56 367,216,33,24
F:\qicheceshi1201\1364789164_t@580.jpg 6,180,123,109 209,212,104,84 452,204,60,55 359,215,33,26
F:\qicheceshi1201\1364789164_t@600.jpg 46,188,111,105 260,211,88,76 474,210,53,52 382,219,27,25
F:\qicheceshi1201\1364789164_t@620.jpg 57,188,101,96 198,215,44,39 274,218,80,64 462,209,57,48 440,218,18,19 378,219,29,22
F:\qicheceshi1201\1364789164_t@640.jpg 90,186,97,100 306,222,76,53 476,209,55,51 393,218,25,23 449,217,23,24
F:\qicheceshi1201\1364789164_t@660.jpg 115,182,101,97 336,212,68,58 482,209,53,44 453,210,25,22
F:\qicheceshi1201\1364789164_t@680.jpg 131,191,96,89 349,218,61,52 487,208,51,49
F:\qicheceshi1201\1364789164_t@700.jpg 140,182,86,90 355,210,61,47 481,202,49,45
F:\qicheceshi1201\1364789164_t@720.jpg 177,195,82,81 386,218,50,48 498,215,47,43
F:\qicheceshi1201\1364789164_t@740.jpg 171,204,88,77 372,226,57,43 477,219,50,37 344,220,28,28
F:\qicheceshi1201\1364789164_t@760.jpg 194,195,80,76 354,213,31,26 388,217,53,39 485,210,49,41
F:\qicheceshi1201\1364789164_t@780.jpg 198,189,76,77 383,209,51,41 479,205,43,40
F:\qicheceshi1201\1364789164_t@800.jpg 210,183,75,79 388,203,48,41 478,201,44,35
F:\qicheceshi1201\1364789164_t@820.jpg 225,183,76,72 390,198,42,38 479,200,42,35
F:\qicheceshi1201\1364789164_t@840.jpg 238,195,67,64 365,211,36,25 406,211,45,41 488,202,45,52
F:\qicheceshi1201\1364789164_t@860.jpg 243,194,77,62 411,213,31,30 489,202,44,39 365,206,32,28
F:\qicheceshi1201\1364789164_t@880.jpg 245,196,69,65 362,208,34,27 408,209,36,35 442,201,20,21 489,205,33,37
F:\qicheceshi1201\1364789164_t@900.jpg 254,190,66,61 491,198,37,37
F:\qicheceshi1201\1364789164_t@920.jpg 250,191,69,66
F:\qicheceshi1201\1364789164_t@1000.jpg 262,192,63,65 376,204,30,27 419,208,37,29 500,204,38,32
F:\qicheceshi1201\1364789164_t@1020.jpg 278,194,67,62 383,200,32,26 438,206,29,29 513,203,38,33
F:\qicheceshi1201\1364789164_t@1040.jpg 271,194,61,61 419,207,43,29 507,203,35,33
F:\qicheceshi1201\1364789164_t@1060.jpg 281,195,63,65 430,210,35,34 515,210,38,35
F:\qicheceshi1201\1364789164_t@1080.jpg 244,184,62,64 339,197,31,25 389,201,34,23 429,198,25,25 481,199,37,34
F:\qicheceshi1201\1364789164_t@1100.jpg 223,188,62,63 320,198,32,28 374,206,29,32 416,205,28,25 466,204,35,33
F:\qicheceshi1201\1364789164_t@1120.jpg 216,186,72,66 323,200,27,25 362,206,39,27 416,201,24,23 460,198,37,36
F:\qicheceshi1201\1364789164_t@1140.jpg 223,202,70,60 331,213,25,22 372,216,29,27 428,213,24,25 464,214,35,31
F:\qicheceshi1201\1364789164_t@1160.jpg 226,192,67,68 456,210,36,29 368,209,29,27 329,209,32,23
F:\qicheceshi1201\1364789164_t@1180.jpg 221,198,68,69
F:\qicheceshi1201\1364789164_t@1260.jpg 206,194,74,72 391,210,38,31 493,214,28,26
F:\qicheceshi1201\1364789164_t@1280.jpg 197,198,81,73 377,214,38,36 425,214,38,35 495,216,32,30
F:\qicheceshi1201\1364789164_t@1300.jpg 196,194,82,74 363,209,43,36 433,207,34,39 496,213,35,31
F:\qicheceshi1201\1364789164_t@1320.jpg 194,188,81,73 357,198,43,46 438,195,37,43 496,202,36,34
F:\qicheceshi1201\1364789164_t@1340.jpg 169,194,86,76 334,211,43,35 427,210,32,32 485,215,35,33
F:\qicheceshi1201\1364789164_t@1360.jpg 153,187,91,85 320,202,47,39 409,203,45,37 482,211,33,34
F:\qicheceshi1201\1364789164_t@1380.jpg 178,194,83,82 347,206,39,36 435,209,41,34 503,213,38,34 392,210,25,28
F:\qicheceshi1201\1364789164_t@1400.jpg 151,185,86,84 415,205,40,34
F:\qicheceshi1201\1364789164_t@1420.jpg 141,195,95,84 411,212,40,37
F:\qicheceshi1201\1364789164_t@1440.jpg 124,190,90,86 332,208,39,34 397,209,44,41 477,214,39,33
F:\qicheceshi1201\1364789164_t@1460.jpg 126,191,96,88 347,208,44,40 403,211,48,38 485,215,44,35
F:\qicheceshi1201\1364789164_t@1480.jpg 124,192,103,92 359,211,41,32 406,208,47,46 495,212,44,44
F:\qicheceshi1201\1364789164_t@1500.jpg 113,188,104,94 368,208,37,31 397,205,51,48 490,213,44,40
F:\qicheceshi1201\1364789164_t@1520.jpg 94,187,111,96 386,205,55,52 495,209,40,42
F:\qicheceshi1201\1364789164_t@1540.jpg 79,190,110,99 346,215,25,18 379,210,53,48 490,215,48,40
F:\qicheceshi1201\1364789164_t@1560.jpg 62,183,114,105 371,201,56,54 489,210,50,47
F:\qicheceshi1201\1364789164_t@1580.jpg 58,190,116,104 375,207,60,54 500,211,58,51
F:\qicheceshi1201\1364789164_t@1600.jpg 22,183,126,112 350,203,64,60 495,212,53,50
F:\qicheceshi1201\1364789164_t@1620.jpg 3,178,118,121 331,197,72,69 408,209,31,31 479,211,60,48
F:\qicheceshi1201\1364789164_t@1640.jpg 322,205,73,67 413,217,32,30 476,218,68,55 5,182,108,126
F:\qicheceshi1201\1364789164_t@1660.jpg 3,181,99,127 308,199,86,74 419,213,33,28 481,212,73,55
F:\qicheceshi1201\1364789164_t@1680.jpg 300,203,87,80 432,218,31,27 482,217,66,59
F:\qicheceshi1201\1364789164_t@1700.jpg 281,199,95,85 415,214,22,22 440,212,29,26 483,213,71,63
F:\qicheceshi1201\1364789164_t@1720.jpg 254,192,108,96 407,216,24,19 432,212,31,26 474,211,73,68
F:\qicheceshi1201\1364789164_t@1740.jpg 244,198,112,97 412,217,18,20 437,213,32,28 477,215,79,65
F:\qicheceshi1201\1364789164_t@1760.jpg 222,199,128,106 411,218,23,21 441,213,28,30 479,220,85,66
F:\qicheceshi1201\1364789164_t@1780.jpg 185,193,133,118 435,213,24,24 467,215,82,76
F:\qicheceshi1201\1364789164_t@1800.jpg 145,188,151,125 427,208,24,25 461,208,84,77 401,214,14,16
F:\qicheceshi1201\1364789164_t@1820.jpg 115,196,163,136 365,219,23,18 407,217,21,21 436,215,24,19 467,210,86,80
F:\qicheceshi1201\1364789164_t@1840.jpg 84,187,181,160 379,219,21,16 419,218,19,17 450,215,22,27 475,213,89,86
F:\qicheceshi1201\1364789164_t@1860.jpg 14,182,201,180 370,219,23,17 405,219,19,18 436,217,24,19 462,216,86,87
F:\qicheceshi1201\1364789164_t@1880.jpg 4,177,179,200 369,214,19,23 405,219,17,17 438,213,97,88
F:\qicheceshi1201\1364789164_t@1900.jpg 434,212,104,93 371,220,22,14
F:\qicheceshi1201\1364789164_t@1920.jpg 374,224,18,13 403,224,21,16 426,221,105,90
F:\qicheceshi1201\1364789164_t@1940.jpg 372,212,22,17 403,214,15,14 421,207,114,99
F:\qicheceshi1201\1364789164_t@1960.jpg 359,214,20,18 387,216,15,17 401,208,120,106
F:\qicheceshi1201\1364789164_t@1980.jpg 389,218,19,16 405,213,120,110
F:\qicheceshi1201\1364789164_t@2000.jpg 375,210,17,16 386,206,128,119
F:\qicheceshi1201\1364789164_t@2020.jpg 394,211,137,118
F:\qicheceshi1201\1364789164_t@2040.jpg 399,211,143,121
F:\qicheceshi1201\1364789164_t@2060.jpg 398,210,141,125
F:\qicheceshi1201\1364789164_t@2080.jpg 6,173,123,121 408,202,147,131
F:\qicheceshi1201\1364789164_t@2100.jpg 28,180,118,116 405,202,141,136
F:\qicheceshi1201\1364789164_t@2120.jpg 78,184,107,117 420,202,148,139
F:\qicheceshi1201\1364789164_t@2140.jpg 434,205,146,133
F:\qicheceshi1201\1364789164_t@2160.jpg 442,207,147,134
F:\qicheceshi1201\1364789164_t@2180.jpg 439,203,141,123
F:\qicheceshi1201\1364789164_t@2200.jpg 430,213,151,126
F:\qicheceshi1201\1364789164_t@2220.jpg 424,215,150,127
F:\qicheceshi1201\1364789164_t@2240.jpg 429,217,146,125
F:\qicheceshi1201\1364789164_t@2260.jpg 440,209,154,137
F:\qicheceshi1201\1364789164_t@2280.jpg 452,213,167,135 426,204,28,18
F:\qicheceshi1201\1364789164_t@2300.jpg 467,205,157,131
F:\qicheceshi1201\1364789164_t@2320.jpg 470,203,158,142
F:\qicheceshi1201\1364789164_t@2340.jpg 465,205,174,153
F:\qicheceshi1201\1364789164_t@2360.jpg 480,207,177,150 177,182,85,84
F:\qicheceshi1201\1364789164_t@2380.jpg 180,188,84,82 489,206,173,157
F:\qicheceshi1201\1364789164_t@2400.jpg 201,188,81,85 494,200,191,168
F:\qicheceshi1201\1364789164_t@2420.jpg 203,187,79,85 509,204,187,164
F:\qicheceshi1201\1364789164_t@2440.jpg 197,186,84,80 510,203,194,178
F:\qicheceshi1201\1364789164_t@2460.jpg 484,203,202,174 187,183,91,82
F:\qicheceshi1201\1364789164_t@2480.jpg 196,182,79,80 466,203,206,177
F:\qicheceshi1201\1364789164_t@2500.jpg 4,168,208,234 464,204,200,166
F:\qicheceshi1201\1364789164_t@2520.jpg 3,173,210,225 441,206,195,184
F:\qicheceshi1201\1364789164_t@2540.jpg 2,167,221,217 423,202,199,181
F:\qicheceshi1201\1364789164_t@2560.jpg 3,173,220,204 421,199,198,174
F:\qicheceshi1201\1364789164_t@2580.jpg 8,175,230,202 425,209,198,167
F:\qicheceshi1201\1364789164_t@2600.jpg 13,185,213,178 425,210,188,162
F:\qicheceshi1201\1364789164_t@2620.jpg 16,188,206,189 429,208,183,161
F:\qicheceshi1201\1364789164_t@2640.jpg 23,184,204,174 416,205,190,166
F:\qicheceshi1201\1364789164_t@2660.jpg 45,187,197,164 422,203,181,166
F:\qicheceshi1201\1364789164_t@2680.jpg 76,183,180,163 418,210,181,161
F:\qicheceshi1201\1364789164_t@2700.jpg 98,189,173,152 427,206,174,157
F:\qicheceshi1201\1364789164_t@2720.jpg 99,186,177,155 419,209,170,154
F:\qicheceshi1201\1364789164_t@2740.jpg 102,184,176,160 426,211,170,145 390,210,27,25
F:\qicheceshi1201\1364789164_t@2760.jpg 125,191,175,158 391,222,25,25 417,225,20,18 447,223,162,144
F:\qicheceshi1201\1364789164_t@2780.jpg 110,186,174,156 358,212,29,27 399,218,19,17 441,216,168,140 286,201,59,52
F:\qicheceshi1201\1364789164_t@2800.jpg 88,187,182,158 430,214,172,147 283,204,56,48 342,220,26,25 391,217,22,21
F:\qicheceshi1201\1364789164_t@2820.jpg 90,199,182,160 297,210,53,51 393,219,28,22 441,219,172,150
F:\qicheceshi1201\1364789164_t@2840.jpg 57,184,189,168 282,197,56,54 415,204,180,158
F:\qicheceshi1201\1364789164_t@2860.jpg 70,189,200,168 300,200,54,57 389,213,25,24 420,217,181,153
F:\qicheceshi1201\1364789164_t@2880.jpg 89,192,196,165 314,199,51,54 440,200,191,170
F:\qicheceshi1201\1364789164_t@2900.jpg 134,188,202,170 340,199,49,55 493,215,185,160 425,219,23,18
F:\qicheceshi1201\1364789164_t@2920.jpg 3,202,106,85 200,190,198,169 560,206,183,167 443,209,30,25
F:\qicheceshi1201\1364789164_t@2940.jpg 0,206,104,84 238,185,192,177 598,207,184,164
F:\qicheceshi1201\1364789164_t@2960.jpg 0,215,102,80 175,185,107,113 268,192,187,171 638,218,182,158
F:\qicheceshi1201\1364789164_t@2980.jpg 0,213,102,85 207,182,110,99 302,196,191,159 675,213,189,151
F:\qicheceshi1201\1364789164_t@3000.jpg 5,219,106,85 237,192,105,105 324,185,198,181 710,210,198,162
F:\qicheceshi1201\1364789164_t@3020.jpg 268,192,95,97 367,184,187,176 762,205,183,164
F:\qicheceshi1201\1364789164_t@3040.jpg 295,195,97,97 407,192,186,175 799,213,205,142
F:\qicheceshi1201\1364789164_t@3060.jpg 325,193,83,92 430,199,197,170 855,212,202,154
F:\qicheceshi1201\1364789164_t@3080.jpg 351,188,75,89 464,190,195,180 908,208,209,165
F:\qicheceshi1201\1364789164_t@3100.jpg 381,193,80,82 476,204,38,45 526,195,200,183 970,213,214,155
F:\qicheceshi1201\1364789164_t@3120.jpg 22,211,282,220 409,195,75,86 583,187,209,198 1028,201,235,174
F:\qicheceshi1201\1364789164_t@3140.jpg 141,212,258,202 425,197,70,78 640,178,204,199
F:\qicheceshi1201\1364789164_t@3160.jpg 249,209,228,189 689,175,259,233
F:\qicheceshi1201\1364789164_t@3180.jpg 303,210,218,186 751,163,279,258
F:\qicheceshi1201\1364789164_t@3200.jpg 370,213,194,170 853,164,306,294
F:\qicheceshi1201\1364789164_t@3220.jpg 396,213,183,158 959,157,315,346
F:\qicheceshi1201\1364789164_t@3240.jpg 421,218,175,142 564,205,45,50
F:\qicheceshi1201\1364789164_t@3260.jpg 379,194,59,59 421,212,174,145 570,199,44,53
F:\qicheceshi1201\1364789164_t@3280.jpg 381,200,59,65 438,212,167,141 577,198,47,54
F:\qicheceshi1201\1364789164_t@3300.jpg 380,197,58,69 442,215,161,140 584,202,45,52
F:\qicheceshi1201\1364789164_t@3320.jpg 378,197,55,64 452,217,153,129 591,198,42,54
F:\qicheceshi1201\1364789164_t@3340.jpg 375,198,56,69 449,217,150,129 583,204,50,52
F:\qicheceshi1201\1364789164_t@3360.jpg 371,194,59,68 444,210,153,131 583,197,47,54
F:\qicheceshi1201\1364789164_t@3380.jpg 358,197,61,70 434,214,143,121 572,202,52,50
F:\qicheceshi1201\1364789164_t@3400.jpg 358,196,59,58 404,210,148,121 572,201,53,49
F:\qicheceshi1201\1364789164_t@3420.jpg 370,209,134,120 570,201,62,57
F:\qicheceshi1201\1364789164_t@3440.jpg 327,216,130,109 484,220,57,47 583,203,51,57
F:\qicheceshi1201\1364789164_t@3460.jpg 272,211,135,113 483,216,56,54 583,199,60,62
F:\qicheceshi1201\1364789164_t@3480.jpg 239,218,141,111 384,201,66,65 493,216,65,56 595,199,67,64
F:\qicheceshi1201\1364789164_t@3500.jpg 221,223,149,107 392,198,64,69 492,219,78,56 604,203,68,63
F:\qicheceshi1201\1364789164_t@3520.jpg 262,213,145,109 437,195,69,67 533,209,74,67 650,189,70,70
F:\qicheceshi1201\1364789164_t@3540.jpg 307,216,137,110 483,200,59,62 563,210,79,71 679,193,70,73
F:\qicheceshi1201\1364789164_t@3560.jpg 340,215,143,107 513,198,61,65 475,209,43,43 586,214,93,76 698,195,74,72
F:\qicheceshi1201\1364789164_t@3580.jpg 380,221,123,111 538,205,56,69 611,224,101,78 705,201,78,82 861,214,33,30
F:\qicheceshi1201\1364789164_t@3600.jpg 408,209,127,106 555,194,60,65 636,208,115,94 796,203,62,55 867,201,35,31
F:\qicheceshi1201\1364789164_t@3620.jpg 431,211,122,102 567,195,60,65 668,219,128,98 838,203,65,59
F:\qicheceshi1201\1364789164_t@3640.jpg 448,219,110,102 579,205,56,68 703,228,146,114 880,212,77,67 1211,215,55,49
F:\qicheceshi1201\1364789164_t@3660.jpg 452,207,117,103 577,190,66,66 652,207,38,30 747,213,180,138 937,197,88,74 1205,202,52,45
F:\qicheceshi1201\1364789164_t@3680.jpg 466,217,111,98 596,202,55,64 657,211,40,39 816,224,217,161 1018,201,77,87
F:\qicheceshi1201\1364789164_t@3700.jpg 911,228,275,206 731,194,104,102 588,204,63,64 659,216,45,36 472,220,117,97
F:\qicheceshi1201\1364789164_t@3720.jpg 477,209,114,101 582,197,61,64 730,184,107,104
F:\qicheceshi1201\1364789164_t@3740.jpg 476,212,126,106 586,195,54,64 733,179,109,114
F:\qicheceshi1201\1364789164_t@3760.jpg 475,213,125,107 720,183,123,123
F:\qicheceshi1201\1364789164_t@3780.jpg 466,211,138,107 727,175,123,135
F:\qicheceshi1201\1364789164_t@3800.jpg 459,215,136,111 567,198,61,68 728,180,126,133
F:\qicheceshi1201\1364789164_t@3820.jpg 454,215,143,111 575,198,53,59 736,174,132,143
F:\qicheceshi1201\1364789164_t@3840.jpg 444,214,141,118 565,196,58,64 720,180,138,138
F:\qicheceshi1201\1364789164_t@3860.jpg 441,216,141,117 566,193,55,68 638,210,44,34 722,177,144,141
F:\qicheceshi1201\1364789164_t@3880.jpg 417,211,147,126 557,195,53,62 624,214,39,28 715,171,140,158
F:\qicheceshi1201\1364789164_t@3900.jpg 361,211,151,133 521,201,50,54 591,209,31,35 658,179,155,153
F:\qicheceshi1201\1364789164_t@3920.jpg 313,211,166,137 505,196,46,59 570,207,31,30 615,167,181,170
F:\qicheceshi1201\1364789164_t@3940.jpg 229,202,184,159 472,196,48,56 562,169,177,173
F:\qicheceshi1201\1364789164_t@3960.jpg 126,213,215,168 454,198,45,51 493,162,193,193 684,215,87,79
F:\qicheceshi1201\1364789164_t@3980.jpg 655,208,129,96 463,160,171,195 25,207,247,193 275,206,91,85
F:\qicheceshi1201\1364789164_t@4000.jpg 255,208,98,80 5,198,210,225 426,153,176,209 664,210,130,100
F:\qicheceshi1201\1364789164_t@4020.jpg 250,209,96,86 393,156,195,212 680,203,140,120
F:\qicheceshi1201\1364789164_t@4040.jpg 219,202,105,88 350,150,206,223 654,203,179,134
F:\qicheceshi1201\1364789164_t@4060.jpg 219,203,106,91 340,145,214,230 556,202,36,31 700,214,189,145
F:\qicheceshi1201\1364789164_t@4080.jpg 220,202,104,91 335,146,222,230 733,210,218,166 565,200,37,31
F:\qicheceshi1201\1364789164_t@4100.jpg 223,205,109,92 350,145,207,237 589,202,33,30 767,211,301,216
F:\qicheceshi1201\1364789164_t@4120.jpg 227,208,109,93 368,152,201,231 592,206,34,36 777,215,82,50 885,216,338,248
F:\qicheceshi1201\1364789164_t@4140.jpg 388,149,198,234 827,208,86,63 603,202,31,31 225,206,114,93
F:\qicheceshi1201\1364789164_t@4160.jpg 207,209,123,96 382,153,209,229 848,208,105,76
F:\qicheceshi1201\1364789164_t@4180.jpg 210,206,122,98 396,148,216,233 906,207,107,87
F:\qicheceshi1201\1364789164_t@4200.jpg 201,205,130,104 403,152,211,229 963,209,124,103
F:\qicheceshi1201\1364789164_t@4220.jpg 179,213,135,105 391,159,201,221 1038,219,155,119
F:\qicheceshi1201\1364789164_t@4240.jpg 157,212,138,108 380,158,194,223 582,213,27,29 1130,211,147,144
F:\qicheceshi1201\1364789164_t@4260.jpg 143,215,139,109 377,154,191,221 584,212,27,29
F:\qicheceshi1201\1364789164_t@4280.jpg 98,211,152,115 336,156,206,220 566,214,30,27
F:\qicheceshi1201\1364789164_t@4300.jpg 55,214,160,119 319,164,193,209 562,214,30,26
F:\qicheceshi1201\1364789164_t@4320.jpg 14,199,175,136 304,154,191,223 558,215,32,23
F:\qicheceshi1201\1364789164_t@4340.jpg 267,153,200,219 549,214,31,26
F:\qicheceshi1201\1364789164_t@4360.jpg 229,156,207,220 538,215,33,29
F:\qicheceshi1201\1364789164_t@4380.jpg 161,150,221,234 525,219,33,26
F:\qicheceshi1201\1364789164_t@4400.jpg 94,155,241,232 400,212,32,40 525,219,29,27 490,223,24,21
F:\qicheceshi1201\1364789164_t@4420.jpg 47,151,248,246 402,214,37,38 526,223,37,26
F:\qicheceshi1201\1364789164_t@4440.jpg 3,148,252,254 397,214,41,36 529,221,32,27
F:\qicheceshi1201\1364789164_t@4460.jpg 0,136,233,275 412,214,36,37 546,220,37,28
F:\qicheceshi1201\1364789164_t@4480.jpg 418,216,34,38 551,223,38,27
F:\qicheceshi1201\1364789164_t@4500.jpg 433,218,35,38 566,224,43,30
F:\qicheceshi1201\1364789164_t@4520.jpg 409,215,36,38 550,226,41,30
F:\qicheceshi1201\1364789164_t@4540.jpg 419,211,36,40 561,219,47,35
F:\qicheceshi1201\1364789164_t@4560.jpg 416,212,42,38 572,217,49,36 921,197,104,84
F:\qicheceshi1201\1364789164_t@4580.jpg 408,213,36,40 570,219,52,41 918,200,106,94
F:\qicheceshi1201\1364789164_t@4600.jpg 433,209,35,38 608,215,54,41 957,189,124,111
F:\qicheceshi1201\1364789164_t@4620.jpg 957,194,160,141 624,218,58,43 427,210,34,37
F:\qicheceshi1201\1364789164_t@4640.jpg 437,219,34,34 615,224,44,31 653,220,66,45 1005,189,200,181
F:\qicheceshi1201\1364789164_t@4660.jpg 437,211,36,37 635,221,48,34 695,215,65,51 1073,181,202,220
F:\qicheceshi1201\1364789164_t@4680.jpg 422,204,32,40 633,220,51,39 713,215,76,56
F:\qicheceshi1201\1364789164_t@4700.jpg 419,206,31,36 647,213,58,46 751,215,89,62
F:\qicheceshi1201\1364789164_t@4720.jpg 434,207,33,34 685,214,59,48 813,212,107,72
F:\qicheceshi1201\1364789164_t@4740.jpg 435,208,34,33 711,212,67,54 883,206,128,91
F:\qicheceshi1201\1364789164_t@4760.jpg 426,202,34,34 738,212,73,61 963,207,158,113
F:\qicheceshi1201\1364789164_t@4780.jpg 424,202,31,35 775,211,85,66 1099,204,177,144
F:\qicheceshi1201\1364789164_t@4800.jpg 425,206,35,34 523,214,24,20 580,215,21,18 826,211,115,82
F:\qicheceshi1201\1364789164_t@4820.jpg 428,207,30,33 522,215,24,19 587,214,26,19 909,215,130,97
F:\qicheceshi1201\1364789164_t@4840.jpg 423,203,34,35 522,206,23,22 588,212,23,18 1042,206,180,132
F:\qicheceshi1201\1364789164_t@4860.jpg 432,205,26,38 530,215,21,23 601,219,29,22
F:\qicheceshi1201\1364789164_t@4880.jpg 423,198,30,36 522,208,24,21 601,209,28,23
F:\qicheceshi1201\1364789164_t@4900.jpg 429,203,30,35 530,213,21,21 612,212,33,23
F:\qicheceshi1201\1364789164_t@4920.jpg 426,204,34,32 532,212,23,22 627,213,36,26
F:\qicheceshi1201\1364789164_t@4940.jpg 431,203,35,34 534,211,28,15 644,212,35,28
F:\qicheceshi1201\1364789164_t@4960.jpg 433,208,30,34 534,215,26,22 657,219,41,31
F:\qicheceshi1201\1364789164_t@4980.jpg 437,201,31,37 682,213,42,31 641,205,31,19 538,205,24,20
F:\qicheceshi1201\1364789164_t@5000.jpg 443,198,32,35 712,213,48,36 660,204,29,22
F:\qicheceshi1201\1364789164_t@5020.jpg 441,193,29,33 747,207,52,44
F:\qicheceshi1201\1364789164_t@5040.jpg 430,199,37,31 794,212,64,51
F:\qicheceshi1201\1364789164_t@5060.jpg 434,197,28,30 881,211,83,62 778,205,39,33
F:\qicheceshi1201\1364789164_t@5080.jpg 427,193,30,33 871,175,283,262
F:\qicheceshi1201\1364789164_t@5100.jpg 430,192,29,34 681,176,217,205
F:\qicheceshi1201\1364789164_t@5120.jpg 434,198,28,31 536,191,202,167
F:\qicheceshi1201\1364789164_t@5140.jpg 430,192,33,35 469,193,160,142
F:\qicheceshi1201\1364789164_t@5160.jpg 408,195,129,119
F:\qicheceshi1201\1364789164_t@5180.jpg 355,200,126,106
F:\qicheceshi1201\1364789164_t@5200.jpg 333,201,95,98 438,201,28,32
F:\qicheceshi1201\1364789164_t@5220.jpg 308,196,93,91 441,197,27,32
F:\qicheceshi1201\1364789164_t@5240.jpg 282,196,92,82 427,199,32,32
F:\qicheceshi1201\1364789164_t@5260.jpg 270,202,84,68 429,202,30,31
F:\qicheceshi1201\1364789164_t@5280.jpg 273,202,72,68 432,205,29,32
F:\qicheceshi1201\1364789164_t@5300.jpg 265,207,71,64 425,210,29,32
F:\qicheceshi1201\1364789164_t@5320.jpg 265,206,72,59 422,210,32,30
F:\qicheceshi1201\1364789164_t@5340.jpg 269,207,58,57 417,212,29,32
F:\qicheceshi1201\1364789164_t@5360.jpg 269,212,60,54 417,216,27,31
F:\qicheceshi1201\1364789164_t@5380.jpg 282,217,59,50 422,221,34,29
F:\qicheceshi1201\1364789164_t@5400.jpg 280,212,60,51 421,217,32,29
F:\qicheceshi1201\1364789164_t@5420.jpg 297,216,58,50 431,219,30,31
F:\qicheceshi1201\1364789164_t@5440.jpg 299,216,58,47 433,217,29,28
F:\qicheceshi1201\1364789164_t@5460.jpg 291,213,54,47 423,216,26,31 495,227,23,20
F:\qicheceshi1201\1364789164_t@5480.jpg 299,219,52,44 427,221,27,29
F:\qicheceshi1201\1364789164_t@5500.jpg 307,220,49,44 431,218,27,32 496,223,25,24
F:\qicheceshi1201\1364789164_t@5520.jpg 308,215,52,46 431,218,28,30
F:\qicheceshi1201\1364789164_t@5540.jpg 296,213,51,44 427,215,27,32
F:\qicheceshi1201\1364789164_t@5560.jpg 296,215,47,37 423,215,28,28
F:\qicheceshi1201\1364789164_t@5580.jpg 298,214,49,39 433,220,25,25
F:\qicheceshi1201\1364789164_t@5600.jpg 307,215,51,39 437,218,27,29
F:\qicheceshi1201\1364789164_t@5620.jpg 311,216,48,43 439,221,29,29
F:\qicheceshi1201\1364789164_t@5640.jpg 312,234,52,43 445,233,26,30
F:\qicheceshi1201\1364789164_t@5660.jpg 325,220,51,43 453,222,27,28
F:\qicheceshi1201\1364789164_t@5680.jpg 310,215,48,40 438,215,28,30
F:\qicheceshi1201\1364789164_t@5700.jpg 309,215,46,40 435,217,29,31
F:\qicheceshi1201\1364789164_t@5720.jpg 298,221,50,39 429,221,33,32
F:\qicheceshi1201\1364789164_t@5740.jpg 296,220,51,39 428,221,33,28
F:\qicheceshi1201\1364789164_t@5760.jpg 298,223,50,43 433,222,29,33
F:\qicheceshi1201\1364789164_t@5780.jpg 295,222,52,42 432,218,30,34
F:\qicheceshi1201\1364789164_t@5800.jpg 297,188,56,46 433,190,27,28
F:\qicheceshi1201\1364789164_t@5820.jpg 291,206,46,47 418,208,31,34
F:\qicheceshi1201\1364789164_t@5840.jpg 299,216,57,45 426,212,37,35
F:\qicheceshi1201\1364789164_t@5860.jpg 296,212,55,44 423,214,34,31
F:\qicheceshi1201\1364789164_t@5880.jpg 304,215,53,44 433,213,29,34
F:\qicheceshi1201\1364789164_t@5900.jpg 315,218,55,44 441,214,33,33
F:\qicheceshi1201\1364789164_t@5920.jpg 312,215,51,46 433,217,34,30
F:\qicheceshi1201\1364789164_t@5940.jpg 318,210,52,43 441,206,30,35
F:\qicheceshi1201\1364789164_t@5960.jpg 332,213,46,41 449,209,30,32
F:\qicheceshi1201\1364789164_t@5980.jpg 328,218,49,41 439,217,31,29
F:\qicheceshi1201\1364789164_t@6000.jpg 335,213,47,41 446,215,29,32
F:\qicheceshi1201\1364789164_t@6020.jpg 340,216,47,39 449,212,27,32
F:\qicheceshi1201\1364789164_t@6040.jpg 328,210,44,39 431,210,28,28
F:\qicheceshi1201\1364789164_t@6060.jpg 329,203,44,41 430,201,27,33
F:\qicheceshi1201\1364789164_t@6080.jpg 327,206,45,41 423,202,31,31
F:\qicheceshi1201\1364789164_t@6100.jpg 319,202,46,40 418,198,29,34
F:\qicheceshi1201\1364789164_t@6120.jpg 316,204,42,37 410,201,31,33
F:\qicheceshi1201\1364789164_t@6140.jpg 327,203,47,40 419,195,31,38
F:\qicheceshi1201\1364789164_t@6160.jpg 333,200,38,38 419,197,31,30
F:\qicheceshi1201\1364789164_t@6180.jpg 336,200,43,35 423,193,36,34
F:\qicheceshi1201\1364789164_t@6200.jpg 329,196,49,37 422,192,30,33
F:\qicheceshi1201\1364789164_t@6220.jpg 338,195,45,37 422,190,34,35
F:\qicheceshi1201\1364789164_t@6240.jpg 331,194,46,37 416,190,32,31
F:\qicheceshi1201\1364789164_t@6260.jpg 9,205,125,90 346,197,43,36
F:\qicheceshi1201\1364789164_t@6280.jpg 60,206,115,82 350,197,43,38 952,199,64,53 640,204,48,41
F:\qicheceshi1201\1364789164_t@6300.jpg 108,207,95,77 355,193,40,42 654,200,50,44
F:\qicheceshi1201\1364789164_t@6320.jpg 139,203,91,69 660,203,63,49 551,198,44,37 356,192,33,37 455,194,36,33
F:\qicheceshi1201\1364789164_t@6340.jpg 190,202,81,63 369,192,40,37 466,200,34,27 573,198,49,39 684,206,69,51
F:\qicheceshi1201\1364789164_t@6360.jpg 220,207,78,66 372,203,46,36 463,209,35,27 578,213,53,41 695,212,84,71
F:\qicheceshi1201\1364789164_t@6380.jpg 275,204,79,62 408,200,32,35 610,210,63,44 736,206,89,79
F:\qicheceshi1201\1364789164_t@6400.jpg 68,165,266,261 760,212,117,97 635,209,75,62 420,205,46,34 518,206,35,30
F:\qicheceshi1201\1364789164_t@6420.jpg 231,171,201,220 610,206,45,36 656,212,87,64 751,211,186,120
F:\qicheceshi1201\1364789164_t@6440.jpg 342,180,166,183 632,212,49,41 689,211,100,75 855,214,200,156
F:\qicheceshi1201\1364789164_t@6460.jpg 394,178,156,170 645,215,50,41 722,213,117,94 1002,226,272,211
F:\qicheceshi1201\1364789164_t@6480.jpg 421,187,135,153 641,214,59,48 764,219,130,109 933,208,110,89
F:\qicheceshi1201\1364789164_t@6500.jpg 389,214,52,46 435,190,126,148 656,220,67,52 838,220,183,155 1021,216,110,105
F:\qicheceshi1201\1364789164_t@6520.jpg 385,210,56,46 441,189,120,138 670,214,72,58 984,217,292,225
F:\qicheceshi1201\1364789164_t@6540.jpg 379,211,57,49 440,193,120,131 613,212,46,44 683,210,94,74
F:\qicheceshi1201\1364789164_t@6560.jpg 365,214,60,44 436,193,112,129 710,216,102,86 603,214,52,44
F:\qicheceshi1201\1364789164_t@6580.jpg 366,211,58,51 435,196,113,125 599,216,54,43 747,215,132,107
F:\qicheceshi1201\1364789164_t@6600.jpg 359,213,62,50 427,198,110,121 599,218,52,43 714,203,74,59 813,210,169,142
F:\qicheceshi1201\1364789164_t@6620.jpg 352,214,62,46 420,189,113,125 598,213,57,44 748,202,76,65 915,212,249,183
F:\qicheceshi1201\1364789164_t@6640.jpg 349,215,53,48 419,189,111,127 599,217,60,47 775,205,91,75
F:\qicheceshi1201\1364789164_t@6660.jpg 812,199,103,90 603,216,60,47 414,192,112,121 334,211,65,52
F:\qicheceshi1201\1364789164_t@6680.jpg 334,213,62,54 416,193,110,122 599,217,61,51 875,202,125,100
F:\qicheceshi1201\1364789164_t@6700.jpg 328,212,68,57 420,190,105,122 548,210,51,42 605,210,65,58 957,190,153,133
F:\qicheceshi1201\1364789164_t@6720.jpg 322,213,72,57 420,197,105,117 598,216,83,62 684,214,59,46 1081,189,194,166
F:\qicheceshi1201\1364789164_t@6740.jpg 298,210,72,57 397,193,105,122 594,216,79,60 683,212,68,49
F:\qicheceshi1201\1364789164_t@6760.jpg 291,211,71,64 392,194,102,117 610,214,77,66 698,213,70,53
F:\qicheceshi1201\1364789164_t@6780.jpg 298,215,81,64 407,199,106,113 634,215,88,79 731,211,73,62
F:\qicheceshi1201\1364789164_t@6800.jpg 298,213,83,63 412,198,108,116 642,219,98,83 753,214,86,67
F:\qicheceshi1201\1364789164_t@6820.jpg 292,210,86,67 424,195,103,109 383,206,39,46 655,215,103,91 785,214,91,72
F:\qicheceshi1201\1364789164_t@6840.jpg 289,212,85,72 431,201,101,113 674,220,116,100 831,216,105,80
F:\qicheceshi1201\1364789164_t@6860.jpg 291,208,92,79 444,198,105,116 689,221,142,112 896,213,125,95
F:\qicheceshi1201\1364789164_t@6880.jpg 278,210,89,76 442,192,105,124 718,218,161,128 975,204,142,116
F:\qicheceshi1201\1364789164_t@6900.jpg 1087,208,184,148 737,217,214,154 448,193,112,122 271,214,97,73
F:\qicheceshi1201\1364789164_t@6920.jpg 276,207,91,85 451,190,108,130 801,221,237,187
F:\qicheceshi1201\1364789164_t@6940.jpg 266,200,97,85 457,188,106,122 595,203,53,49 675,209,130,90 851,209,291,239
F:\qicheceshi1201\1364789164_t@6960.jpg 270,210,97,84 461,188,113,127 711,207,122,100 607,209,53,52 915,218,351,263
F:\qicheceshi1201\1364789164_t@6980.jpg 262,214,103,83 469,193,107,126 617,209,55,55 731,213,127,104
F:\qicheceshi1201\1364789164_t@7000.jpg 752,216,154,117 619,211,62,54 472,188,105,127 256,209,106,90
F:\qicheceshi1201\1364789164_t@7020.jpg 251,216,114,90 481,191,108,124 638,213,63,56 808,216,177,136
F:\qicheceshi1201\1364789164_t@7040.jpg 879,216,216,170 487,190,106,129 644,213,73,63 232,211,127,99
F:\qicheceshi1201\1364789164_t@7060.jpg 184,204,126,114 331,205,74,63 465,188,108,130 640,212,74,71 950,217,290,216 576,202,43,50
F:\qicheceshi1201\1364789164_t@7080.jpg 143,207,146,117 326,204,84,67 470,189,112,131 584,198,44,49 644,214,86,69 865,209,118,82
F:\qicheceshi1201\1364789164_t@7100.jpg 76,211,179,135 316,200,83,80 472,191,111,126 595,196,47,58 664,213,85,74 891,212,114,87
F:\qicheceshi1201\1364789164_t@7120.jpg 1,210,182,163 287,201,92,84 454,191,115,134 597,199,47,55 665,212,96,85 887,217,114,91
F:\qicheceshi1201\1364789164_t@7140.jpg 267,206,102,89 450,189,120,142 611,201,49,50 678,210,109,95 886,216,114,88
F:\qicheceshi1201\1364789164_t@7160.jpg 204,199,119,97 334,210,55,48 420,185,125,148 601,197,44,49 670,210,118,106 852,212,115,88
F:\qicheceshi1201\1364789164_t@7180.jpg 167,198,132,109 329,207,57,51 415,182,126,149 688,210,134,115 610,194,48,53 843,210,115,90
F:\qicheceshi1201\1364789164_t@7200.jpg 120,193,154,129 324,208,59,52 416,186,129,150 619,194,45,51 709,210,157,130
F:\qicheceshi1201\1364789164_t@7220.jpg 52,191,184,153 315,207,63,56 422,186,132,149 616,194,46,51 743,209,180,148
F:\qicheceshi1201\1364789164_t@7240.jpg 306,207,74,56 446,184,128,150 616,196,49,47 787,207,216,173
F:\qicheceshi1201\1364789164_t@7260.jpg 307,207,77,65 488,187,131,147 628,196,48,49 843,215,263,200
F:\qicheceshi1201\1364789164_t@7280.jpg 311,210,79,67 552,187,124,145 805,214,101,77 950,214,323,254 410,204,35,33
F:\qicheceshi1201\1364789164_t@7300.jpg 298,207,78,70 481,208,43,36 594,189,122,146 804,212,102,81
F:\qicheceshi1201\1364789164_t@7320.jpg 291,212,87,64 396,203,47,37 486,204,46,40 642,186,124,147 832,210,96,80
F:\qicheceshi1201\1364789164_t@7340.jpg 270,209,96,78 393,207,42,35 477,205,50,46 587,193,71,70 674,188,127,147 850,215,101,80
F:\qicheceshi1201\1364789164_t@7360.jpg 251,211,103,82 380,209,43,37 474,211,48,45 588,198,71,68 692,190,120,148 865,218,109,86
F:\qicheceshi1201\1364789164_t@7380.jpg 197,201,113,92 355,202,45,41 446,205,51,46 575,189,66,73 662,180,140,160 853,215,118,92
F:\qicheceshi1201\1364789164_t@7400.jpg 153,202,128,107 342,206,48,44 436,210,57,48 567,193,71,76 652,188,133,154 864,219,127,107
F:\qicheceshi1201\1364789164_t@7420.jpg 94,207,150,114 324,209,57,44 425,212,59,51 634,185,137,154 872,219,138,105
F:\qicheceshi1201\1364789164_t@7440.jpg 3,205,166,128 294,210,53,43 391,210,65,56 588,183,146,158 851,209,152,116
F:\qicheceshi1201\1364789164_t@7460.jpg 262,209,61,47 354,211,80,57 545,183,144,163 835,216,147,113
F:\qicheceshi1201\1364789164_t@7480.jpg 231,216,70,50 324,214,85,64 500,187,149,163 803,214,158,123
F:\qicheceshi1201\1364789164_t@7500.jpg 211,217,72,59 298,220,89,75 473,189,147,167 781,219,159,126
F:\qicheceshi1201\1364789164_t@7520.jpg 174,218,74,57 260,216,96,79 438,187,145,168 745,217,171,128
F:\qicheceshi1201\1364789164_t@7540.jpg 133,216,85,59 222,217,105,83 401,182,147,171 705,215,162,129
F:\qicheceshi1201\1364789164_t@7560.jpg 96,220,83,65 182,215,115,95 380,196,136,151 513,207,45,56 674,224,154,119
F:\qicheceshi1201\1364789164_t@7580.jpg 141,222,130,96 54,217,96,78 369,198,124,148 506,209,48,54 644,223,156,121
F:\qicheceshi1201\1364789164_t@7600.jpg 607,220,157,123 337,191,127,143 502,205,48,51 87,215,135,104
F:\qicheceshi1201\1364789164_t@7620.jpg 27,210,155,119 327,190,124,144 515,200,49,56 602,216,157,128
F:\qicheceshi1201\1364789164_t@7640.jpg 245,195,133,141 475,207,46,55 537,220,168,133 110,209,85,59
F:\qicheceshi1201\1364789164_t@7660.jpg 53,198,85,67 174,177,147,148 444,203,53,55 498,218,174,137
F:\qicheceshi1201\1364789164_t@7680.jpg 62,207,84,68 179,181,139,153 496,215,186,147
F:\qicheceshi1201\1364789164_t@7700.jpg 22,208,93,72 140,190,151,145 470,222,190,144
F:\qicheceshi1201\1364789164_t@7720.jpg 6,204,87,74 123,183,148,148 441,215,195,161
F:\qicheceshi1201\1364789164_t@7740.jpg 125,185,145,143 421,211,208,174 346,216,62,42
F:\qicheceshi1201\1364789164_t@7760.jpg 120,186,127,134 384,211,221,182
F:\qicheceshi1201\1364789164_t@7780.jpg 110,192,124,125 372,209,227,195
F:\qicheceshi1201\1364789164_t@7800.jpg 105,186,117,113 343,206,236,192
F:\qicheceshi1201\1364789164_t@7820.jpg 129,181,97,107 337,210,239,192 245,193,60,58
F:\qicheceshi1201\1364789164_t@7840.jpg 150,194,83,87 266,202,55,56 338,212,233,185
F:\qicheceshi1201\1364789164_t@7860.jpg 9,209,97,70 184,200,77,75 294,210,46,49 352,219,223,182
F:\qicheceshi1201\1364789164_t@7880.jpg 41,212,90,67 213,208,68,68 314,215,43,44 365,220,215,173
F:\qicheceshi1201\1364789164_t@7900.jpg 80,215,78,63 239,214,57,59 326,214,43,42 370,219,203,166
F:\qicheceshi1201\1364789164_t@7920.jpg 109,217,78,60 258,213,53,56 371,206,196,168
F:\qicheceshi1201\1364789164_t@7940.jpg 279,217,46,49 377,229,180,145
F:\qicheceshi1201\1364789164_t@7960.jpg 23,222,205,152 287,212,45,44 384,228,168,133
F:\qicheceshi1201\1364789164_t@7980.jpg 121,214,158,123 307,206,39,42 398,219,157,126
F:\qicheceshi1201\1364789164_t@8000.jpg 191,212,131,107 405,222,148,120
F:\qicheceshi1201\1364789164_t@8020.jpg 198,198,49,42 248,194,113,100 397,203,154,124
F:\qicheceshi1201\1364789164_t@8040.jpg 195,215,54,41 290,215,101,84 394,217,144,121
F:\qicheceshi1201\1364789164_t@8060.jpg 11,218,106,80 208,215,50,39 392,220,138,115
F:\qicheceshi1201\1364789164_t@8080.jpg 48,218,95,81 231,222,47,39 396,226,139,110
F:\qicheceshi1201\1364789164_t@8100.jpg 237,217,45,38 394,217,134,114
F:\qicheceshi1201\1364789164_t@8120.jpg 30,212,140,107 266,216,43,34 406,219,143,113
F:\qicheceshi1201\1364789164_t@8140.jpg 150,216,115,90 417,219,141,116
F:\qicheceshi1201\1364789164_t@8160.jpg 224,210,92,80 418,218,144,118
F:\qicheceshi1201\1364789164_t@8180.jpg 3,220,251,232 297,213,70,64 427,213,141,123
F:\qicheceshi1201\1364789164_t@8200.jpg 45,214,288,216 416,206,143,122
F:\qicheceshi1201\1364789164_t@8220.jpg 149,199,268,220 426,208,139,121
F:\qicheceshi1201\1364789164_t@8240.jpg 212,218,256,203
F:\qicheceshi1201\1364789164_t@8260.jpg 249,204,249,206
F:\qicheceshi1201\1364789164_t@8280.jpg 301,227,237,185 282,216,46,30
F:\qicheceshi1201\1364789164_t@8300.jpg 6,215,114,84 268,211,45,41 324,224,220,178 532,215,50,55
F:\qicheceshi1201\1364789164_t@8320.jpg 36,206,96,69 295,218,198,170 497,215,52,48
F:\qicheceshi1201\1364789164_t@8340.jpg 60,218,81,57 258,223,184,155 471,216,49,54
F:\qicheceshi1201\1364789164_t@8360.jpg 74,220,73,46 217,220,174,141 446,220,56,45
F:\qicheceshi1201\1364789164_t@8380.jpg 88,208,62,44 187,223,162,125 428,216,50,42
F:\qicheceshi1201\1364789164_t@8400.jpg 52,195,50,40 166,198,55,45 237,210,152,118 473,199,58,49
F:\qicheceshi1201\1364789164_t@8420.jpg 73,191,43,40 193,198,53,40 251,216,140,105 492,203,55,47
F:\qicheceshi1201\1364789164_t@8440.jpg 2,198,65,54 98,191,44,35 223,192,47,38 279,205,127,103 528,202,60,48
F:\qicheceshi1201\1364789164_t@8460.jpg 18,194,67,52 228,194,45,35 302,207,111,94 558,197,62,53
F:\qicheceshi1201\1364789164_t@8480.jpg 48,194,58,45 325,208,106,82 240,194,42,33 605,199,70,55 920,201,71,56
F:\qicheceshi1201\1364789164_t@8500.jpg 34,184,54,42 205,185,34,32 308,197,98,77 620,198,71,57
F:\qicheceshi1201\1364789164_t@8520.jpg 146,185,40,27 266,199,86,63 607,192,65,62
F:\qicheceshi1201\1364789164_t@8540.jpg 215,196,75,55 575,186,65,63 715,191,57,50
F:\qicheceshi1201\1364789164_t@8560.jpg 136,182,66,55 500,182,73,58 597,180,54,50 818,180,114,84
F:\qicheceshi1201\1364789164_t@8580.jpg 59,199,57,45 418,197,68,58 672,198,94,78
F:\qicheceshi1201\1364789164_t@8600.jpg 349,208,66,63 285,200,44,54 546,218,87,69 1010,213,196,171
F:\qicheceshi1201\1364789164_t@8620.jpg 739,214,183,154 465,215,94,75 316,210,65,61 263,204,47,55
F:\qicheceshi1201\1364789164_t@8640.jpg 296,218,44,48 341,232,62,52 452,228,78,65 603,226,155,122
F:\qicheceshi1201\1364789164_t@8660.jpg 394,211,38,43 440,217,57,53 582,218,136,112
F:\qicheceshi1201\1364789164_t@8680.jpg 468,206,36,46 586,216,128,105
F:\qicheceshi1201\1364789164_t@8700.jpg 453,210,42,39 529,220,120,98
F:\qicheceshi1201\1364789164_t@8720.jpg 484,215,115,96
F:\qicheceshi1201\1364789164_t@8740.jpg 27,215,65,48 468,224,112,98
F:\qicheceshi1201\1364789164_t@8760.jpg 60,192,73,54 441,211,124,106
F:\qicheceshi1201\1364789164_t@8780.jpg 421,211,126,107
F:\qicheceshi1201\1364789164_t@8800.jpg 398,218,134,115
F:\qicheceshi1201\1364789164_t@8820.jpg 345,216,147,126
F:\qicheceshi1201\1364789164_t@8840.jpg 294,213,161,135
F:\qicheceshi1201\1364789164_t@8860.jpg 211,209,187,157
F:\qicheceshi1201\1364789164_t@8880.jpg 124,210,218,177 485,217,53,46
F:\qicheceshi1201\1364789164_t@8900.jpg 4,212,247,208 284,219,92,72 472,217,57,46
F:\qicheceshi1201\1364789164_t@8920.jpg 262,218,104,85 474,220,56,47
F:\qicheceshi1201\1364789164_t@8940.jpg 242,216,109,87 477,219,53,48
F:\qicheceshi1201\1364789164_t@8960.jpg 215,224,134,99 486,223,58,53
F:\qicheceshi1201\1364789164_t@8980.jpg 162,209,149,115 485,211,61,59
F:\qicheceshi1201\1364789164_t@9000.jpg 123,208,168,128 506,206,63,53
F:\qicheceshi1201\1364789466_t@0.jpg 10,212,203,177 562,208,73,63
F:\qicheceshi1201\1364789466_t@20.jpg 0,205,212,194 606,206,77,65
F:\qicheceshi1201\1364789466_t@40.jpg 7,206,200,222 619,207,83,73
F:\qicheceshi1201\1364789466_t@60.jpg 583,203,101,89
F:\qicheceshi1201\1364789466_t@80.jpg 579,200,103,101
F:\qicheceshi1201\1364789466_t@100.jpg 553,205,117,108 663,187,64,72
F:\qicheceshi1201\1364789466_t@120.jpg 502,198,129,125 628,183,64,80 697,202,46,45
F:\qicheceshi1201\1364789466_t@140.jpg 471,204,146,132 606,185,65,76 683,201,50,45
F:\qicheceshi1201\1364789466_t@160.jpg 457,214,168,146 685,216,50,43 597,197,69,75
F:\qicheceshi1201\1364789466_t@180.jpg 463,208,178,164 702,218,42,42
F:\qicheceshi1201\1364789466_t@200.jpg 496,216,183,170 728,228,45,35
F:\qicheceshi1201\1364789466_t@220.jpg 535,220,183,175
F:\qicheceshi1201\1364789466_t@240.jpg 561,218,186,168
F:\qicheceshi1201\1364789466_t@260.jpg 589,219,180,161
F:\qicheceshi1201\1364789466_t@280.jpg 611,223,166,151
F:\qicheceshi1201\1364789466_t@300.jpg 634,234,165,140
F:\qicheceshi1201\1364789466_t@320.jpg 661,230,153,129 815,239,46,47
F:\qicheceshi1201\1364789466_t@340.jpg 661,236,137,116 819,243,54,47 610,228,48,53
F:\qicheceshi1201\1364789466_t@360.jpg 589,230,44,50 652,233,129,111 843,237,68,53
F:\qicheceshi1201\1364789466_t@380.jpg 570,225,44,49 645,238,121,105 899,240,94,63
F:\qicheceshi1201\1364789466_t@400.jpg 547,216,45,46 635,232,115,92 1037,224,131,97
F:\qicheceshi1201\1364789466_t@420.jpg 632,226,114,92 539,210,46,45
F:\qicheceshi1201\1364789466_t@440.jpg 523,202,42,48 602,220,120,90
F:\qicheceshi1201\1364789466_t@460.jpg 515,205,46,52 603,225,99,87
F:\qicheceshi1201\1364789466_t@480.jpg 515,203,43,50 596,224,97,79
F:\qicheceshi1201\1364789466_t@500.jpg 526,197,50,51 609,219,92,79
F:\qicheceshi1201\1364789466_t@520.jpg 543,186,53,57 620,209,93,82
F:\qicheceshi1201\1364789466_t@540.jpg 575,182,55,62 647,210,93,81 765,185,36,33
F:\qicheceshi1201\1364789466_t@560.jpg 608,176,65,67 673,195,102,91 789,180,41,34
F:\qicheceshi1201\1364789466_t@580.jpg 623,174,77,71 693,204,114,103 248,141,82,99
F:\qicheceshi1201\1364789466_t@600.jpg 389,147,81,97 253,182,49,54 694,205,127,108
F:\qicheceshi1201\1364789466_t@620.jpg 6,197,60,65 379,192,56,44 497,152,71,91 676,215,146,127
F:\qicheceshi1201\1364789466_t@640.jpg 149,191,57,62 464,190,46,41 623,207,184,150
F:\qicheceshi1201\1364789466_t@660.jpg 69,171,87,83 277,192,63,57 586,200,209,176
F:\qicheceshi1201\1364789466_t@680.jpg 183,186,91,72 369,201,52,52 543,214,232,197
F:\qicheceshi1201\1364789466_t@700.jpg 293,188,78,60 456,199,46,46 506,204,255,219
F:\qicheceshi1201\1364789466_t@720.jpg 93,211,80,63 389,202,62,52 465,215,285,242
F:\qicheceshi1201\1364789466_t@740.jpg 255,219,64,59 404,224,307,256
F:\qicheceshi1201\1364789466_t@760.jpg 109,216,100,70 365,216,296,252
F:\qicheceshi1201\1364789466_t@780.jpg 380,229,261,220 312,225,76,52
F:\qicheceshi1201\1364789466_t@800.jpg 61,216,194,174 436,214,229,207 652,193,98,108
F:\qicheceshi1201\1364789466_t@820.jpg 139,99,160,203 376,217,146,134 540,229,203,176
F:\qicheceshi1201\1364789466_t@840.jpg 37,219,117,90 346,138,130,154 610,226,193,167
F:\qicheceshi1201\1364789466_t@860.jpg 170,230,89,68 399,154,107,129 632,229,183,168
F:\qicheceshi1201\1364789466_t@880.jpg 233,214,71,60 414,151,96,113 619,218,192,171
F:\qicheceshi1201\1364789466_t@900.jpg 292,216,63,47 445,154,84,102 610,216,197,176
F:\qicheceshi1201\1364789466_t@920.jpg 334,218,50,49 456,173,71,83 564,223,196,163
F:\qicheceshi1201\1364789466_t@940.jpg 353,222,51,40 465,175,60,80 539,227,182,155
F:\qicheceshi1201\1364789466_t@960.jpg 384,218,45,39 481,177,56,67 529,225,167,145 706,221,76,62
F:\qicheceshi1201\1364789466_t@980.jpg 58,218,170,128 376,214,40,37 463,176,54,66 498,227,157,140 684,222,69,63
F:\qicheceshi1201\1364789466_t@1000.jpg 129,210,141,109 462,219,150,133 662,217,68,54 367,208,43,33
F:\qicheceshi1201\1364789466_t@1020.jpg 183,214,125,99 438,226,139,122 651,216,67,51 371,213,39,31
F:\qicheceshi1201\1364789466_t@1040.jpg 191,209,115,93 387,226,139,113 619,217,66,48
F:\qicheceshi1201\1364789466_t@1060.jpg 8,128,304,342 392,213,129,111 645,205,62,47
F:\qicheceshi1201\1364789466_t@1080.jpg 236,142,261,299 683,213,56,45 627,189,45,44
F:\qicheceshi1201\1364789466_t@1100.jpg 339,216,83,60 411,154,225,281 641,187,43,51 710,222,54,41
F:\qicheceshi1201\1364789466_t@1120.jpg 373,210,78,63 539,144,216,282
F:\qicheceshi1201\1364789466_t@1140.jpg 413,223,72,61 503,231,108,89 630,149,236,286
F:\qicheceshi1201\1364789466_t@1160.jpg 483,218,67,60 578,222,102,94 758,139,250,315
F:\qicheceshi1201\1364789466_t@1180.jpg 479,214,39,35 521,217,69,56 599,220,99,85 888,135,282,340
F:\qicheceshi1201\1364789466_t@1200.jpg 562,220,97,86 476,218,37,30
F:\qicheceshi1201\1364789466_t@1220.jpg 468,222,37,29 517,220,99,89 621,211,39,49
F:\qicheceshi1201\1364789466_t@1240.jpg 467,221,94,85 608,211,43,46
F:\qicheceshi1201\1364789466_t@1260.jpg 414,221,87,84 516,219,65,58 600,207,36,43
F:\qicheceshi1201\1364789466_t@1280.jpg 381,218,90,84 511,220,73,61 587,208,48,48
F:\qicheceshi1201\1364789466_t@1300.jpg 351,219,94,81 508,212,79,70 590,203,41,54
F:\qicheceshi1201\1364789466_t@1320.jpg 853,166,97,102 503,219,81,67 588,206,43,51 336,216,91,84
F:\qicheceshi1201\1364789466_t@1340.jpg 320,221,94,78 499,219,85,70 588,206,46,55 907,159,103,117
F:\qicheceshi1201\1364789466_t@1360.jpg 991,147,125,135 502,222,88,68 596,201,54,60 317,222,99,77
F:\qicheceshi1201\1364789466_t@1380.jpg 333,217,92,83 514,216,92,79 607,202,49,57 1115,124,153,144
F:\qicheceshi1201\1364789466_t@1400.jpg 335,211,97,91 525,213,104,93 621,200,50,61
F:\qicheceshi1201\1364789466_t@1420.jpg 364,216,91,82 543,210,118,100
F:\qicheceshi1201\1364789466_t@1440.jpg 375,217,93,86 563,213,134,113
F:\qicheceshi1201\1364789466_t@1460.jpg 406,217,91,86 612,219,139,122 1101,136,143,146
F:\qicheceshi1201\1364789466_t@1480.jpg 444,220,90,77 678,220,168,133
F:\qicheceshi1201\1364789466_t@1500.jpg 467,216,80,82 566,186,33,51 665,216,47,32 723,218,231,166
F:\qicheceshi1201\1364789466_t@1520.jpg 472,217,90,79 560,187,39,51 670,215,48,38 853,216,259,204
F:\qicheceshi1201\1364789466_t@1540.jpg 465,214,86,77 544,186,40,53 789,193,93,82 964,219,313,249
F:\qicheceshi1201\1364789466_t@1560.jpg 465,217,80,75 660,217,49,41 830,191,90,102
F:\qicheceshi1201\1364789466_t@1580.jpg 475,216,75,72 673,214,53,44 871,189,107,114
F:\qicheceshi1201\1364789466_t@1600.jpg 475,218,77,69 536,185,48,55 673,213,63,49 911,182,113,130
F:\qicheceshi1201\1364789466_t@1620.jpg 477,218,79,69 544,186,46,60 689,219,60,46 963,181,140,144
F:\qicheceshi1201\1364789466_t@1640.jpg 470,216,78,69 541,183,46,61 690,212,67,52 1035,173,149,166
F:\qicheceshi1201\1364789466_t@1660.jpg 481,216,64,69 547,183,41,60 708,213,64,54 1110,169,163,188
F:\qicheceshi1201\1364789466_t@1680.jpg 471,214,67,70 543,179,48,63 713,217,67,51
F:\qicheceshi1201\1364789466_t@1700.jpg 467,214,65,63 537,175,55,61 723,216,68,53
F:\qicheceshi1201\1364789466_t@1720.jpg 462,217,67,61 537,180,50,63 728,220,70,61
F:\qicheceshi1201\1364789466_t@1740.jpg 466,212,62,61 537,175,49,67 746,213,75,62
F:\qicheceshi1201\1364789466_t@1760.jpg 469,218,61,55 531,177,57,70 762,216,84,71
F:\qicheceshi1201\1364789466_t@1780.jpg 473,217,58,55 529,175,61,71 781,212,92,77
F:\qicheceshi1201\1364789466_t@1800.jpg 465,211,54,56 526,170,55,76 797,216,100,74
F:\qicheceshi1201\1364789466_t@1820.jpg 463,215,52,55 532,177,53,75 813,218,114,88 1111,144,105,108
F:\qicheceshi1201\1364789466_t@1840.jpg 456,214,57,52 531,168,62,78 831,213,137,95
F:\qicheceshi1201\1364789466_t@1860.jpg 464,220,53,46 536,175,60,73 893,217,125,108
F:\qicheceshi1201\1364789466_t@1880.jpg 469,213,55,50 547,168,61,82 944,214,145,119
F:\qicheceshi1201\1364789466_t@1900.jpg 470,214,56,50 546,165,66,87 1005,209,172,145
F:\qicheceshi1201\1364789466_t@1920.jpg 476,214,56,51 554,163,70,91 1096,214,181,158
F:\qicheceshi1201\1364789466_t@1940.jpg 478,213,53,49 557,155,68,92
F:\qicheceshi1201\1364789466_t@1960.jpg 480,214,53,47 557,159,76,94
F:\qicheceshi1201\1364789466_t@1980.jpg 476,207,52,51 550,147,80,105
F:\qicheceshi1201\1364789466_t@2000.jpg 482,204,53,55 563,146,76,102
F:\qicheceshi1201\1364789466_t@2020.jpg 482,208,53,51 563,145,83,109
F:\qicheceshi1201\1364789466_t@2040.jpg 482,213,53,50 572,145,83,117
F:\qicheceshi1201\1364789466_t@2060.jpg 479,207,55,55 571,140,85,122
F:\qicheceshi1201\1364789466_t@2080.jpg 484,210,56,56 581,138,90,124
F:\qicheceshi1201\1364789466_t@2100.jpg 475,212,56,55 579,135,96,132
F:\qicheceshi1201\1364789466_t@2120.jpg 462,208,65,61 579,131,106,140
F:\qicheceshi1201\1364789466_t@2140.jpg 460,214,63,65 593,127,108,151
F:\qicheceshi1201\1364789466_t@2160.jpg 447,212,65,60 591,127,121,147
F:\qicheceshi1201\1364789466_t@2180.jpg 444,212,73,68 597,115,124,167
F:\qicheceshi1201\1364789466_t@2200.jpg 475,214,74,70 629,111,140,176
F:\qicheceshi1201\1364789466_t@2220.jpg 471,219,81,70 647,109,141,187
F:\qicheceshi1201\1364789466_t@2240.jpg 481,213,85,77 667,101,151,202
F:\qicheceshi1201\1364789466_t@2260.jpg 479,211,95,93 668,90,172,212
F:\qicheceshi1201\1364789466_t@2280.jpg 456,212,104,94 652,82,174,228
F:\qicheceshi1201\1364789466_t@2300.jpg 400,214,115,100 591,81,183,234
F:\qicheceshi1201\1364789466_t@2320.jpg 341,214,121,112 525,79,193,235
F:\qicheceshi1201\1364789466_t@2340.jpg 286,221,136,122 491,85,185,231 1060,139,214,279
F:\qicheceshi1201\1364789466_t@2360.jpg 244,224,150,124 487,92,173,232 911,167,168,216
F:\qicheceshi1201\1364789466_t@2380.jpg 186,224,161,130 458,92,173,226 806,181,138,172
F:\qicheceshi1201\1364789466_t@2400.jpg 134,221,173,136 434,87,166,227 737,187,124,146
F:\qicheceshi1201\1364789466_t@2420.jpg 97,219,184,142 353,218,71,53 420,77,178,233 714,183,107,137
F:\qicheceshi1201\1364789466_t@2440.jpg 102,220,167,133 384,218,69,59 454,92,167,221 729,188,93,127
F:\qicheceshi1201\1364789466_t@2460.jpg 77,226,198,144 387,223,60,57 441,92,176,221 712,197,84,112
F:\qicheceshi1201\1364789466_t@2480.jpg 30,219,212,152 430,86,170,232 683,201,82,104
F:\qicheceshi1201\1364789466_t@2500.jpg 13,222,221,164 432,92,174,226 670,204,82,100
F:\qicheceshi1201\1364789466_t@2520.jpg 2,192,229,186 413,69,190,247 656,187,85,99
F:\qicheceshi1201\1364789466_t@2540.jpg 3,216,199,171 395,72,191,244 638,195,80,100 589,220,43,42
F:\qicheceshi1201\1364789466_t@2560.jpg 2,228,180,172 372,81,193,252 621,207,84,93
F:\qicheceshi1201\1364789466_t@2580.jpg 327,66,208,257 549,216,48,44 605,203,74,85
F:\qicheceshi1201\1364789466_t@2600.jpg 284,59,217,266 577,197,73,93
F:\qicheceshi1201\1364789466_t@2620.jpg 247,50,226,281 550,204,76,92
F:\qicheceshi1201\1364789466_t@2640.jpg 196,56,241,294 515,211,73,87
F:\qicheceshi1201\1364789466_t@2660.jpg 126,26,271,305 466,190,76,95
F:\qicheceshi1201\1364789466_t@2680.jpg 75,32,294,318 427,207,72,92
F:\qicheceshi1201\1364789466_t@2700.jpg 13,4,317,340 400,193,72,96
F:\qicheceshi1201\1364789466_t@2720.jpg 2,1,277,362 371,194,74,98 449,207,61,62
F:\qicheceshi1201\1364789466_t@2740.jpg 4,2,287,369 455,192,69,73
F:\qicheceshi1201\1364789466_t@2760.jpg 3,1,284,354 455,197,77,73 534,212,33,37
F:\qicheceshi1201\1364789466_t@2780.jpg 420,200,75,76 504,217,37,37
F:\qicheceshi1201\1364789466_t@2800.jpg 399,204,76,70 493,217,39,37
F:\qicheceshi1201\1364789466_t@2820.jpg 395,203,79,73 504,215,33,36
F:\qicheceshi1201\1364789466_t@2840.jpg 364,195,79,75 477,211,40,38
F:\qicheceshi1201\1364789466_t@2860.jpg 472,220,42,38 340,206,86,75
F:\qicheceshi1201\1364789466_t@2880.jpg 475,219,42,43
F:\qicheceshi1201\1364789466_t@2900.jpg 216,177,111,134 466,211,48,45
F:\qicheceshi1201\1364789466_t@2920.jpg 203,176,123,133 477,205,48,50
F:\qicheceshi1201\1364789466_t@2940.jpg 191,172,131,148 479,210,48,51
F:\qicheceshi1201\1364789466_t@2960.jpg 172,167,146,164 470,208,54,54
F:\qicheceshi1201\1364789466_t@2980.jpg 159,173,152,175 468,213,60,58
F:\qicheceshi1201\1364789466_t@3000.jpg 122,164,175,193 468,212,61,59 376,205,54,42
F:\qicheceshi1201\1364789466_t@3020.jpg 91,155,186,211 458,213,63,63 369,206,55,42
F:\qicheceshi1201\1364789466_t@3040.jpg 78,144,199,224 376,202,53,41 455,208,70,70
F:\qicheceshi1201\1364789466_t@3060.jpg 93,150,195,223 390,203,53,43 466,209,73,77
F:\qicheceshi1201\1364789466_t@3080.jpg 105,148,183,212 458,209,79,78
F:\qicheceshi1201\1364789466_t@3100.jpg 156,164,169,189 471,214,84,85 412,205,52,40
F:\qicheceshi1201\1364789466_t@3120.jpg 207,175,147,171 478,218,85,85 425,210,46,38
F:\qicheceshi1201\1364789466_t@3140.jpg 239,173,134,158 481,214,95,92
F:\qicheceshi1201\1364789466_t@3160.jpg 281,174,120,143 502,216,95,94
F:\qicheceshi1201\1364789466_t@3180.jpg 314,186,101,123 518,220,98,97
F:\qicheceshi1201\1364789466_t@3200.jpg 350,186,90,113 530,220,105,104
F:\qicheceshi1201\1364789466_t@3220.jpg 373,199,86,98 545,228,109,109
F:\qicheceshi1201\1364789466_t@3240.jpg 393,195,79,94 556,227,127,113
F:\qicheceshi1201\1364789466_t@3260.jpg 427,198,71,86 598,224,137,136 916,162,88,95
F:\qicheceshi1201\1364789466_t@3280.jpg 113,3,316,339 675,222,157,155 602,188,80,90 975,157,86,97
F:\qicheceshi1201\1364789466_t@3300.jpg 190,4,284,339 626,189,81,95 754,226,194,192 1012,150,90,106
F:\qicheceshi1201\1364789466_t@3320.jpg 243,21,258,302 642,187,97,98 893,232,268,246
F:\qicheceshi1201\1364789466_t@3340.jpg 267,38,239,281 528,204,52,65 655,188,107,101
F:\qicheceshi1201\1364789466_t@3360.jpg 283,44,230,270 552,203,48,60 692,177,114,128
F:\qicheceshi1201\1364789466_t@3380.jpg 294,49,220,268 568,198,46,63 730,178,133,127
F:\qicheceshi1201\1364789466_t@3400.jpg 308,56,209,248 577,199,51,59 789,162,163,152
F:\qicheceshi1201\1364789466_t@3420.jpg 319,67,205,239 595,203,47,54 883,144,220,225
F:\qicheceshi1201\1364789466_t@3440.jpg 332,65,202,237 601,201,49,58
F:\qicheceshi1201\1364789466_t@3460.jpg 370,71,191,227 622,197,52,64
F:\qicheceshi1201\1364789466_t@3480.jpg 420,72,190,226 652,206,59,65
F:\qicheceshi1201\1364789466_t@3500.jpg 477,72,185,227 687,201,57,68
F:\qicheceshi1201\1364789466_t@3520.jpg 517,74,184,243 711,207,64,71
F:\qicheceshi1201\1364789466_t@3540.jpg 542,71,182,243 738,201,63,74
F:\qicheceshi1201\1364789466_t@3560.jpg 542,70,190,243 767,200,74,86
F:\qicheceshi1201\1364789466_t@3580.jpg 545,67,201,249 813,190,90,105
F:\qicheceshi1201\1364789466_t@3600.jpg 3,223,189,174 571,68,191,240 883,186,103,135
F:\qicheceshi1201\1364789466_t@3620.jpg 4,221,214,166 579,62,204,259 1021,174,120,161 859,219,87,75
F:\qicheceshi1201\1364789466_t@3640.jpg 6,217,218,164 579,46,227,275 934,215,116,101
F:\qicheceshi1201\1364789466_t@3660.jpg 39,213,210,153 597,30,229,305 1075,210,155,131
F:\qicheceshi1201\1364789466_t@3680.jpg 69,216,201,147 612,20,248,306
F:\qicheceshi1201\1364789466_t@3700.jpg 105,219,181,139 617,11,271,317
F:\qicheceshi1201\1364789466_t@3720.jpg 145,218,176,133 658,3,292,352
F:\qicheceshi1201\1364789466_t@3740.jpg 158,215,176,128 706,1,315,365 562,207,45,43
F:\qicheceshi1201\1364789466_t@3760.jpg 186,223,169,125 571,212,49,40 771,1,364,373
F:\qicheceshi1201\1364789466_t@3780.jpg 192,218,163,124 568,206,47,42 835,3,435,400
F:\qicheceshi1201\1364789466_t@3800.jpg 196,219,162,119 506,211,29,24 560,203,44,42
F:\qicheceshi1201\1364789466_t@3820.jpg 225,212,162,124 509,204,32,27 564,199,51,43
F:\qicheceshi1201\1364789466_t@3840.jpg 242,211,154,117 555,200,48,42 503,204,33,27
F:\qicheceshi1201\1364789466_t@3860.jpg 277,222,145,113 547,204,51,45
F:\qicheceshi1201\1364789466_t@3880.jpg 298,205,141,115 524,194,56,44
F:\qicheceshi1201\1364789466_t@3900.jpg 338,216,134,106 518,201,51,46 902,198,59,59
F:\qicheceshi1201\1364789466_t@3920.jpg 365,220,129,101 510,206,53,45 926,206,60,53
F:\qicheceshi1201\1364789466_t@3940.jpg 413,216,124,102 514,203,50,45 568,201,31,36 971,201,63,64
F:\qicheceshi1201\1364789466_t@3960.jpg 430,217,126,99 566,202,29,42 999,199,77,71 842,211,41,33
F:\qicheceshi1201\1364789466_t@3980.jpg 446,220,121,94 558,201,35,42 1044,196,85,84
F:\qicheceshi1201\1364789466_t@4000.jpg 474,214,112,95 1105,188,93,95
F:\qicheceshi1201\1364789466_t@4020.jpg 482,218,112,89 1173,195,104,95
F:\qicheceshi1201\1364789466_t@4040.jpg 500,220,105,80
F:\qicheceshi1201\1364789466_t@4060.jpg 500,216,110,90
F:\qicheceshi1201\1364789466_t@4080.jpg 492,233,104,85
F:\qicheceshi1201\1364789466_t@4100.jpg 480,226,109,83
F:\qicheceshi1201\1364789466_t@4120.jpg 476,228,108,85
F:\qicheceshi1201\1364789466_t@4140.jpg 475,224,109,85
F:\qicheceshi1201\1364789466_t@4160.jpg 3,210,228,205 501,221,107,90 596,206,51,65
F:\qicheceshi1201\1364789466_t@4180.jpg 1063,216,81,54 483,230,108,82 583,211,52,67 27,213,235,173
F:\qicheceshi1201\1364789466_t@4200.jpg 74,219,209,159 468,234,106,83 565,209,61,73 954,225,64,50
F:\qicheceshi1201\1364789466_t@4220.jpg 129,207,185,135 463,210,105,89 573,196,60,75 1063,210,78,51
F:\qicheceshi1201\1364789466_t@4240.jpg 163,215,157,115 440,222,113,87 568,204,64,81
F:\qicheceshi1201\1364789466_t@4260.jpg 197,227,133,100 440,231,103,87 573,212,69,82
F:\qicheceshi1201\1364789466_t@4280.jpg 233,221,124,93 444,225,104,84 587,205,75,90
F:\qicheceshi1201\1364789466_t@4300.jpg 260,216,108,82 439,220,106,85 597,194,79,98
F:\qicheceshi1201\1364789466_t@4320.jpg 283,224,99,78 444,231,112,85 617,195,86,108
F:\qicheceshi1201\1364789466_t@4340.jpg 307,219,98,72 452,224,112,87 643,189,93,115
F:\qicheceshi1201\1364789466_t@4360.jpg 316,209,84,68 450,214,121,98 668,175,109,141
F:\qicheceshi1201\1364789466_t@4380.jpg 308,207,84,61 435,211,125,100 688,169,125,164
F:\qicheceshi1201\1364789466_t@4400.jpg 327,217,81,61 448,223,132,103 745,168,155,197
F:\qicheceshi1201\1364789466_t@4420.jpg 339,215,77,56 446,221,142,112 814,153,198,242
F:\qicheceshi1201\1364789466_t@4440.jpg 359,215,73,53 460,221,143,111 964,126,268,343
F:\qicheceshi1201\1364789466_t@4460.jpg 492,227,151,112 391,215,72,53 893,131,148,167
F:\qicheceshi1201\1364789466_t@4480.jpg 14,210,291,213 537,219,148,112 419,213,64,47
F:\qicheceshi1201\1364789466_t@4500.jpg 210,220,205,146 599,230,155,124 451,218,69,56
F:\qicheceshi1201\1364789466_t@4520.jpg 311,212,170,135 624,221,177,148
F:\qicheceshi1201\1364789466_t@4540.jpg 402,211,150,126 708,219,192,160
F:\qicheceshi1201\1364789466_t@4560.jpg 449,212,130,108 780,218,222,178
F:\qicheceshi1201\1364789466_t@4580.jpg 472,208,121,98 864,222,268,221
F:\qicheceshi1201\1364789466_t@4600.jpg 501,214,113,92 992,234,285,293
F:\qicheceshi1201\1364789466_t@4620.jpg 541,206,107,91 483,208,62,53
F:\qicheceshi1201\1364789466_t@4640.jpg 481,212,71,60 574,208,114,94
F:\qicheceshi1201\1364789466_t@4660.jpg 466,213,79,62 602,215,108,83
F:\qicheceshi1201\1364789466_t@4680.jpg 449,212,81,63 617,211,102,89
F:\qicheceshi1201\1364789466_t@4700.jpg 451,219,82,65 646,217,98,87
F:\qicheceshi1201\1364789466_t@4720.jpg 390,213,84,70 603,210,101,88
F:\qicheceshi1201\1364789466_t@4740.jpg 341,212,93,76 582,211,96,88
F:\qicheceshi1201\1364789466_t@4760.jpg 307,218,101,80 579,218,104,86
F:\qicheceshi1201\1364789466_t@4780.jpg 274,215,112,86 590,215,104,90 384,210,55,52
F:\qicheceshi1201\1364789466_t@4800.jpg 223,211,128,98 367,205,64,55 597,214,112,94
F:\qicheceshi1201\1364789466_t@4820.jpg 175,218,150,104 367,207,65,62 634,219,117,99
F:\qicheceshi1201\1364789466_t@4840.jpg 114,219,172,125 689,210,129,111 368,209,63,59 513,191,42,49 576,213,51,49
F:\qicheceshi1201\1364789466_t@4860.jpg 22,210,205,146 355,203,64,61 512,182,39,54 590,210,50,48 750,205,147,128
F:\qicheceshi1201\1364789466_t@4880.jpg 361,211,71,60 526,188,40,55 621,219,51,46 859,215,175,146
F:\qicheceshi1201\1364789466_t@4900.jpg 357,209,75,61 526,187,43,54 649,221,60,51 1015,213,242,182
F:\qicheceshi1201\1364789466_t@4920.jpg 361,205,74,62 532,181,47,60 696,214,60,60
F:\qicheceshi1201\1364789466_t@4940.jpg 358,207,75,63 529,181,49,62 758,210,70,62
F:\qicheceshi1201\1364789466_t@4960.jpg 365,202,72,63 534,180,51,60 863,213,85,70
F:\qicheceshi1201\1364789466_t@4980.jpg 363,207,73,60 532,181,53,65 1000,204,97,87
F:\qicheceshi1201\1364789466_t@5000.jpg 369,207,68,63 533,183,58,69
F:\qicheceshi1201\1364789466_t@5020.jpg 364,208,64,62 531,184,58,67
F:\qicheceshi1201\1364789466_t@5040.jpg 365,208,69,56 542,177,56,71
F:\qicheceshi1201\1364789466_t@5060.jpg 359,207,71,63 543,179,61,72
F:\qicheceshi1201\1364789466_t@5080.jpg 354,209,74,63 540,178,62,69
F:\qicheceshi1201\1364789466_t@5100.jpg 348,206,73,67 538,183,66,65
F:\qicheceshi1201\1364789466_t@5120.jpg 347,214,76,63 541,179,66,76
F:\qicheceshi1201\1364789466_t@5140.jpg 343,206,70,66 540,174,67,81
F:\qicheceshi1201\1364789466_t@5160.jpg 334,206,81,69 541,174,73,81
F:\qicheceshi1201\1364789466_t@5180.jpg 321,209,87,73 540,175,71,85
F:\qicheceshi1201\1364789466_t@5200.jpg 312,206,93,77 541,172,79,90
F:\qicheceshi1201\1364789466_t@5220.jpg 303,201,99,84 550,163,83,93
F:\qicheceshi1201\1364789466_t@5240.jpg 290,205,109,91 556,164,85,95
F:\qicheceshi1201\1364789466_t@5260.jpg 288,212,111,95 564,171,91,99
F:\qicheceshi1201\1364789466_t@5280.jpg 270,196,119,102 573,153,92,109
F:\qicheceshi1201\1364789466_t@5300.jpg 251,199,131,116 575,159,97,106
F:\qicheceshi1201\1364789466_t@5320.jpg 221,198,154,127 584,153,100,112
F:\qicheceshi1201\1364789466_t@5340.jpg 171,187,176,147 573,145,109,123
F:\qicheceshi1201\1364789466_t@5360.jpg 136,191,206,169 600,148,111,131
F:\qicheceshi1201\1364789466_t@5380.jpg 9,170,266,211 569,140,119,127
F:\qicheceshi1201\1364789466_t@5400.jpg 466,215,48,47 580,137,115,138
F:\qicheceshi1201\1364789466_t@5420.jpg 456,217,48,46 567,136,128,145 795,214,52,41
F:\qicheceshi1201\1364789466_t@5440.jpg 309,216,66,53 440,216,53,50 562,129,134,152 830,215,57,51
F:\qicheceshi1201\1364789466_t@5460.jpg 313,218,68,51 442,211,62,53 565,127,141,153
F:\qicheceshi1201\1364789466_t@5480.jpg 306,211,72,56 440,215,60,53 566,125,150,163
F:\qicheceshi1201\1364789466_t@5500.jpg 317,219,69,55 450,218,65,58 581,119,157,170
F:\qicheceshi1201\1364789466_t@5520.jpg 314,211,65,62 443,209,70,61 582,113,164,182
F:\qicheceshi1201\1364789466_t@5540.jpg 322,206,72,60 446,206,75,66 602,105,163,190
F:\qicheceshi1201\1364789466_t@5560.jpg 318,211,77,64 442,209,80,68 612,106,171,190
F:\qicheceshi1201\1364789466_t@5580.jpg 318,206,80,62 436,207,82,73 608,100,180,207
F:\qicheceshi1201\1364789466_t@5600.jpg 331,207,76,63 437,208,89,73 624,93,185,211
F:\qicheceshi1201\1364789466_t@5620.jpg 339,211,77,61 428,212,95,83 626,94,195,218
F:\qicheceshi1201\1364789466_t@5640.jpg 420,210,103,88 634,85,197,222
F:\qicheceshi1201\1364789466_t@5660.jpg 417,212,109,94 635,72,206,245
F:\qicheceshi1201\1364789466_t@5680.jpg 367,219,116,104 583,77,224,256
F:\qicheceshi1201\1364789466_t@5700.jpg 233,224,64,49 293,226,126,108 520,78,216,261
F:\qicheceshi1201\1364789466_t@5720.jpg 227,220,143,117 451,68,249,267
F:\qicheceshi1201\1364789466_t@5740.jpg 179,220,160,132 432,63,258,289
F:\qicheceshi1201\1364789466_t@5760.jpg 116,210,186,149 400,39,267,308
F:\qicheceshi1201\1364789466_t@5780.jpg 76,215,201,160 394,44,270,301
F:\qicheceshi1201\1364789466_t@5800.jpg 53,221,217,171 406,47,272,308
F:\qicheceshi1201\1364789466_t@5820.jpg 18,211,234,181 400,43,271,306
F:\qicheceshi1201\1364789466_t@5840.jpg 2,213,238,191 404,53,265,286
F:\qicheceshi1201\1364789466_t@5860.jpg 2,215,215,195 415,68,247,286
F:\qicheceshi1201\1364789466_t@5880.jpg 4,209,196,195 430,54,234,282
F:\qicheceshi1201\1364789466_t@5900.jpg 4,221,199,210 436,68,234,267
F:\qicheceshi1201\1364789466_t@5920.jpg 6,209,178,221 427,74,232,259 248,220,65,47
F:\qicheceshi1201\1364789466_t@5940.jpg 250,217,62,46 422,64,226,259
F:\qicheceshi1201\1364789466_t@5960.jpg 268,219,58,48 419,69,232,263
F:\qicheceshi1201\1364789466_t@5980.jpg 279,224,56,48 425,82,223,252
F:\qicheceshi1201\1364789466_t@6000.jpg 187,200,114,93 430,78,215,248
F:\qicheceshi1201\1364789466_t@6020.jpg 258,203,95,79 430,79,214,243
F:\qicheceshi1201\1364789466_t@6040.jpg 3,215,188,190 289,205,83,71 422,94,193,229
F:\qicheceshi1201\1364789466_t@6060.jpg 1,216,213,176 322,207,70,66 420,105,185,206
F:\qicheceshi1201\1364789466_t@6080.jpg 22,216,201,157 335,213,64,55 421,116,167,191
F:\qicheceshi1201\1364789466_t@6100.jpg 82,225,173,137 370,222,54,50 440,135,154,174
F:\qicheceshi1201\1364789466_t@6120.jpg 118,213,158,130 374,216,52,43 445,135,139,161
F:\qicheceshi1201\1364789466_t@6140.jpg 167,223,145,114 400,219,46,41 460,144,124,149
F:\qicheceshi1201\1364789466_t@6160.jpg 207,206,129,107 470,132,125,144
F:\qicheceshi1201\1364789466_t@6180.jpg 240,214,108,96 468,147,112,129
F:\qicheceshi1201\1364789466_t@6200.jpg 270,219,108,90 479,156,102,122
F:\qicheceshi1201\1364789466_t@6220.jpg 1,219,132,105 286,220,97,81 473,157,93,116
F:\qicheceshi1201\1364789466_t@6240.jpg 100,214,115,87 308,223,91,74 479,162,91,113
F:\qicheceshi1201\1364789466_t@6260.jpg 170,216,83,69 311,219,87,69 474,163,85,102
F:\qicheceshi1201\1364789466_t@6280.jpg 217,212,80,62 325,213,81,70 480,164,83,99
F:\qicheceshi1201\1364789466_t@6300.jpg 237,211,64,49 315,213,77,64 468,165,76,94
F:\qicheceshi1201\1364789466_t@6320.jpg 279,211,57,45 339,213,70,63 482,162,74,89 1092,238,70,63
F:\qicheceshi1201\1364789466_t@6340.jpg 300,210,46,35 346,215,68,56 475,162,77,91
F:\qicheceshi1201\1364789466_t@6360.jpg 310,201,44,37 349,209,61,54 474,156,71,94 1030,222,71,58
F:\qicheceshi1201\1364789466_t@6380.jpg 351,205,63,54 472,156,69,87
F:\qicheceshi1201\1364789466_t@6400.jpg 363,205,60,49 475,160,68,81 853,195,86,87
F:\qicheceshi1201\1364789466_t@6420.jpg 364,205,61,51 472,158,67,83 847,191,85,88
F:\qicheceshi1201\1364789466_t@6440.jpg 369,201,61,49 470,154,64,83 842,182,88,84
F:\qicheceshi1201\1364789466_t@6460.jpg 380,209,52,47 479,168,57,72 848,193,76,77
F:\qicheceshi1201\1364789466_t@6480.jpg 374,204,53,48 470,159,62,78 836,178,79,86
F:\qicheceshi1201\1364789466_t@6500.jpg 473,158,61,77 378,200,56,47 835,179,88,94
F:\qicheceshi1201\1364789466_t@6520.jpg 382,202,54,47 480,163,59,73 853,181,78,89
F:\qicheceshi1201\1364789466_t@6540.jpg 385,200,48,46 482,165,55,69 861,180,87,90
F:\qicheceshi1201\1364789466_t@6560.jpg 389,204,55,49 485,171,51,68 888,179,83,96
F:\qicheceshi1201\1364789466_t@6580.jpg 391,214,52,44 483,180,58,69 900,185,97,101
F:\qicheceshi1201\1364789466_t@6600.jpg 400,212,51,46 494,178,51,68 929,187,104,105
F:\qicheceshi1201\1364789466_t@6620.jpg 398,213,50,50 489,181,51,72 960,186,109,105
F:\qicheceshi1201\1364789466_t@6640.jpg 5,224,244,203 392,217,52,43 485,183,50,64 1000,185,110,115
F:\qicheceshi1201\1364789466_t@6660.jpg 40,224,241,173 388,217,51,48 479,185,52,68 1053,181,120,141
F:\qicheceshi1201\1364789466_t@6680.jpg 107,223,218,162 393,220,50,43 485,189,53,63 1148,186,128,134
F:\qicheceshi1201\1364789466_t@6700.jpg 99,215,214,158 357,213,53,46 455,175,55,67
F:\qicheceshi1201\1364789466_t@6720.jpg 132,206,199,149 361,213,48,44 463,174,53,71
F:\qicheceshi1201\1364789466_t@6740.jpg 156,224,189,139 361,217,55,49 467,184,55,70
F:\qicheceshi1201\1364789466_t@6760.jpg 170,222,185,133 356,214,55,51 463,182,61,74
F:\qicheceshi1201\1364789466_t@6780.jpg 210,225,168,122 470,187,56,64
F:\qicheceshi1201\1364789466_t@6800.jpg 242,221,170,125 470,187,54,69
F:\qicheceshi1201\1364789466_t@6820.jpg 283,216,155,126 473,189,56,68
F:\qicheceshi1201\1364789466_t@6840.jpg 316,218,150,118 466,192,58,72
F:\qicheceshi1201\1364789466_t@6860.jpg 356,223,134,113 471,195,50,74
F:\qicheceshi1201\1364789466_t@6880.jpg 394,220,129,112 335,229,67,48 477,198,51,66
F:\qicheceshi1201\1364789466_t@6900.jpg 342,237,63,44 422,228,117,99
F:\qicheceshi1201\1364789466_t@6920.jpg 343,230,63,52 436,229,109,94
F:\qicheceshi1201\1364789466_t@6940.jpg 0,219,119,97 338,224,58,56 436,225,104,95 583,227,37,27
F:\qicheceshi1201\1364789466_t@6960.jpg 72,228,90,76 334,226,63,56 438,229,101,85
F:\qicheceshi1201\1364789466_t@6980.jpg 326,219,65,54 424,227,99,86 578,218,36,32 748,218,47,36
F:\qicheceshi1201\1364789466_t@7000.jpg 332,211,63,58 419,220,105,82 566,214,41,26 739,215,53,44 2,220,182,215
F:\qicheceshi1201\1364789466_t@7020.jpg 5,210,202,208 336,211,68,57 417,216,99,89 562,214,40,35 751,213,53,51
F:\qicheceshi1201\1364789466_t@7040.jpg 10,215,235,198 332,211,60,56 404,217,97,90 738,218,66,55 853,193,51,66 539,217,35,35
F:\qicheceshi1201\1364789466_t@7060.jpg 4,211,269,196 410,216,105,96 337,216,65,50 761,215,65,65 948,193,59,74
F:\qicheceshi1201\1364789466_t@7080.jpg 20,218,277,206 408,215,111,97 339,215,64,53 754,212,84,71 1074,176,82,94
F:\qicheceshi1201\1364789466_t@7100.jpg 3,208,0,0 300,425,0,0 388,208,0,0 303,420,0,0 6,202,298,223 388,205,116,107 742,206,91,80
F:\qicheceshi1201\1364789466_t@7120.jpg 51,219,306,236 407,226,111,97 754,225,103,85
F:\qicheceshi1201\1364789466_t@7140.jpg 104,229,302,224 413,225,117,98 757,234,110,88
F:\qicheceshi1201\1364789466_t@7160.jpg 171,207,289,225 441,210,104,99 774,209,124,105
F:\qicheceshi1201\1364789466_t@7180.jpg 191,213,292,224 778,215,135,116
F:\qicheceshi1201\1364789466_t@7200.jpg 203,213,290,225 781,217,157,136
F:\qicheceshi1201\1364789466_t@7220.jpg 223,214,284,224 814,217,183,154
F:\qicheceshi1201\1364789466_t@7240.jpg 224,218,299,229 854,213,233,196
F:\qicheceshi1201\1364789466_t@7260.jpg 5,215,188,186 251,212,295,236 948,220,318,238
F:\qicheceshi1201\1364789466_t@7280.jpg 163,212,167,128 339,212,277,229 579,182,49,50
F:\qicheceshi1201\1364789466_t@7300.jpg 292,210,134,108 449,221,271,221 734,183,40,47
F:\qicheceshi1201\1364789466_t@7320.jpg 360,219,108,83 538,222,262,211 738,184,54,54
F:\qicheceshi1201\1364789466_t@7340.jpg 387,217,91,77 499,219,102,89 613,223,232,199
F:\qicheceshi1201\1364789466_t@7360.jpg 489,213,102,90 658,212,206,185 592,172,48,59 385,204,41,40
F:\qicheceshi1201\1364789466_t@7380.jpg 384,215,43,37 430,220,57,48 505,222,117,97 712,224,185,163 597,179,50,60
F:\qicheceshi1201\1364789466_t@7400.jpg 411,214,45,42 469,218,65,50 584,219,118,105 557,208,39,33 753,175,53,61 827,221,172,143
F:\qicheceshi1201\1364789466_t@7420.jpg 403,220,57,43 504,222,65,58 593,213,44,36 680,240,121,103 947,232,156,126 790,180,61,65
F:\qicheceshi1201\1364789466_t@7440.jpg 297,213,57,46 469,215,68,64 566,208,43,41 709,226,143,128 941,232,148,116
F:\qicheceshi1201\1364789466_t@7460.jpg 454,207,78,68 563,197,54,42 684,205,62,49 766,217,165,137 953,214,131,111
F:\qicheceshi1201\1364789466_t@7480.jpg 404,210,91,76 548,201,49,49 665,208,68,59 798,217,211,173
F:\qicheceshi1201\1364789466_t@7500.jpg 364,201,105,90 549,193,63,50 670,199,73,61 767,142,84,100 901,219,293,220
F:\qicheceshi1201\1364789466_t@7520.jpg 328,202,130,106 575,194,74,55 658,140,76,85 706,197,66,61 807,134,105,118
F:\qicheceshi1201\1364789466_t@7540.jpg 927,205,186,135 734,197,79,72 613,200,73,58 535,185,72,57 300,202,166,135
F:\qicheceshi1201\1364789466_t@7560.jpg 278,201,195,161 542,179,77,67 641,196,88,63 782,195,76,59 934,204,190,141
F:\qicheceshi1201\1364789466_t@7580.jpg 262,201,226,185 546,184,75,71 663,199,88,68 802,196,90,71 945,206,195,155
F:\qicheceshi1201\1364789466_t@7600.jpg 291,210,253,213 554,190,84,79 688,203,94,79 836,205,91,75 976,211,234,177
F:\qicheceshi1201\1364789466_t@7620.jpg 316,202,271,230 712,204,104,85 858,205,95,69 1043,205,232,208
F:\qicheceshi1201\1364789466_t@7640.jpg 356,209,286,238 721,208,133,101 875,206,97,84
F:\qicheceshi1201\1364789466_t@7660.jpg 373,199,274,244 730,205,140,122 858,207,88,78
F:\qicheceshi1201\1364789466_t@7680.jpg 396,214,245,216 751,216,158,122
F:\qicheceshi1201\1364789466_t@7700.jpg 416,224,220,195 653,143,119,139 785,223,165,135
F:\qicheceshi1201\1364789466_t@7720.jpg 413,211,211,184 649,136,124,133 799,208,188,146
F:\qicheceshi1201\1364789466_t@7740.jpg 402,223,199,176 627,143,133,138 830,224,195,148
F:\qicheceshi1201\1364789466_t@7760.jpg 405,204,197,168 627,120,134,142 876,207,222,161
F:\qicheceshi1201\1364789466_t@7780.jpg 408,202,202,180 618,115,140,162 931,217,244,175
F:\qicheceshi1201\1364789466_t@7800.jpg 384,219,196,180 581,128,138,164 727,224,66,66 984,224,269,210
F:\qicheceshi1201\1364789466_t@7820.jpg 269,204,75,57 351,212,195,176 534,113,146,174 686,216,76,67 1039,214,235,224
F:\qicheceshi1201\1364789466_t@7840.jpg 231,209,66,61 304,215,209,185 485,118,148,176 653,221,95,67
F:\qicheceshi1201\1364789466_t@7860.jpg 205,223,72,55 278,228,220,190 442,122,151,175 667,227,83,74
F:\qicheceshi1201\1364789466_t@7880.jpg 182,226,71,50 248,228,236,197 390,123,158,169 673,224,92,88
F:\qicheceshi1201\1364789466_t@7900.jpg 180,212,69,51 242,217,245,209 357,108,163,174 683,205,107,95 716,129,123,139
F:\qicheceshi1201\1364789466_t@7920.jpg 214,207,66,55 258,208,264,215 364,105,164,159 726,206,124,103 803,109,133,157
F:\qicheceshi1201\1364789466_t@7940.jpg 251,215,67,54 298,218,256,224 571,204,83,87 782,217,134,102 900,112,152,179
F:\qicheceshi1201\1364789466_t@7960.jpg 269,217,59,46 298,220,274,234 583,204,93,91 804,215,157,124 970,95,172,205
F:\qicheceshi1201\1364789466_t@7980.jpg 312,218,52,56 335,225,273,232 622,207,99,91 858,221,177,131 1061,75,214,234
F:\qicheceshi1201\1364789466_t@8000.jpg 352,220,43,36 426,212,287,257 707,196,98,106 1004,207,182,155
F:\qicheceshi1201\1364789466_t@8020.jpg 583,210,308,283 443,219,44,34 539,142,134,142
F:\qicheceshi1201\1364789466_t@8040.jpg 510,223,46,43 608,147,133,139 776,228,374,299
F:\qicheceshi1201\1364789466_t@8060.jpg 493,212,51,33 595,126,144,135
F:\qicheceshi1201\1364789466_t@8080.jpg 614,135,137,139 776,212,66,60 505,219,44,38
F:\qicheceshi1201\1364789466_t@8100.jpg 515,222,44,37 630,141,138,140 807,219,57,55
F:\qicheceshi1201\1364789466_t@8120.jpg 503,221,46,38 625,132,134,145 790,216,72,63
F:\qicheceshi1201\1364789466_t@8140.jpg 1022,218,132,112 808,220,69,67 626,128,150,161 496,226,50,39
F:\qicheceshi1201\1364789466_t@8160.jpg 470,215,51,46 610,111,162,180 800,215,76,70 1080,214,151,122
F:\qicheceshi1201\1364789466_t@8180.jpg 441,220,59,45 612,106,183,192 809,220,88,76
F:\qicheceshi1201\1364789466_t@8200.jpg 416,220,60,44 625,90,226,226 858,218,94,90 963,214,91,85
F:\qicheceshi1201\1364789466_t@8220.jpg 656,48,258,287 1045,200,115,107
F:\qicheceshi1201\1364789466_t@8240.jpg 354,165,65,76 689,9,333,345
F:\qicheceshi1201\1364789466_t@8260.jpg 353,153,69,83 533,190,78,74 758,2,418,382
F:\qicheceshi1201\1364789466_t@8280.jpg 338,151,81,94 501,194,87,77
F:\qicheceshi1201\1364789466_t@8300.jpg 436,210,82,87
F:\qicheceshi1201\1364789466_t@8320.jpg 322,206,94,93
F:\qicheceshi1201\1364789466_t@8340.jpg 228,202,103,98 344,132,103,131
F:\qicheceshi1201\1364789466_t@8360.jpg 184,199,103,98 418,118,119,160
F:\qicheceshi1201\1364789466_t@8380.jpg 188,212,120,96 540,104,150,188
F:\qicheceshi1201\1364789466_t@8400.jpg 36,211,100,73 227,191,125,108 720,48,188,236
F:\qicheceshi1201\1364789466_t@8420.jpg 118,208,102,76 296,197,138,108
F:\qicheceshi1201\1364789466_t@8440.jpg 171,212,112,82 359,197,147,122
F:\qicheceshi1201\1364789466_t@8460.jpg 232,202,124,87 444,184,147,133
F:\qicheceshi1201\1364789466_t@8480.jpg 266,198,123,106 493,183,161,142
F:\qicheceshi1201\1364789466_t@8500.jpg 315,199,153,114 555,185,170,154
F:\qicheceshi1201\1364789466_t@8520.jpg 370,215,166,121 614,195,193,166
F:\qicheceshi1201\1364789466_t@8540.jpg 386,225,172,126 631,202,212,182
F:\qicheceshi1201\1364789466_t@8560.jpg 452,223,167,123 693,195,228,189
F:\qicheceshi1201\1364789466_t@8580.jpg 511,226,156,117 739,199,234,203
F:\qicheceshi1201\1364789466_t@8600.jpg 576,227,145,109 783,190,261,226
F:\qicheceshi1201\1364789466_t@8620.jpg 633,220,132,105 847,181,263,240
F:\qicheceshi1201\1364789466_t@8640.jpg 667,231,129,102 876,198,297,255
F:\qicheceshi1201\1364789466_t@8660.jpg 657,212,116,94 878,175,299,256
F:\qicheceshi1201\1364789466_t@8680.jpg 620,218,113,88 826,178,274,256
F:\qicheceshi1201\1364789466_t@8700.jpg 584,222,105,82 754,181,264,232
F:\qicheceshi1201\1364789466_t@8720.jpg 544,230,95,81 698,188,241,219
F:\qicheceshi1201\1364789466_t@8740.jpg 415,229,54,50 475,222,107,83 626,184,234,219
F:\qicheceshi1201\1364789466_t@8760.jpg 422,229,105,80 572,190,239,220
F:\qicheceshi1201\1364789466_t@8780.jpg 335,213,117,86 506,174,240,216
F:\qicheceshi1201\1364789466_t@8800.jpg 245,221,119,90 439,175,242,224
F:\qicheceshi1201\1364789466_t@8820.jpg 143,229,132,91 364,181,259,233
F:\qicheceshi1201\1364789466_t@8840.jpg 40,228,132,95 274,177,270,240
F:\qicheceshi1201\1364789466_t@8860.jpg 184,194,282,232
F:\qicheceshi1201\1364789466_t@8880.jpg 135,181,276,227 1042,204,116,146
F:\qicheceshi1201\1364789466_t@8900.jpg 83,181,259,214
F:\qicheceshi1201\1364789466_t@8920.jpg 58,168,245,200
F:\qicheceshi1201\1364789466_t@8940.jpg 82,193,219,188
F:\qicheceshi1201\1364789466_t@8960.jpg 107,195,196,168
F:\qicheceshi1201\1364789466_t@8980.jpg 122,189,182,168 326,215,95,76 5,213,54,46
F:\qicheceshi1201\1364789466_t@9000.jpg 152,193,168,153 368,215,81,68 980,215,295,372
F:\qicheceshi1201\1364789466_t@9000.jpg 142,191,177,158 364,213,92,75 1010,228,263,325
