D:\2014-12-1车尾\1363764871_t@600.jpg 80,307,195,156
D:\2014-12-1车尾\1363764871_t@620.jpg 200,315,143,113
D:\2014-12-1车尾\1363764871_t@640.jpg 263,317,112,92
D:\2014-12-1车尾\1363764871_t@660.jpg 303,321,90,75
D:\2014-12-1车尾\1363764871_t@680.jpg 329,319,78,66
D:\2014-12-1车尾\1363764871_t@700.jpg 352,310,73,61
D:\2014-12-1车尾\1363764871_t@720.jpg 371,312,65,56
D:\2014-12-1车尾\1363764871_t@740.jpg 397,306,63,55
D:\2014-12-1车尾\1363764871_t@760.jpg 402,309,58,50
D:\2014-12-1车尾\1363764871_t@780.jpg 411,304,60,50
D:\2014-12-1车尾\1363764871_t@800.jpg 408,303,61,52
D:\2014-12-1车尾\1363764871_t@820.jpg 404,307,65,55
D:\2014-12-1车尾\1363764871_t@840.jpg 4,310,260,237
D:\2014-12-1车尾\1363764871_t@860.jpg 52,305,307,231
D:\2014-12-1车尾\1363764871_t@880.jpg 175,297,279,232
D:\2014-12-1车尾\1363764871_t@900.jpg 252,293,278,226
D:\2014-12-1车尾\1363764871_t@920.jpg 266,297,290,235
D:\2014-12-1车尾\1363764871_t@940.jpg 251,302,330,254
D:\2014-12-1车尾\1363764871_t@980.jpg 145,295,502,385
D:\2014-12-1车尾\1363764871_t@1000.jpg 83,299,600,419
D:\2014-12-1车尾\1363764871_t@1020.jpg 33,303,676,413
D:\2014-12-1车尾\1363764871_t@1040.jpg 13,298,706,419
D:\2014-12-1车尾\1363764871_t@1400.jpg 25,299,691,419
D:\2014-12-1车尾\1363764871_t@1420.jpg 60,302,635,414
D:\2014-12-1车尾\1363764871_t@1440.jpg 137,304,518,398
D:\2014-12-1车尾\1363764871_t@1460.jpg 220,307,397,311
D:\2014-12-1车尾\1363764871_t@1480.jpg 261,307,333,259
D:\2014-12-1车尾\1363764871_t@1500.jpg 285,313,300,244
D:\2014-12-1车尾\1363764871_t@1520.jpg 302,313,291,221
D:\2014-12-1车尾\1363764871_t@1540.jpg 311,310,293,224
D:\2014-12-1车尾\1363764871_t@1560.jpg 320,305,302,232
D:\2014-12-1车尾\1363764871_t@1580.jpg 335,307,304,237
D:\2014-12-1车尾\1363764871_t@1600.jpg 330,310,315,240
D:\2014-12-1车尾\1363764871_t@1620.jpg 302,307,348,266
D:\2014-12-1车尾\1363764871_t@1640.jpg 278,307,374,292
D:\2014-12-1车尾\1363764871_t@1660.jpg 241,311,404,312
D:\2014-12-1车尾\1363764871_t@1680.jpg 192,310,447,331
D:\2014-12-1车尾\1363764871_t@1700.jpg 138,298,517,372
D:\2014-12-1车尾\1363764871_t@1720.jpg 94,298,590,417
D:\2014-12-1车尾\1363764871_t@1740.jpg 90,309,599,408
D:\2014-12-1车尾\1363764871_t@1760.jpg 58,300,605,417
D:\2014-12-1车尾\1363764871_t@1780.jpg 5,301,523,418
D:\2014-12-1车尾\1363764871_t@1800.jpg 359,283,64,76
D:\2014-12-1车尾\1363764871_t@1820.jpg 95,289,75,84
D:\2014-12-1车尾\1363764871_t@2340.jpg 581,300,41,49
D:\2014-12-1车尾\1363764871_t@2360.jpg 600,301,44,54
D:\2014-12-1车尾\1363764871_t@2380.jpg 645,295,49,60 516,310,30,29
D:\2014-12-1车尾\1363764871_t@2400.jpg 694,289,60,77 531,311,37,35
D:\2014-12-1车尾\1363764871_t@2420.jpg 475,309,37,31 542,308,43,42 763,282,79,96
D:\2014-12-1车尾\1363764871_t@2440.jpg 902,276,114,139 557,315,51,47 478,315,38,31
D:\2014-12-1车尾\1363764871_t@2460.jpg 572,301,66,56 478,300,42,40
D:\2014-12-1车尾\1363764871_t@2480.jpg 594,304,79,74 469,302,47,43
D:\2014-12-1车尾\1363764871_t@2500.jpg 636,310,103,99 473,303,50,49
D:\2014-12-1车尾\1363764871_t@2520.jpg 695,310,144,132 479,306,56,47 626,288,73,97
D:\2014-12-1车尾\1363764871_t@2540.jpg 669,272,98,120 814,301,208,194 499,300,56,47
D:\2014-12-1车尾\1363764871_t@2560.jpg 511,298,64,53 716,272,112,148
D:\2014-12-1车尾\1363764871_t@2580.jpg 750,262,152,187 516,302,68,59 606,305,87,71
D:\2014-12-1车尾\1363764871_t@2600.jpg 511,296,69,58 593,303,89,74 799,248,190,235
D:\2014-12-1车尾\1363764871_t@2620.jpg 855,234,242,304 575,310,93,81 506,306,65,60
D:\2014-12-1车尾\1363764871_t@2640.jpg 539,305,100,85 904,205,334,397
D:\2014-12-1车尾\1363764871_t@2660.jpg 489,296,110,89 947,171,331,501
D:\2014-12-1车尾\1363764871_t@2680.jpg 869,169,410,545 460,302,105,90
D:\2014-12-1车尾\1363764871_t@2700.jpg 424,304,104,88 696,167,438,541
D:\2014-12-1车尾\1363764871_t@2720.jpg 533,188,386,478
D:\2014-12-1车尾\1363764871_t@2740.jpg 416,202,341,425
D:\2014-12-1车尾\1363764871_t@2760.jpg 321,224,312,374
D:\2014-12-1车尾\1363764871_t@2780.jpg 260,226,301,350
D:\2014-12-1车尾\1363764871_t@2800.jpg 230,215,312,352
D:\2014-12-1车尾\1363764871_t@2820.jpg 245,218,314,361
D:\2014-12-1车尾\1363764871_t@2840.jpg 287,212,315,372
D:\2014-12-1车尾\1363764871_t@2860.jpg 306,210,326,384 677,299,89,85
D:\2014-12-1车尾\1363764871_t@2880.jpg 326,206,339,397 818,299,91,92
D:\2014-12-1车尾\1363764871_t@2900.jpg 361,192,358,422 988,294,102,98
D:\2014-12-1车尾\1363764871_t@2920.jpg 420,188,381,450
D:\2014-12-1车尾\1363764871_t@2940.jpg 495,182,413,478
D:\2014-12-1车尾\1363764871_t@2960.jpg 584,188,422,489
D:\2014-12-1车尾\1363764871_t@2980.jpg 716,189,427,503
D:\2014-12-1车尾\1363764871_t@3000.jpg 850,195,426,478
D:\2014-12-1车尾\1363764871_t@3040.jpg 992,304,102,137
D:\2014-12-1车尾\1363764871_t@3100.jpg 1049,244,227,319
D:\2014-12-1车尾\1363764871_t@3120.jpg 816,259,241,288 965,222,166,198 39,311,224,211
D:\2014-12-1车尾\1363764871_t@3140.jpg 626,249,229,280 127,314,200,170
D:\2014-12-1车尾\1363764871_t@3160.jpg 213,312,175,144 577,244,236,289
D:\2014-12-1车尾\1363764871_t@3180.jpg 295,310,162,126 593,238,245,300 900,312,66,55
D:\2014-12-1车尾\1363764871_t@3200.jpg 350,309,149,120 629,230,270,323 909,307,74,58
D:\2014-12-1车尾\1363764871_t@3220.jpg 431,316,138,112 742,229,296,353
D:\2014-12-1车尾\1363764871_t@3240.jpg 130,305,392,338 941,218,337,396
D:\2014-12-1车尾\1363764871_t@3260.jpg 300,297,397,322 826,227,130,154 670,307,78,72
D:\2014-12-1车尾\1363764871_t@3280.jpg 361,299,369,301 775,225,131,150
D:\2014-12-1车尾\1363764871_t@3300.jpg 400,297,346,287 765,223,118,152
D:\2014-12-1车尾\1363764871_t@3320.jpg 452,290,353,301 775,218,121,146
D:\2014-12-1车尾\1363764871_t@3340.jpg 479,291,380,322 761,222,124,143
D:\2014-12-1车尾\1363764871_t@3360.jpg 443,303,152,136 543,294,381,320
D:\2014-12-1车尾\1363764871_t@3380.jpg 434,306,176,144 657,299,373,308
D:\2014-12-1车尾\1363764871_t@3400.jpg 418,311,188,152 742,305,363,290 580,311,55,52
D:\2014-12-1车尾\1363764871_t@3420.jpg 392,302,205,168 808,294,313,267
D:\2014-12-1车尾\1363764871_t@3440.jpg 375,298,226,182 811,294,263,226
D:\2014-12-1车尾\1363764871_t@3460.jpg 360,301,244,196 784,296,199,176
D:\2014-12-1车尾\1363764871_t@3480.jpg 344,308,262,205 742,302,154,139
D:\2014-12-1车尾\1363764871_t@3500.jpg 340,302,273,221 707,298,126,113
D:\2014-12-1车尾\1363764871_t@3520.jpg 343,309,284,226 683,301,100,93 730,241,88,115
D:\2014-12-1车尾\1363764871_t@3540.jpg 347,304,290,232 656,299,83,75 738,239,82,113
D:\2014-12-1车尾\1363764871_t@3560.jpg 346,306,295,233 638,298,66,62 738,239,87,109 205,292,54,44
D:\2014-12-1车尾\1363764871_t@3580.jpg 332,305,301,241 610,295,60,52 737,240,86,107
D:\2014-12-1车尾\1363764871_t@3600.jpg 277,305,329,259 730,239,87,108 585,294,54,46
D:\2014-12-1车尾\1363764871_t@3620.jpg 214,307,353,274 584,295,43,38 748,240,87,107
D:\2014-12-1车尾\1363764871_t@3640.jpg 136,303,388,289 599,290,40,38 782,234,89,115
D:\2014-12-1车尾\1363764871_t@3660.jpg 26,275,103,95 53,294,425,330 838,227,94,113 1106,290,170,161 633,285,37,33
D:\2014-12-1车尾\1363764871_t@3680.jpg 45,291,431,330 1003,299,130,104 934,227,98,119
D:\2014-12-1车尾\1363764871_t@3700.jpg 114,292,396,304 1005,292,106,88 1070,223,98,125
D:\2014-12-1车尾\1363764871_t@3720.jpg 122,312,94,87 232,303,343,269 1054,293,89,70
D:\2014-12-1车尾\1363764871_t@3740.jpg 141,307,69,78 350,304,308,236 612,304,103,87 1116,284,77,58
D:\2014-12-1车尾\1363764871_t@3760.jpg 19,337,96,99 432,308,280,215 684,306,107,82 1141,285,72,52 329,310,54,66
D:\2014-12-1车尾\1363764871_t@3780.jpg 60,344,77,71 238,336,74,73 462,318,271,212 706,316,97,79 404,314,46,55
D:\2014-12-1车尾\1363764871_t@3800.jpg 2,327,88,95 288,318,66,58 417,320,273,211 657,314,90,79
D:\2014-12-1车尾\1363764871_t@3820.jpg 360,313,275,215 602,310,90,78 106,310,81,73 300,307,57,49
D:\2014-12-1车尾\1363764871_t@3840.jpg 352,312,279,211 596,307,77,75 205,305,71,62
D:\2014-12-1车尾\1363764871_t@3860.jpg 357,308,271,213 59,304,178,137
D:\2014-12-1车尾\1363764871_t@3880.jpg 354,308,265,210 142,306,156,119 25,308,111,101
D:\2014-12-1车尾\1363764871_t@3900.jpg 317,311,272,215 175,306,133,115 52,300,72,68
D:\2014-12-1车尾\1363764871_t@3920.jpg 252,320,281,217 498,316,93,82 605,309,80,70 128,304,67,58
D:\2014-12-1车尾\1363764871_t@3940.jpg 109,311,314,234 467,313,97,84 608,303,81,73
D:\2014-12-1车尾\1363764871_t@3960.jpg 3,319,303,264 459,313,100,89 624,303,80,76
D:\2014-12-1车尾\1363764871_t@3980.jpg 158,303,175,141 446,306,102,86 621,294,84,76
D:\2014-12-1车尾\1363764871_t@4000.jpg 88,285,96,84 153,303,185,159 447,304,100,86 621,291,82,76 557,288,52,55
D:\2014-12-1车尾\1363764871_t@4020.jpg 178,284,80,74 212,299,215,172 479,301,97,81 647,288,78,75
D:\2014-12-1车尾\1363764871_t@4040.jpg 49,305,126,102 310,306,216,186 526,310,83,78 670,298,81,74
D:\2014-12-1车尾\1363764871_t@4060.jpg 28,302,78,67 176,304,96,79 293,297,59,59 376,309,228,186 666,298,81,72
D:\2014-12-1车尾\1363764871_t@4080.jpg 84,308,69,56 240,308,83,68 423,311,243,202 658,301,78,74
D:\2014-12-1车尾\1363764871_t@4100.jpg 117,304,59,49 273,304,73,58 459,302,256,218
D:\2014-12-1车尾\1363764871_t@4120.jpg 161,307,50,44 311,303,66,55 517,301,275,239
D:\2014-12-1车尾\1363764871_t@4140.jpg 225,308,44,40 364,306,59,46 516,306,68,57 614,299,307,265
D:\2014-12-1车尾\1363764871_t@4160.jpg 53,317,123,96 756,306,367,312 553,310,64,58 427,312,52,43 294,315,42,37
D:\2014-12-1车尾\1363764871_t@4180.jpg 596,308,60,51 814,294,86,78 483,310,46,37
D:\2014-12-1车尾\1363764871_t@4200.jpg 3,314,352,272 610,309,56,50 870,298,84,79 988,306,40,37 1135,289,56,58 504,308,42,37
D:\2014-12-1车尾\1363764871_t@4220.jpg 102,319,316,231 43,291,86,105 501,313,39,36 603,313,55,47 914,300,82,82 1128,289,54,60
D:\2014-12-1车尾\1363764871_t@4240.jpg 116,287,74,93 185,315,276,207 959,303,86,87 1127,293,53,59 600,315,53,46
D:\2014-12-1车尾\1363764871_t@4260.jpg 150,294,71,81 218,314,254,194 998,303,93,86 1111,294,55,58
D:\2014-12-1车尾\1363764871_t@4280.jpg 210,320,243,185 564,322,49,45
D:\2014-12-1车尾\1363764871_t@4300.jpg 26,314,144,121 182,319,235,185 535,316,49,43
D:\2014-12-1车尾\1363764871_t@4320.jpg 111,297,257,193 499,297,51,44
D:\2014-12-1车尾\1363764871_t@4340.jpg 7,307,283,206 472,311,50,45
D:\2014-12-1车尾\1363764871_t@4360.jpg 447,318,51,45 237,317,55,41
D:\2014-12-1车尾\1363764871_t@4380.jpg 137,318,101,88 442,320,56,45
D:\2014-12-1车尾\1363764871_t@4400.jpg 157,314,102,84 448,314,57,49 116,300,50,60
D:\2014-12-1车尾\1363764871_t@4420.jpg 120,292,53,61 174,306,102,88 449,309,61,50
D:\2014-12-1车尾\1363764871_t@4440.jpg 117,294,53,61 183,309,101,85 451,312,64,53
D:\2014-12-1车尾\1363764871_t@4460.jpg 114,298,54,63 185,312,108,88 454,314,68,60
D:\2014-12-1车尾\1363764871_t@4480.jpg 103,289,58,65 187,303,106,93 452,306,78,66
D:\2014-12-1车尾\1363764871_t@4500.jpg 100,294,58,69 191,308,117,98 462,312,86,73
D:\2014-12-1车尾\1363764871_t@4520.jpg 103,295,59,72 211,312,116,98 481,313,99,83
D:\2014-12-1车尾\1363764871_t@4540.jpg 518,309,116,102 239,309,122,104 117,291,60,74
D:\2014-12-1车尾\1363764871_t@4560.jpg 114,283,63,82 260,301,129,115 557,303,144,127
D:\2014-12-1车尾\1363764871_t@4580.jpg 101,280,71,84 277,299,136,122 602,306,181,154
D:\2014-12-1车尾\1363764871_t@4600.jpg 97,282,69,88 310,302,145,126 675,306,244,202
D:\2014-12-1车尾\1363764871_t@4620.jpg 116,274,72,94 315,301,70,58 374,297,144,131 841,304,343,282
D:\2014-12-1车尾\1363764871_t@4640.jpg 122,286,77,95 329,309,71,60 427,307,147,135
D:\2014-12-1车尾\1363764871_t@4660.jpg 454,308,156,146 318,307,77,63 103,281,78,101
D:\2014-12-1车尾\1363764871_t@4680.jpg 65,266,87,103 298,296,84,65 466,295,166,153
D:\2014-12-1车尾\1363764871_t@4700.jpg 49,278,89,111 292,304,91,72 485,301,176,169
D:\2014-12-1车尾\1363764871_t@4720.jpg 1,268,97,125 268,302,96,75 481,298,192,181
D:\2014-12-1车尾\1363764871_t@4740.jpg 479,298,204,187 252,299,94,76
D:\2014-12-1车尾\1363764871_t@4760.jpg 260,301,98,77 510,296,216,200 437,301,41,36
D:\2014-12-1车尾\1363764871_t@4780.jpg 284,300,104,77 557,301,226,206
D:\2014-12-1车尾\1363764871_t@4800.jpg 296,298,94,78 602,297,224,205
D:\2014-12-1车尾\1363764871_t@4820.jpg 288,304,102,83 622,302,224,211
D:\2014-12-1车尾\1363764871_t@4840.jpg 266,296,107,86 629,296,228,207
D:\2014-12-1车尾\1363764871_t@4860.jpg 654,305,228,198 263,299,110,91 397,302,48,38 490,306,52,43 583,305,47,48
D:\2014-12-1车尾\1363764871_t@4880.jpg 245,299,117,94 697,308,214,191 387,301,51,37 483,302,55,42 574,298,55,47
D:\2014-12-1车尾\1363764871_t@4900.jpg 215,300,127,99 471,301,57,49 571,301,53,47 696,302,226,200
D:\2014-12-1车尾\1363764871_t@4920.jpg 199,302,121,99 700,296,240,211 468,301,66,53 582,294,57,56
D:\2014-12-1车尾\1363764871_t@4940.jpg 174,298,127,107 462,303,70,61 582,299,65,56 730,298,254,225
D:\2014-12-1车尾\1363764871_t@4960.jpg 143,301,152,109 455,299,76,61 584,296,68,60 353,299,53,41 765,301,278,236
D:\2014-12-1车尾\1363764871_t@4980.jpg 121,289,161,115 450,290,87,75 584,291,67,58 820,284,288,261 350,289,51,44
D:\2014-12-1车尾\1363764871_t@5000.jpg 96,304,152,119 342,301,57,46 448,305,87,77 573,302,71,62 848,298,323,273 271,300,50,38D:\2014-12-1车尾\1363764871_t@5000.jpg 96,303,161,118 448,306,89,76 573,302,71,63 864,297,305,276 341,301,55,43
D:\2014-12-1车尾\1363764871_t@5040.jpg 134,294,155,121 505,294,99,86 618,290,73,68 389,291,57,46
D:\2014-12-1车尾\1363764871_t@5060.jpg 200,309,156,123 562,306,103,87 670,302,74,68 431,305,55,43
D:\2014-12-1车尾\1363764871_t@5080.jpg 266,301,163,126 628,299,102,93 721,297,75,66 467,300,56,44 576,299,52,42
D:\2014-12-1车尾\1363764871_t@5100.jpg 299,300,166,128 661,298,112,95 586,303,55,40 470,300,59,44
D:\2014-12-1车尾\1363764871_t@5120.jpg 307,303,174,136 682,306,117,103 577,302,51,47
D:\2014-12-1车尾\1363764871_t@5140.jpg 707,305,121,109 314,295,180,145
D:\2014-12-1车尾\1363764871_t@5160.jpg 337,298,182,150 737,299,128,117
D:\2014-12-1车尾\1363764871_t@5180.jpg 338,299,188,150 746,304,135,117
D:\2014-12-1车尾\1363764871_t@5200.jpg 346,302,196,152 759,304,141,128 564,305,64,49
D:\2014-12-1车尾\1363764871_t@5220.jpg 347,300,207,160 761,300,152,126 568,301,63,48
D:\2014-12-1车尾\1363764871_t@5240.jpg 352,302,206,166 770,301,140,128 574,301,57,49
D:\2014-12-1车尾\1363764871_t@5260.jpg 16,251,160,194 349,302,205,172 760,301,131,124 570,302,59,48
D:\2014-12-1车尾\1363764871_t@5280.jpg 743,303,134,125 340,300,211,168 566,304,58,46 60,253,149,178
D:\2014-12-1车尾\1363764871_t@5300.jpg 101,261,134,159 345,301,200,162 735,301,138,123
D:\2014-12-1车尾\1363764871_t@5320.jpg 738,305,135,118 348,303,196,154 137,266,122,146 575,305,58,47
D:\2014-12-1车尾\1363764871_t@5340.jpg 168,275,108,135 353,309,188,150 742,312,135,119 580,312,56,45
D:\2014-12-1车尾\1363764871_t@5360.jpg 190,273,101,122 350,301,190,148 738,302,134,118 578,302,58,46
D:\2014-12-1车尾\1363764871_t@5380.jpg 199,273,96,117 347,300,184,145 736,302,128,118
D:\2014-12-1车尾\1363764871_t@5400.jpg 204,277,90,110 346,305,180,140 722,307,130,115
D:\2014-12-1车尾\1363764871_t@5420.jpg 210,276,90,109 341,300,180,139 709,303,135,118
D:\2014-12-1车尾\1363764871_t@5440.jpg 235,281,85,102 349,302,175,139 721,305,130,118
D:\2014-12-1车尾\1363764871_t@5460.jpg 256,278,81,103 360,298,171,141 728,303,133,118 547,301,60,49
D:\2014-12-1车尾\1363764871_t@5480.jpg 271,277,78,100 364,299,170,159 738,303,130,115
D:\2014-12-1车尾\1363764871_t@5500.jpg 270,291,79,85 349,303,173,150 724,306,144,121
D:\2014-12-1车尾\1363764871_t@5520.jpg 286,277,72,92 355,300,172,136 743,301,141,128
D:\2014-12-1车尾\1363764871_t@5540.jpg 281,279,71,90 345,299,160,137 742,306,143,127
D:\2014-12-1车尾\1363764871_t@5560.jpg 286,284,69,86 349,303,165,132 748,306,151,130
D:\2014-12-1车尾\1363764871_t@5580.jpg 287,287,68,87 345,305,164,130 756,309,151,133
D:\2014-12-1车尾\1363764871_t@5600.jpg 279,281,66,87 330,301,164,134 746,305,161,136 564,299,46,45 487,305,63,50
D:\2014-12-1车尾\1363764871_t@5620.jpg 267,285,74,86 312,303,171,135 752,307,152,140 474,305,60,52
D:\2014-12-1车尾\1363764871_t@5640.jpg 268,282,67,84 302,300,178,141 752,302,160,137 465,300,61,53 565,298,45,43
D:\2014-12-1车尾\1363764871_t@5660.jpg 276,280,65,83 303,300,181,145 758,306,159,135
D:\2014-12-1车尾\1363764871_t@5680.jpg 285,285,61,80 302,302,180,145 766,307,153,135
D:\2014-12-1车尾\1363764871_t@5700.jpg 297,285,61,80 313,305,181,143 771,306,153,133 582,300,54,47
D:\2014-12-1车尾\1363764871_t@5720.jpg 303,285,62,76 324,303,183,143 784,306,141,133
D:\2014-12-1车尾\1363764871_t@5740.jpg 302,279,59,76 330,295,180,142 766,305,153,128 585,297,56,48
D:\2014-12-1车尾\1363764871_t@5760.jpg 310,289,57,71 339,304,179,140 763,309,150,134 589,302,55,48
D:\2014-12-1车尾\1363764871_t@5780.jpg 314,288,57,76 344,301,179,145 760,306,148,129 891,306,110,100 586,302,59,50
D:\2014-12-1车尾\1363764871_t@5800.jpg 313,289,60,74 344,304,175,137 751,308,149,129 915,307,120,102 589,303,54,48
D:\2014-12-1车尾\1363764871_t@5820.jpg 311,288,60,70 339,299,173,141 746,308,146,130 941,305,131,114 587,300,54,53
D:\2014-12-1车尾\1363764871_t@5840.jpg 319,287,54,69 342,300,175,139 748,305,146,131 979,299,146,124
D:\2014-12-1车尾\1363764871_t@5860.jpg 316,289,54,71 337,301,171,138 599,299,55,54 734,305,148,132 1017,301,160,134
D:\2014-12-1车尾\1363764871_t@5880.jpg 320,291,52,67 337,302,171,138 731,304,148,132 1083,298,175,150 608,299,57,57
D:\2014-12-1车尾\1363764871_t@5900.jpg 323,289,49,66 339,300,167,136 728,305,147,131 612,296,60,60
D:\2014-12-1车尾\1363764871_t@5920.jpg 327,291,45,66 339,304,168,130 619,302,59,58 726,309,152,131
D:\2014-12-1车尾\1363764871_t@5940.jpg 339,301,162,129 620,295,65,62 721,306,152,132
D:\2014-12-1车尾\1363764871_t@5960.jpg 984,300,67,63 636,302,60,61 725,310,150,128 344,307,158,122 325,295,45,59
D:\2014-12-1车尾\1363764871_t@5980.jpg 331,289,49,62 358,303,148,118 649,299,67,61 737,304,147,130 1017,296,69,68
D:\2014-12-1车尾\1363764871_t@6000.jpg 340,293,49,59 374,303,143,117 750,309,145,132 1054,297,74,79
D:\2014-12-1车尾\1363764871_t@6020.jpg 343,293,49,62 387,304,138,114 759,306,146,131 1095,296,82,82 0,302,122,145
D:\2014-12-1车尾\1363764871_t@6040.jpg 2,309,136,141 355,294,50,62 401,304,137,111 769,305,148,131 1160,288,92,91
D:\2014-12-1车尾\1363764871_t@6060.jpg 1,306,147,142 358,294,45,56 402,305,138,107 776,301,148,135
D:\2014-12-1车尾\1363764871_t@6080.jpg 1,310,150,141 394,310,139,116 766,308,147,132 353,300,45,57
D:\2014-12-1车尾\1363764871_t@6100.jpg 2,299,157,141 356,290,45,56 390,302,141,114 755,302,151,134
D:\2014-12-1车尾\1363764871_t@6120.jpg 8,303,165,134 389,300,147,119 751,303,142,124 927,301,69,59
D:\2014-12-1车尾\1363764871_t@6140.jpg 54,308,154,130 413,303,145,116 757,299,138,123 982,298,78,67 386,293,42,57
D:\2014-12-1车尾\1363764871_t@6160.jpg 73,305,141,122 376,292,43,57 409,302,146,115 735,303,133,118 1012,301,83,72
D:\2014-12-1车尾\1363764871_t@6180.jpg 92,309,132,116 396,307,145,116 705,309,132,114 1045,308,96,83 362,296,43,56
D:\2014-12-1车尾\1363764871_t@6200.jpg 113,304,126,110 381,304,147,115 686,305,130,117 1108,309,106,90 790,293,97,101 356,295,39,52
D:\2014-12-1车尾\1363764871_t@6220.jpg 138,305,120,107 374,302,149,122 664,303,127,114 799,290,108,104
D:\2014-12-1车尾\1363764871_t@6240.jpg 166,302,112,101 369,298,154,123 645,299,131,113 821,285,122,116
D:\2014-12-1车尾\1363764871_t@6260.jpg 183,303,108,93 359,303,158,119 630,304,130,109 845,287,136,126
D:\2014-12-1车尾\1363764871_t@6280.jpg 192,304,100,92 346,303,154,122 613,303,122,106 879,285,147,140
D:\2014-12-1车尾\1363764871_t@6300.jpg 208,306,98,84 343,303,154,124 601,305,118,99 940,283,165,156
D:\2014-12-1车尾\1363764871_t@6320.jpg 214,300,97,80 330,301,157,120 593,302,105,93 999,279,177,179
D:\2014-12-1车尾\1363764871_t@6340.jpg 236,300,89,79 345,295,148,121 595,300,107,85 1073,270,203,201
D:\2014-12-1车尾\1363764871_t@6360.jpg 234,308,90,80 346,306,155,122 599,307,97,81
D:\2014-12-1车尾\1363764871_t@6380.jpg 217,307,96,82 341,305,157,125 597,306,91,78
D:\2014-12-1车尾\1363764871_t@6400.jpg 186,306,100,89 318,306,167,131 586,309,89,72
D:\2014-12-1车尾\1363764871_t@6420.jpg 164,301,108,93 310,299,179,140 589,303,84,72
D:\2014-12-1车尾\1363764871_t@6440.jpg 141,307,117,100 308,305,189,147 592,306,84,68
D:\2014-12-1车尾\1363764871_t@6460.jpg 109,305,126,107 294,304,203,154 590,306,79,66
D:\2014-12-1车尾\1363764871_t@6480.jpg 68,305,138,116 272,302,217,168 579,305,74,61
D:\2014-12-1车尾\1363764871_t@6500.jpg 24,306,149,128 250,306,231,177 567,308,77,65
D:\2014-12-1车尾\1363764871_t@6520.jpg 180,301,262,199 544,307,72,64
D:\2014-12-1车尾\1363764871_t@6540.jpg 74,305,302,233 506,305,71,61 359,307,68,55
D:\2014-12-1车尾\1363764871_t@6560.jpg 3,311,224,275 312,299,77,60 465,301,71,61
D:\2014-12-1车尾\1363764871_t@6580.jpg 153,285,66,77 287,303,79,62 446,306,72,56
D:\2014-12-1车尾\1363764871_t@6600.jpg 147,286,66,80 284,305,76,64 451,305,69,60
D:\2014-12-1车尾\1363764871_t@6620.jpg 148,292,72,82 282,311,91,68 470,310,68,57 374,302,48,44
D:\2014-12-1车尾\1363764871_t@6640.jpg 116,282,73,92 248,306,92,73 462,304,67,61 363,297,52,47
D:\2014-12-1车尾\1363764871_t@6660.jpg 78,284,78,96 208,306,106,84 354,299,56,50 458,309,69,60
D:\2014-12-1车尾\1363764871_t@6680.jpg 43,282,85,102 164,308,119,93 349,298,61,52 464,306,70,61
D:\2014-12-1车尾\1363764871_t@6700.jpg 2,280,92,114 100,306,139,111 343,297,60,55 466,304,70,62
D:\2014-12-1车尾\1363764871_t@6720.jpg 2,304,161,138 322,296,65,59 460,305,74,61
D:\2014-12-1车尾\1363764871_t@6740.jpg 316,296,70,59 464,302,75,64
D:\2014-12-1车尾\1363764871_t@6760.jpg 308,295,75,65 470,305,75,63 554,291,39,47
D:\2014-12-1车尾\1363764871_t@6780.jpg 298,297,80,73 472,306,79,68 561,293,43,53
D:\2014-12-1车尾\1363764871_t@6800.jpg 273,291,98,82 465,304,82,69 562,287,44,52
D:\2014-12-1车尾\1363764871_t@6820.jpg 260,292,96,84 466,307,81,71 567,288,50,57
D:\2014-12-1车尾\1363764871_t@6840.jpg 246,293,102,93 468,309,84,69
D:\2014-12-1车尾\1363764871_t@6860.jpg 219,287,114,101 463,302,89,74
D:\2014-12-1车尾\1363764871_t@6880.jpg 192,286,132,113 464,304,95,81 599,285,64,71
D:\2014-12-1车尾\1363764871_t@6900.jpg 152,284,146,125 456,304,98,84 604,284,70,78
D:\2014-12-1车尾\1363764871_t@6920.jpg 99,280,164,145 448,305,99,86 609,281,79,87
D:\2014-12-1车尾\1363764871_t@6940.jpg 56,279,190,160 454,303,108,88 634,277,90,99
D:\2014-12-1车尾\1363764871_t@6960.jpg 5,275,216,185 451,305,115,95 656,273,103,114
D:\2014-12-1车尾\1363764871_t@6980.jpg 1,272,178,212 447,308,116,95 682,271,119,130
D:\2014-12-1车尾\1363764871_t@7000.jpg 442,299,122,102 720,253,140,157 208,299,58,52
D:\2014-12-1车尾\1363764871_t@7020.jpg 196,302,64,54 434,301,128,107 765,246,173,190
D:\2014-12-1车尾\1363764871_t@7040.jpg 191,306,69,53 437,306,133,111 849,235,217,237
D:\2014-12-1车尾\1363764871_t@7060.jpg 181,304,67,55 432,305,138,114 967,211,299,319
D:\2014-12-1车尾\1363764871_t@7080.jpg 167,299,70,57 301,297,46,39 426,302,141,116
D:\2014-12-1车尾\1363764871_t@7100.jpg 163,305,74,55 434,307,144,121 306,302,44,38
D:\2014-12-1车尾\1363764871_t@7120.jpg 155,308,72,56 306,305,47,38 437,309,151,127
D:\2014-12-1车尾\1363764871_t@7140.jpg 154,303,72,58 441,303,160,129
D:\2014-12-1车尾\1363764871_t@7160.jpg 144,305,75,63 444,304,164,135
D:\2014-12-1车尾\1363764871_t@7180.jpg 130,303,77,61 438,303,164,139
D:\2014-12-1车尾\1363764871_t@7200.jpg 128,306,79,62 437,307,170,143
D:\2014-12-1车尾\1363764871_t@7220.jpg 438,308,172,147
D:\2014-12-1车尾\1363764871_t@7240.jpg 22,311,113,93 444,306,172,146
D:\2014-12-1车尾\1363764871_t@7260.jpg 100,315,103,88 454,309,174,151
D:\2014-12-1车尾\1363764871_t@7280.jpg 158,309,98,82 451,306,176,149
D:\2014-12-1车尾\1363764871_t@7300.jpg 212,313,90,77 448,310,185,156
D:\2014-12-1车尾\1363764871_t@7320.jpg 80,304,90,80 253,308,84,77 436,306,202,166
D:\2014-12-1车尾\1363764871_t@7340.jpg 76,315,87,73 298,314,78,67 453,313,218,180
D:\2014-12-1车尾\1363764871_t@7360.jpg 498,318,243,201
D:\2014-12-1车尾\1363764871_t@7380.jpg 89,313,99,86 578,310,289,247
D:\2014-12-1车尾\1363764871_t@7400.jpg 74,302,115,95 336,297,58,53 409,306,72,58 694,298,365,312
D:\2014-12-1车尾\1363764871_t@7420.jpg 80,305,123,98 355,300,58,52 442,305,63,55 662,306,94,75
D:\2014-12-1车尾\1363764871_t@7440.jpg 75,304,133,107 361,301,59,50 456,308,57,49 699,308,92,76
D:\2014-12-1车尾\1363764871_t@7460.jpg 39,307,142,115 356,301,56,55 454,310,55,50 723,307,97,83
D:\2014-12-1车尾\1363764871_t@7480.jpg 2,305,151,126 344,299,58,54 448,305,52,50 750,307,103,86
D:\2014-12-1车尾\1363764871_t@7500.jpg 330,300,61,57 438,309,53,48 775,309,112,94
D:\2014-12-1车尾\1363764871_t@7520.jpg 335,302,60,53 448,309,51,46 825,309,124,99
D:\2014-12-1车尾\1363764871_t@7540.jpg 336,303,60,54 451,311,51,46 882,311,136,104
D:\2014-12-1车尾\1363764871_t@7560.jpg 340,299,63,58 459,308,49,47 960,308,160,130
D:\2014-12-1车尾\1363764871_t@7580.jpg 336,298,61,56 456,303,54,47 615,300,34,33 1069,303,194,156
D:\2014-12-1车尾\1363764871_t@7600.jpg 335,299,62,61 459,304,53,52 617,301,35,33
D:\2014-12-1车尾\1363764871_t@7620.jpg 337,295,65,57 465,304,54,48
D:\2014-12-1车尾\1363764871_t@7640.jpg 338,301,65,56 468,305,49,48 628,299,37,33
D:\2014-12-1车尾\1363764871_t@7660.jpg 329,298,65,59 461,304,53,49 627,300,37,34
D:\2014-12-1车尾\1363764871_t@7680.jpg 323,297,71,61 455,303,54,52 628,297,40,36
D:\2014-12-1车尾\1363764871_t@7700.jpg 312,297,67,63 443,305,59,51 620,300,43,37
D:\2014-12-1车尾\1363764871_t@7720.jpg 306,297,69,63 438,302,60,59 626,300,41,38
D:\2014-12-1车尾\1363764871_t@7740.jpg 300,298,71,66 436,305,62,57 635,302,40,39
D:\2014-12-1车尾\1363764871_t@7760.jpg 275,299,77,67 418,308,66,56 622,302,46,40
D:\2014-12-1车尾\1363764871_t@7780.jpg 234,295,82,72 389,305,69,60 607,298,46,44
D:\2014-12-1车尾\1363764871_t@7800.jpg 186,295,85,70 354,305,69,61 588,299,49,45
D:\2014-12-1车尾\1363764871_t@7820.jpg 149,299,91,75 281,308,47,36 329,308,78,65 589,300,50,51 922,299,40,38
D:\2014-12-1车尾\1363764871_t@7840.jpg 108,296,96,80 303,307,83,70 585,298,55,51 958,296,48,42 1090,302,65,52
D:\2014-12-1车尾\1363764871_t@7860.jpg 69,304,100,87 286,314,82,70 591,307,55,49 1179,306,78,61 1014,300,51,47
D:\2014-12-1车尾\1363764871_t@7880.jpg 24,290,107,93 258,303,89,75 595,295,57,55 1072,290,60,51
D:\2014-12-1车尾\1363764871_t@7900.jpg 1,290,85,101 229,302,96,82 591,294,63,60
D:\2014-12-1车尾\1363764871_t@7920.jpg 207,305,99,87 599,298,63,58
D:\2014-12-1车尾\1363764871_t@7940.jpg 179,313,105,88 602,303,68,62
D:\2014-12-1车尾\1363764871_t@7960.jpg 152,313,113,94 606,300,73,71
D:\2014-12-1车尾\1363764871_t@7980.jpg 119,308,127,109 609,297,79,79 289,306,68,58
D:\2014-12-1车尾\1363764871_t@8000.jpg 84,313,135,116 277,308,70,60 616,296,86,80
D:\2014-12-1车尾\1363764871_t@8020.jpg 32,316,156,126 259,312,74,61 380,303,43,42 537,309,43,37 624,298,91,86
D:\2014-12-1车尾\1363764871_t@8040.jpg 4,315,153,141 241,310,78,67 375,300,45,45 544,308,41,38 639,295,105,97
D:\2014-12-1车尾\1363764871_t@8060.jpg 218,310,85,70 365,302,45,46 544,309,43,38 655,297,117,109
D:\2014-12-1车尾\1363764871_t@8080.jpg 200,292,89,79 358,285,48,48 674,280,136,126
D:\2014-12-1车尾\1363764871_t@8100.jpg 184,308,98,83 721,294,152,142 356,300,55,47 559,308,45,40
D:\2014-12-1车尾\1363764871_t@8120.jpg 156,311,106,89 348,297,56,54 562,304,45,40 769,294,178,169
D:\2014-12-1车尾\1363764871_t@8140.jpg 103,307,128,99 335,292,62,56 557,298,52,45 823,285,234,206
D:\2014-12-1车尾\1363764871_t@8160.jpg 56,307,138,110 926,275,326,282 327,292,67,55
D:\2014-12-1车尾\1363764871_t@8180.jpg 4,308,155,131 317,292,73,64 573,301,54,47
D:\2014-12-1车尾\1363764871_t@8200.jpg 301,294,78,70 575,302,58,52
D:\2014-12-1车尾\1363764871_t@8220.jpg 282,290,89,72 581,298,60,51
D:\2014-12-1车尾\1363764871_t@8240.jpg 253,287,91,84 585,303,60,54
D:\2014-12-1车尾\1363764871_t@8260.jpg 221,286,104,94 90,298,87,71 593,302,63,56
D:\2014-12-1车尾\1363764871_t@8280.jpg 185,286,116,112 602,302,71,61 88,300,97,72
D:\2014-12-1车尾\1363764871_t@8300.jpg 136,278,144,127 608,298,76,65
D:\2014-12-1车尾\1363764871_t@8320.jpg 80,288,165,141 626,308,75,66
D:\2014-12-1车尾\1363764871_t@8340.jpg 8,285,184,177 306,308,75,62 641,306,83,72
D:\2014-12-1车尾\1363764871_t@8360.jpg 286,311,84,67 650,310,87,75
D:\2014-12-1车尾\1363764871_t@8380.jpg 266,314,88,70 652,310,97,83
D:\2014-12-1车尾\1363764871_t@8400.jpg 251,311,92,72 118,307,79,64 665,309,106,88
D:\2014-12-1车尾\1363764871_t@8420.jpg 120,308,88,69 238,313,105,84 688,313,114,94
D:\2014-12-1车尾\1363764871_t@8440.jpg 111,309,89,66 213,316,112,91 703,313,125,106
D:\2014-12-1车尾\1363764871_t@8460.jpg 106,305,84,68 183,312,123,100 719,308,146,126
D:\2014-12-1车尾\1363764871_t@8480.jpg 127,312,149,118 737,310,171,141
D:\2014-12-1车尾\1363764871_t@8500.jpg 53,317,179,135 467,297,40,41 779,315,191,163 297,303,40,37 372,308,47,36
D:\2014-12-1车尾\1363764871_t@8520.jpg 6,322,159,168 294,305,39,40 371,312,46,35 466,300,40,43 815,318,235,188
D:\2014-12-1车尾\1363764871_t@8540.jpg 103,307,97,79 289,302,41,43 371,310,47,37 469,298,41,45 868,309,285,233
D:\2014-12-1车尾\1363764871_t@8560.jpg 102,312,101,77 276,306,43,46 364,313,46,41 463,299,43,46 922,317,354,277
D:\2014-12-1车尾\1363764871_t@8580.jpg 103,309,103,80 263,303,47,46 355,310,49,40 459,296,46,50
D:\2014-12-1车尾\1363764871_t@8600.jpg 118,306,99,79 259,301,47,49 357,309,49,39 463,298,47,49
D:\2014-12-1车尾\1363764871_t@8620.jpg 135,310,101,80 467,298,49,55
D:\2014-12-1车尾\1363764871_t@8640.jpg 151,314,103,82 361,313,53,42 474,301,51,57
D:\2014-12-1车尾\1363764871_t@8660.jpg 157,314,105,82 353,314,55,44 468,298,55,60
D:\2014-12-1车尾\1363764871_t@8680.jpg 159,308,108,85 338,310,56,45 463,294,59,64
D:\2014-12-1车尾\1363764871_t@8700.jpg 697,290,42,55 459,291,61,64 148,305,102,80
D:\2014-12-1车尾\1363764871_t@8720.jpg 118,308,108,81 313,306,64,51 457,290,61,66 711,286,47,62 378,299,49,45
D:\2014-12-1车尾\1363764871_t@8740.jpg 80,310,109,85 314,310,63,50 458,291,66,71 735,284,54,70
D:\2014-12-1车尾\1363764871_t@8760.jpg 12,302,112,93 174,298,65,59 288,306,67,56 366,298,47,50 446,289,71,78 748,283,65,79
D:\2014-12-1车尾\1363764871_t@8780.jpg 1,314,78,93 162,306,70,65 279,316,74,58 360,307,54,54 447,298,76,77 787,286,74,88
D:\2014-12-1车尾\1363764871_t@8800.jpg 149,297,78,68 269,307,80,59 359,295,55,58 446,288,83,84 838,265,94,111
D:\2014-12-1车尾\1363764871_t@8820.jpg 126,294,74,67 254,304,83,68 352,292,56,57 440,280,86,97 910,253,110,136
D:\2014-12-1车尾\1363764871_t@8840.jpg 119,295,77,77 247,304,86,75 350,293,58,61 443,284,91,98 1023,244,138,167
D:\2014-12-1车尾\1363764871_t@8860.jpg 104,294,81,76 226,302,96,79 345,290,62,65 436,280,102,105
D:\2014-12-1车尾\1363764871_t@8880.jpg 101,286,83,80 214,297,98,84 346,282,65,70 443,271,107,115
D:\2014-12-1车尾\1363764871_t@8900.jpg 112,290,83,82 209,301,102,89 350,284,70,74 454,275,112,118
