D:\2014-12-1车尾\1363765470_t@0.jpg 3,267,195,185 385,313,145,112 637,312,88,77 300,311,76,58
D:\2014-12-1车尾\1363765470_t@20.jpg 3,260,177,196 293,306,75,60 368,307,157,120 621,307,87,74
D:\2014-12-1车尾\1363765470_t@40.jpg 284,310,79,59 356,309,165,123 612,307,78,69
D:\2014-12-1车尾\1363765470_t@60.jpg 290,312,81,61 357,313,172,129 613,309,73,64
D:\2014-12-1车尾\1363765470_t@80.jpg 285,302,84,66 357,301,177,138 616,301,68,58
D:\2014-12-1车尾\1363765470_t@100.jpg 280,314,83,66 365,314,175,132 611,314,65,55
D:\2014-12-1车尾\1363765470_t@120.jpg 242,320,91,72 339,321,176,133 582,319,59,51
D:\2014-12-1车尾\1363765470_t@140.jpg 20,311,70,54 181,314,101,74 279,317,184,133 535,314,57,48
D:\2014-12-1车尾\1363765470_t@160.jpg 136,318,107,82 236,322,192,140 513,313,56,48
D:\2014-12-1车尾\1363765470_t@180.jpg 112,319,112,93 225,324,200,146 416,315,56,48 515,314,53,44
D:\2014-12-1车尾\1363765470_t@200.jpg 78,319,129,99 213,316,226,161 418,312,58,51 516,311,54,45
D:\2014-12-1车尾\1363765470_t@220.jpg 6,314,144,108 151,312,246,177 391,308,59,51 488,308,52,44
D:\2014-12-1车尾\1363765470_t@240.jpg 32,327,292,200 344,314,68,55
D:\2014-12-1车尾\1363765470_t@260.jpg 263,308,48,39 314,311,69,54
D:\2014-12-1车尾\1363765470_t@280.jpg 97,318,74,63 247,310,47,42 298,311,73,58 416,312,49,42
D:\2014-12-1车尾\1363765470_t@300.jpg 49,314,82,70 240,309,47,40 288,311,76,58 416,311,50,42
D:\2014-12-1车尾\1363765470_t@320.jpg 219,303,51,40 269,303,81,62 411,301,50,41
D:\2014-12-1车尾\1363765470_t@340.jpg 275,313,86,68 432,311,50,43 223,311,55,45
D:\2014-12-1车尾\1363765470_t@360.jpg 213,301,55,48 262,301,97,74 353,287,56,58
D:\2014-12-1车尾\1363765470_t@380.jpg 235,311,112,89 355,294,61,63
D:\2014-12-1车尾\1363765470_t@400.jpg 185,305,130,101 342,288,62,66 442,304,56,46
D:\2014-12-1车尾\1363765470_t@420.jpg 113,297,159,126 326,277,68,76 439,298,60,52
D:\2014-12-1车尾\1363765470_t@440.jpg 20,301,208,162 316,281,76,79 446,302,62,56
D:\2014-12-1车尾\1363765470_t@460.jpg 295,281,83,87 444,306,66,57
D:\2014-12-1车尾\1363765470_t@480.jpg 268,277,90,94 437,303,73,61 1016,279,119,149
D:\2014-12-1车尾\1363765470_t@500.jpg 249,281,102,101 439,306,77,66
D:\2014-12-1车尾\1363765470_t@520.jpg 213,255,111,116 422,289,79,67
D:\2014-12-1车尾\1363765470_t@540.jpg 244,260,112,115 448,290,82,73
D:\2014-12-1车尾\1363765470_t@560.jpg 275,270,110,112 472,303,81,70
D:\2014-12-1车尾\1363765470_t@580.jpg 247,269,105,107 434,298,83,70 183,285,60,54
D:\2014-12-1车尾\1363765470_t@600.jpg 153,296,55,53 218,280,107,109 410,309,77,69 774,261,78,107
D:\2014-12-1车尾\1363765470_t@620.jpg 147,295,55,51 217,277,103,106 405,304,77,68
D:\2014-12-1车尾\1363765470_t@640.jpg 816,254,84,107 230,285,100,103 413,311,76,65 149,300,55,52
D:\2014-12-1车尾\1363765470_t@660.jpg 852,241,101,125 240,277,102,102 417,307,77,66 155,295,54,53
D:\2014-12-1车尾\1363765470_t@680.jpg 159,292,56,53 248,275,99,101 424,305,79,67 910,233,108,138
D:\2014-12-1车尾\1363765470_t@700.jpg 166,295,64,51 261,279,98,107 429,309,82,69 982,225,119,152
D:\2014-12-1车尾\1363765470_t@720.jpg 180,292,57,51 280,277,96,97 444,304,83,73 1073,214,146,171
D:\2014-12-1车尾\1363765470_t@740.jpg 189,292,56,55 305,277,88,99 458,301,86,77
D:\2014-12-1车尾\1363765470_t@760.jpg 184,285,66,57 312,277,91,92 458,301,86,75
D:\2014-12-1车尾\1363765470_t@780.jpg 155,294,63,54 293,283,89,90 431,309,91,77
D:\2014-12-1车尾\1363765470_t@800.jpg 304,278,85,88 427,302,93,79
D:\2014-12-1车尾\1363765470_t@820.jpg 2,316,213,215 349,281,81,85 450,307,95,78
D:\2014-12-1车尾\1363765470_t@840.jpg 27,304,242,189 364,280,80,85 442,306,96,78 536,306,68,57 889,307,96,85
D:\2014-12-1车尾\1363765470_t@860.jpg 107,319,209,160 401,297,74,83 454,322,97,81 575,318,72,61 964,318,118,104
D:\2014-12-1车尾\1363765470_t@880.jpg 152,304,175,139 457,306,96,79 611,303,69,61 1084,309,151,127
D:\2014-12-1车尾\1363765470_t@900.jpg 170,304,151,123 459,308,92,80 646,308,71,65
D:\2014-12-1车尾\1363765470_t@920.jpg 180,313,138,111 391,315,49,39 456,316,95,81 673,314,74,67 555,283,40,51
D:\2014-12-1车尾\1363765470_t@940.jpg 181,308,124,104 442,312,97,81 690,308,76,66 374,309,49,40
D:\2014-12-1车尾\1363765470_t@960.jpg 200,311,117,99 448,310,103,84 720,306,86,73
D:\2014-12-1车尾\1363765470_t@980.jpg 215,313,122,98 461,314,103,85 755,307,88,80
D:\2014-12-1车尾\1363765470_t@1000.jpg 144,292,95,83 234,307,125,96 497,309,106,87 801,305,98,83
D:\2014-12-1车尾\1363765470_t@1020.jpg 115,287,104,95 241,308,121,98 483,282,75,90 544,308,109,94 839,307,107,93
D:\2014-12-1车尾\1363765470_t@1040.jpg 55,289,109,102 217,311,130,103 470,285,84,94 583,307,109,99 861,308,123,107
D:\2014-12-1车尾\1363765470_t@1060.jpg 3,286,119,120 190,308,146,117 467,283,87,95 617,309,113,92 921,312,148,121
D:\2014-12-1车尾\1363765470_t@1080.jpg 143,309,169,132 464,278,92,100 649,307,108,93 1019,310,187,152 313,308,71,55
D:\2014-12-1车尾\1363765470_t@1100.jpg 80,305,197,152 292,304,74,61 457,271,97,107 659,300,108,96
D:\2014-12-1车尾\1363765470_t@1120.jpg 9,305,231,177 284,309,75,60 393,294,35,43 461,276,100,110 662,303,106,95
D:\2014-12-1车尾\1363765470_t@1140.jpg 1,301,203,214 265,306,84,70 457,271,108,118 663,306,102,89
D:\2014-12-1车尾\1363765470_t@1160.jpg 252,309,88,71 458,270,111,124 659,302,100,92
D:\2014-12-1车尾\1363765470_t@1180.jpg 235,313,95,75 455,272,117,127 647,307,95,84
D:\2014-12-1车尾\1363765470_t@1200.jpg 213,314,104,80 446,275,120,132 625,311,89,80 378,299,39,46
D:\2014-12-1车尾\1363765470_t@1220.jpg 186,313,107,84 432,270,125,136 603,306,84,74
D:\2014-12-1车尾\1363765470_t@1240.jpg 153,309,116,90 422,267,130,143 587,307,80,72
D:\2014-12-1车尾\1363765470_t@1260.jpg 141,318,121,95 429,270,133,147 590,309,76,65
D:\2014-12-1车尾\1363765470_t@1280.jpg 131,321,127,94 441,265,139,154 596,305,70,61
D:\2014-12-1车尾\1363765470_t@1300.jpg 101,317,135,103 438,264,148,160 584,308,70,59
D:\2014-12-1车尾\1363765470_t@1320.jpg 83,320,154,105 447,266,151,163 262,311,51,39
D:\2014-12-1车尾\1363765470_t@1340.jpg 87,317,154,111 476,258,152,167 406,301,58,50
D:\2014-12-1车尾\1363765470_t@1360.jpg 56,323,162,120 478,269,151,166 390,303,61,52
D:\2014-12-1车尾\1363765470_t@1380.jpg 8,307,176,134 471,248,157,170 381,293,57,51
D:\2014-12-1车尾\1363765470_t@1400.jpg 1,312,146,153 463,252,162,177 371,307,62,51
D:\2014-12-1车尾\1363765470_t@1420.jpg 3,337,130,167 486,273,162,177
D:\2014-12-1车尾\1363765470_t@1440.jpg 390,315,56,50 489,259,165,177
D:\2014-12-1车尾\1363765470_t@1460.jpg 403,316,54,52 510,260,163,177
D:\2014-12-1车尾\1363765470_t@1480.jpg 444,313,58,51 570,263,159,172
D:\2014-12-1车尾\1363765470_t@1500.jpg 41,322,275,209 537,308,63,54 650,258,147,160
D:\2014-12-1车尾\1363765470_t@1520.jpg 164,316,268,208 676,269,137,151
D:\2014-12-1车尾\1363765470_t@1540.jpg 110,315,170,144 285,328,257,202 687,274,131,144
D:\2014-12-1车尾\1363765470_t@1560.jpg 301,313,135,105 429,331,252,196 714,276,123,133
D:\2014-12-1车尾\1363765470_t@1580.jpg 412,309,109,91 578,333,267,208 735,276,117,135
D:\2014-12-1车尾\1363765470_t@1600.jpg 740,322,303,243 472,304,98,83
D:\2014-12-1车尾\1363765470_t@1620.jpg 491,311,93,78 714,274,128,141
D:\2014-12-1车尾\1363765470_t@1640.jpg 500,291,90,77 710,262,137,146
D:\2014-12-1车尾\1363765470_t@1660.jpg 1,280,222,183 490,270,86,80 699,234,151,163
D:\2014-12-1车尾\1363765470_t@1680.jpg 126,304,189,149 505,291,87,79 718,252,175,183 841,194,144,183 426,289,54,47
D:\2014-12-1车尾\1363765470_t@1700.jpg 173,297,162,136 507,289,85,72 714,240,194,205 902,171,175,214
D:\2014-12-1车尾\1363765470_t@1720.jpg 200,301,149,121 519,294,83,70 710,241,215,228 985,152,209,259
D:\2014-12-1车尾\1363765470_t@1740.jpg 244,305,129,102 564,296,77,67 768,238,234,245
D:\2014-12-1车尾\1363765470_t@1760.jpg 308,306,121,96 435,299,51,42 525,298,57,50 618,296,76,63 884,231,264,271
D:\2014-12-1车尾\1363765470_t@1780.jpg 362,307,113,92 554,304,59,52 667,302,72,61 1045,222,233,301
D:\2014-12-1车尾\1363765470_t@1800.jpg 407,309,104,89 580,309,61,54 706,306,64,61 981,193,150,190
D:\2014-12-1车尾\1363765470_t@1820.jpg 418,306,100,81 579,306,65,58 711,307,65,57 1077,167,178,229
D:\2014-12-1车尾\1363765470_t@1840.jpg 415,324,100,84 575,321,66,64 712,322,66,61
D:\2014-12-1车尾\1363765470_t@1860.jpg 422,315,97,84 580,313,75,72 725,315,65,60
D:\2014-12-1车尾\1363765470_t@1880.jpg 423,306,95,81 589,305,81,75 737,306,64,61
D:\2014-12-1车尾\1363765470_t@1900.jpg 420,330,97,81 612,325,85,80 749,327,68,60
D:\2014-12-1车尾\1363765470_t@1920.jpg 411,315,99,81 625,310,96,94 747,318,72,64
D:\2014-12-1车尾\1363765470_t@1940.jpg 421,319,100,83 595,298,67,78 662,315,112,106 766,314,75,69
D:\2014-12-1车尾\1363765470_t@1960.jpg 422,302,98,84 597,282,69,83 697,299,133,126
D:\2014-12-1车尾\1363765470_t@1980.jpg 415,311,104,86 595,290,70,89 733,313,169,147
D:\2014-12-1车尾\1363765470_t@2000.jpg 422,303,98,88 608,277,77,100 805,308,217,184
D:\2014-12-1车尾\1363765470_t@2020.jpg 430,298,108,89 633,270,88,112 931,302,295,241
D:\2014-12-1车尾\1363765470_t@2040.jpg 430,305,111,93 655,273,100,124
D:\2014-12-1车尾\1363765470_t@2060.jpg 425,303,109,92 675,268,110,141 1014,301,118,102
D:\2014-12-1车尾\1363765470_t@2080.jpg 432,306,106,92 714,265,119,156 1090,303,132,109 569,305,55,47
D:\2014-12-1车尾\1363765470_t@2100.jpg 429,306,106,90 743,263,139,174 1154,306,124,108 573,304,53,48
D:\2014-12-1车尾\1363765470_t@2120.jpg 428,302,106,88 784,253,155,200 577,299,56,48
D:\2014-12-1车尾\1363765470_t@2140.jpg 428,303,103,84 578,296,61,53 838,243,186,230
D:\2014-12-1车尾\1363765470_t@2160.jpg 427,302,102,84 581,298,63,58 923,228,236,289
D:\2014-12-1车尾\1363765470_t@2180.jpg 419,302,101,85 578,301,68,58
D:\2014-12-1车尾\1363765470_t@2200.jpg 416,306,100,84 586,307,68,61 795,307,87,76
D:\2014-12-1车尾\1363765470_t@2220.jpg 424,305,100,81 601,304,74,64 824,304,92,81 989,288,99,90
D:\2014-12-1车尾\1363765470_t@2240.jpg 434,306,99,86 620,307,77,70 862,305,100,91 1105,283,118,113
D:\2014-12-1车尾\1363765470_t@2260.jpg 429,306,102,83 623,305,84,78 893,306,108,94
D:\2014-12-1车尾\1363765470_t@2280.jpg 433,308,102,85 638,310,94,82 940,309,122,108
D:\2014-12-1车尾\1363765470_t@2300.jpg 436,304,102,88 658,308,98,91 1000,302,137,122
D:\2014-12-1车尾\1363765470_t@2320.jpg 437,306,99,87 672,310,107,94 1041,304,162,136
D:\2014-12-1车尾\1363765470_t@2340.jpg 430,304,102,90 679,306,123,110 1108,303,168,148
D:\2014-12-1车尾\1363765470_t@2360.jpg 425,302,104,91 694,303,137,124 838,303,64,55
D:\2014-12-1车尾\1363765470_t@2380.jpg 423,304,105,89 709,302,152,138 893,304,64,60
D:\2014-12-1车尾\1363765470_t@2400.jpg 420,304,103,91 713,305,174,152 942,305,83,72 548,304,50,43
D:\2014-12-1车尾\1363765470_t@2420.jpg 424,301,106,88 720,302,191,170 1027,301,101,85
D:\2014-12-1车尾\1363765470_t@2440.jpg 425,303,109,93 703,304,232,193 1146,305,116,98
D:\2014-12-1车尾\1363765470_t@2460.jpg 419,298,111,93 686,303,248,213 552,296,54,48
D:\2014-12-1车尾\1363765470_t@2480.jpg 416,296,113,95 643,303,271,237 884,299,115,100
D:\2014-12-1车尾\1363765470_t@2500.jpg 418,299,110,89 586,303,287,250 895,296,129,110
D:\2014-12-1车尾\1363765470_t@2520.jpg 419,300,105,87 522,300,293,245 901,296,130,114
D:\2014-12-1车尾\1363765470_t@2540.jpg 462,303,285,240 880,298,139,119 1014,274,119,123
D:\2014-12-1车尾\1363765470_t@2560.jpg 425,303,269,221 863,300,145,121 1049,273,138,125
D:\2014-12-1车尾\1363765470_t@2580.jpg 390,303,270,210 849,306,148,118 1114,278,143,141 671,307,65,50
D:\2014-12-1车尾\1363765470_t@2600.jpg 409,305,238,199 854,304,139,117 685,303,65,53
D:\2014-12-1车尾\1363765470_t@2620.jpg 405,308,228,187 687,306,67,51 845,305,137,113
D:\2014-12-1车尾\1363765470_t@2640.jpg 401,303,219,180 691,305,66,55 844,304,131,114 628,294,43,48
D:\2014-12-1车尾\1363765470_t@2660.jpg 407,312,207,167 692,311,65,52 844,311,126,106 624,300,45,46
D:\2014-12-1车尾\1363765470_t@2680.jpg 418,302,194,162 627,292,41,46 697,303,64,52 832,302,121,100
D:\2014-12-1车尾\1363765470_t@2700.jpg 431,306,183,155 800,303,117,102 628,292,40,47 694,303,63,53
D:\2014-12-1车尾\1363765470_t@2720.jpg 438,305,176,148 768,305,113,97 631,294,41,47
D:\2014-12-1车尾\1363765470_t@2740.jpg 432,307,175,144 726,305,109,94 623,297,44,46
D:\2014-12-1车尾\1363765470_t@2760.jpg 432,310,169,139 694,310,103,88 625,301,43,48
D:\2014-12-1车尾\1363765470_t@2780.jpg 431,309,166,135 669,309,100,84
D:\2014-12-1车尾\1363765470_t@2800.jpg 433,313,159,131 649,311,95,78
D:\2014-12-1车尾\1363765470_t@2820.jpg 428,308,158,130 632,307,90,77
D:\2014-12-1车尾\1363765470_t@2840.jpg 417,307,155,126 615,306,88,71
D:\2014-12-1车尾\1363765470_t@2860.jpg 427,308,150,125 621,306,84,72
D:\2014-12-1车尾\1363765470_t@2880.jpg 431,308,149,121 618,304,84,72 989,300,286,298
D:\2014-12-1车尾\1363765470_t@2900.jpg 427,308,150,120 613,306,85,72 1025,304,252,296
D:\2014-12-1车尾\1363765470_t@2920.jpg 418,308,149,117 603,305,85,74 1015,298,261,320
D:\2014-12-1车尾\1363765470_t@2940.jpg 416,309,147,119 600,308,92,77 1055,300,220,336
D:\2014-12-1车尾\1363765470_t@2960.jpg 426,307,143,115 613,305,85,76 694,305,61,58
D:\2014-12-1车尾\1363765470_t@2980.jpg 441,307,139,113 623,305,90,77 712,305,64,56
D:\2014-12-1车尾\1363765470_t@3000.jpg 440,313,140,108 626,309,97,79 716,307,69,57
D:\2014-12-1车尾\1363765470_t@3020.jpg 434,305,144,113 631,306,95,76
D:\2014-12-1车尾\1363765470_t@3040.jpg 430,311,124,113 622,310,108,93
D:\2014-12-1车尾\1363765470_t@3060.jpg 418,298,141,120 633,298,107,93 736,299,75,62
D:\2014-12-1车尾\1363765470_t@3080.jpg 408,308,143,116 639,307,109,94 741,306,79,66 563,304,61,49
D:\2014-12-1车尾\1363765470_t@3100.jpg 404,304,146,116 653,303,110,99 749,303,84,70
D:\2014-12-1车尾\1363765470_t@3120.jpg 398,305,143,112 559,302,54,48 649,303,117,101 758,305,78,71
D:\2014-12-1车尾\1363765470_t@3140.jpg 405,300,143,114 558,296,61,50 657,297,117,103 765,297,90,78
D:\2014-12-1车尾\1363765470_t@3160.jpg 410,307,144,114 556,302,61,49 654,304,123,106 772,305,97,79
D:\2014-12-1车尾\1363765470_t@3180.jpg 406,310,148,119 554,306,58,50 640,307,130,110 785,306,99,85
D:\2014-12-1车尾\1363765470_t@3200.jpg 415,305,151,120 564,303,55,48 649,302,130,115 815,304,114,92
D:\2014-12-1车尾\1363765470_t@3220.jpg 411,304,158,126 567,303,56,49 659,303,135,117 865,304,126,102
D:\2014-12-1车尾\1363765470_t@3240.jpg 407,301,164,131 667,298,145,124 927,301,145,114
D:\2014-12-1车尾\1363765470_t@3260.jpg 390,302,166,134 669,303,143,129 979,308,175,135
D:\2014-12-1车尾\1363765470_t@3280.jpg 393,303,166,134 676,302,149,131 1069,307,204,161 780,280,87,104 563,302,64,58
D:\2014-12-1车尾\1363765470_t@3300.jpg 416,306,157,126 584,303,62,60 695,306,149,129 816,283,94,104
D:\2014-12-1车尾\1363765470_t@3320.jpg 425,309,149,120 581,304,65,57 696,305,146,124 839,276,106,120
D:\2014-12-1车尾\1363765470_t@3340.jpg 420,304,144,121 580,302,63,59 692,301,148,127 866,272,110,132
D:\2014-12-1车尾\1363765470_t@3360.jpg 426,312,141,111 583,309,66,58 703,309,139,122 895,278,123,139
D:\2014-12-1车尾\1363765470_t@3380.jpg 429,310,132,106 579,309,68,56 696,306,143,120 938,270,134,151
D:\2014-12-1车尾\1363765470_t@3400.jpg 433,309,133,105 591,306,67,59 711,305,144,123 1017,265,157,173 832,280,63,77
D:\2014-12-1车尾\1363765470_t@3420.jpg 442,306,130,103 598,303,69,61 734,303,140,126 871,275,68,84 1134,252,145,201
D:\2014-12-1车尾\1363765470_t@3440.jpg 441,307,128,102 598,306,69,58 747,305,153,127 902,274,76,92
D:\2014-12-1车尾\1363765470_t@3460.jpg 437,308,123,100 595,305,67,62 780,305,153,131 929,268,88,108
D:\2014-12-1车尾\1363765470_t@3480.jpg 442,311,128,104 600,308,71,65 822,306,177,151 986,266,93,122
D:\2014-12-1车尾\1363765470_t@3500.jpg 436,309,131,104 595,307,76,66
D:\2014-12-1车尾\1363765470_t@3520.jpg 429,305,128,104 590,303,78,65 904,302,215,181 1100,248,123,158
D:\2014-12-1车尾\1363765470_t@3540.jpg 429,304,131,109 590,297,79,71 725,294,52,49 929,300,238,194
D:\2014-12-1车尾\1363765470_t@3560.jpg 414,301,142,113 594,296,79,70 733,292,58,52 953,300,260,213
D:\2014-12-1车尾\1363765470_t@3580.jpg 411,301,143,114 602,293,84,78 746,292,62,53 988,296,285,239
D:\2014-12-1车尾\1363765470_t@3600.jpg 417,304,143,116 617,297,84,78 763,296,62,57 1026,302,249,260
D:\2014-12-1车尾\1363765470_t@3620.jpg 415,302,147,119 627,300,89,79 771,300,66,57 1070,301,203,283
D:\2014-12-1车尾\1363765470_t@3640.jpg 416,303,146,113 641,296,89,84 772,298,67,60
D:\2014-12-1车尾\1363765470_t@3660.jpg 416,302,143,118 651,295,91,87 763,295,68,63
D:\2014-12-1车尾\1363765470_t@3680.jpg 420,297,142,110 664,290,90,88 757,292,69,64 550,292,49,43
D:\2014-12-1车尾\1363765470_t@3700.jpg 428,300,139,109 681,295,95,90 761,299,71,62
D:\2014-12-1车尾\1363765470_t@3720.jpg 429,310,137,110 689,306,98,92
D:\2014-12-1车尾\1363765470_t@3740.jpg 431,304,133,108 694,302,100,96 589,304,48,43
D:\2014-12-1车尾\1363765470_t@3760.jpg 433,304,132,106 708,300,105,101 589,303,52,46
D:\2014-12-1车尾\1363765470_t@3780.jpg 443,313,130,104 723,306,112,105 603,311,52,44
D:\2014-12-1车尾\1363765470_t@3800.jpg 446,307,129,104 608,308,50,45 738,304,116,109
D:\2014-12-1车尾\1363765470_t@3820.jpg 443,308,135,105 608,310,54,46 746,303,133,122
D:\2014-12-1车尾\1363765470_t@3840.jpg 430,309,136,105 758,304,147,133
D:\2014-12-1车尾\1363765470_t@3860.jpg 428,306,136,108 782,302,172,155 659,308,84,71
D:\2014-12-1车尾\1363765470_t@3880.jpg 435,307,135,106 661,306,81,72 826,298,194,170
D:\2014-12-1车尾\1363765470_t@3900.jpg 449,309,129,104 663,309,83,74 863,300,224,191
D:\2014-12-1车尾\1363765470_t@3920.jpg 435,315,131,103 650,314,87,78 892,309,253,213
D:\2014-12-1车尾\1363765470_t@3940.jpg 429,313,128,103 643,315,89,78 741,316,60,57 962,305,295,255
D:\2014-12-1车尾\1363765470_t@3960.jpg 429,308,130,103 646,308,92,82 751,308,63,60
D:\2014-12-1车尾\1363765470_t@3980.jpg 433,315,127,96 646,312,95,86 763,312,63,61
D:\2014-12-1车尾\1363765470_t@4000.jpg 436,313,127,96 646,311,97,84 777,309,65,65
D:\2014-12-1车尾\1363765470_t@4020.jpg 435,312,125,98 642,313,99,83 782,311,71,65
D:\2014-12-1车尾\1363765470_t@4040.jpg 443,303,118,100 648,303,93,89 794,306,72,69
D:\2014-12-1车尾\1363765470_t@4060.jpg 446,311,118,95 645,310,100,89 807,311,76,71
D:\2014-12-1车尾\1363765470_t@4080.jpg 436,311,118,97 640,310,105,91 813,309,77,76
D:\2014-12-1车尾\1363765470_t@4100.jpg 443,304,114,97 651,304,108,97 834,301,84,81
D:\2014-12-1车尾\1363765470_t@4120.jpg 435,310,119,96 654,308,112,98 853,308,84,81
D:\2014-12-1车尾\1363765470_t@4140.jpg 432,313,118,93 656,311,110,98 872,310,86,85
D:\2014-12-1车尾\1363765470_t@4160.jpg 429,307,116,94 656,305,113,101 883,304,92,87
D:\2014-12-1车尾\1363765470_t@4180.jpg 430,312,110,88 658,309,113,102 899,305,89,89
D:\2014-12-1车尾\1363765470_t@4200.jpg 436,310,103,85 657,310,115,102 912,306,85,89
D:\2014-12-1车尾\1363765470_t@4220.jpg 430,310,102,83 646,309,116,101 903,307,100,91
D:\2014-12-1车尾\1363765470_t@4240.jpg 426,316,97,82 632,314,120,103 904,313,101,91
D:\2014-12-1车尾\1363765470_t@4260.jpg 430,311,93,80 629,308,116,103 913,308,104,94
D:\2014-12-1车尾\1363765470_t@4280.jpg 432,314,91,79 620,311,113,106 924,310,107,100
D:\2014-12-1车尾\1363765470_t@4300.jpg 433,316,88,75 611,318,117,101 930,317,115,103
D:\2014-12-1车尾\1363765470_t@4320.jpg 432,309,89,73 606,310,120,100 948,309,123,111
D:\2014-12-1车尾\1363765470_t@4340.jpg 448,306,87,72 616,305,120,101 992,298,132,122
D:\2014-12-1车尾\1363765470_t@4360.jpg 452,314,83,71 626,311,113,99 1031,305,144,127
D:\2014-12-1车尾\1363765470_t@4380.jpg 443,312,88,72 619,310,118,97 1081,306,166,138
D:\2014-12-1车尾\1363765470_t@4400.jpg 440,307,87,68 625,305,117,101
D:\2014-12-1车尾\1363765470_t@4420.jpg 441,312,82,71 635,313,117,102 573,310,61,54
D:\2014-12-1车尾\1363765470_t@4440.jpg 432,308,81,72 631,308,120,103 572,307,60,54
D:\2014-12-1车尾\1363765470_t@4460.jpg 440,309,81,68 645,307,119,105 582,307,64,55
D:\2014-12-1车尾\1363765470_t@4480.jpg 440,307,78,68 640,307,120,106
D:\2014-12-1车尾\1363765470_t@4500.jpg 446,309,81,65 626,306,125,109
D:\2014-12-1车尾\1363765470_t@4520.jpg 448,313,78,63 608,309,123,112
D:\2014-12-1车尾\1363765470_t@4540.jpg 446,311,79,63 580,311,127,115
D:\2014-12-1车尾\1363765470_t@4560.jpg 537,305,137,121 443,307,73,63
D:\2014-12-1车尾\1363765470_t@4580.jpg 444,304,70,62 510,306,136,121
D:\2014-12-1车尾\1363765470_t@4600.jpg 627,300,102,90 476,308,144,122
D:\2014-12-1车尾\1363765470_t@4620.jpg 457,305,147,127 648,302,107,103
D:\2014-12-1车尾\1363765470_t@4640.jpg 655,302,118,106 436,309,141,122
D:\2014-12-1车尾\1363765470_t@4660.jpg 427,308,134,115 671,300,125,117
D:\2014-12-1车尾\1363765470_t@4680.jpg 413,300,130,105 677,290,137,122 561,292,54,45
D:\2014-12-1车尾\1363765470_t@4700.jpg 414,305,119,101 687,299,146,132
D:\2014-12-1车尾\1363765470_t@4720.jpg 424,303,112,89 701,297,155,132 569,298,52,45
D:\2014-12-1车尾\1363765470_t@4740.jpg 422,307,105,85 710,298,164,143
D:\2014-12-1车尾\1363765470_t@4760.jpg 433,307,98,81 575,303,60,53 736,300,180,161
D:\2014-12-1车尾\1363765470_t@4780.jpg 425,308,95,76 757,295,208,177 573,299,62,51
D:\2014-12-1车尾\1363765470_t@4800.jpg 449,311,90,76 604,308,67,58 836,309,252,206
D:\2014-12-1车尾\1363765470_t@4820.jpg 461,300,89,74 632,298,70,61 974,275,301,278
D:\2014-12-1车尾\1363765470_t@4840.jpg 466,307,93,75 654,306,80,67
D:\2014-12-1车尾\1363765470_t@4860.jpg 467,306,93,78 676,304,90,77
D:\2014-12-1车尾\1363765470_t@4880.jpg 457,303,94,81 696,303,102,87
D:\2014-12-1车尾\1363765470_t@4900.jpg 462,303,102,85 737,302,117,103
D:\2014-12-1车尾\1363765470_t@4920.jpg 770,303,144,118 464,304,106,88
D:\2014-12-1车尾\1363765470_t@4940.jpg 466,301,111,94 818,302,175,142
D:\2014-12-1车尾\1363765470_t@4960.jpg 459,306,119,99 884,302,208,172
D:\2014-12-1车尾\1363765470_t@4980.jpg 451,300,123,106 954,299,270,212 711,297,54,50
D:\2014-12-1车尾\1363765470_t@5000.jpg 444,307,130,110 731,304,60,55 628,306,41,34
D:\2014-12-1车尾\1363765470_t@5020.jpg 433,306,141,113 759,303,65,59 638,302,44,37
D:\2014-12-1车尾\1363765470_t@5040.jpg 437,306,140,119 650,306,46,39 793,305,71,67
D:\2014-12-1车尾\1363765470_t@5060.jpg 436,309,145,120 659,305,49,41 829,307,80,75
D:\2014-12-1车尾\1363765470_t@5080.jpg 871,298,90,83 669,298,51,43 438,301,148,124
D:\2014-12-1车尾\1363765470_t@5100.jpg 438,307,148,125 917,307,104,92 678,308,53,43
D:\2014-12-1车尾\1363765470_t@5120.jpg 445,310,144,120 984,309,114,104 697,306,55,49
D:\2014-12-1车尾\1363765470_t@5140.jpg 447,308,135,118 711,306,59,50 1063,305,129,119
D:\2014-12-1车尾\1363765470_t@5160.jpg 433,312,142,119 726,310,63,55 1166,312,110,138
D:\2014-12-1车尾\1363765470_t@5180.jpg 412,311,145,123 741,308,67,61
D:\2014-12-1车尾\1363765470_t@5200.jpg 391,307,145,122 764,304,73,66
D:\2014-12-1车尾\1363765470_t@5220.jpg 376,308,151,123 795,304,84,74 539,305,42,34
D:\2014-12-1车尾\1363765470_t@5240.jpg 354,312,153,128 830,307,94,84
D:\2014-12-1车尾\1363765470_t@5260.jpg 293,310,162,128 847,309,106,95
D:\2014-12-1车尾\1363765470_t@5280.jpg 884,307,130,111 221,312,172,135 495,308,45,40
D:\2014-12-1车尾\1363765470_t@5300.jpg 159,313,186,146 369,312,48,38 491,309,49,41 974,305,166,143
D:\2014-12-1车尾\1363765470_t@5320.jpg 94,308,197,157 487,303,51,45 360,307,49,42
D:\2014-12-1车尾\1363765470_t@5340.jpg 48,310,208,172 364,305,51,46 494,305,53,47 584,305,53,42
D:\2014-12-1车尾\1363765470_t@5360.jpg 9,319,222,172 364,312,50,45 496,310,58,48 598,311,57,49
D:\2014-12-1车尾\1363765470_t@5380.jpg 1077,290,51,47 803,292,50,50 617,304,64,53 503,303,61,50 363,304,57,46 2,312,225,183
D:\2014-12-1车尾\1363765470_t@5400.jpg 1,307,204,189 363,304,53,48 509,304,63,54 635,304,72,61 812,292,55,53
D:\2014-12-1车尾\1363765470_t@5420.jpg 3,312,186,200 362,307,54,49 513,306,71,62 661,308,79,70 829,294,62,58
D:\2014-12-1车尾\1363765470_t@5440.jpg 4,319,189,204 367,310,58,47 480,295,41,54 530,308,79,64 697,309,96,78 850,291,67,62
D:\2014-12-1车尾\1363765470_t@5460.jpg 3,310,197,210 374,304,54,46 488,288,40,53 558,303,84,69 750,304,116,97 875,287,70,69
D:\2014-12-1车尾\1363765470_t@5480.jpg 5,312,200,210 373,307,56,49 488,289,44,60 587,304,96,81 823,306,148,122
D:\2014-12-1车尾\1363765470_t@5500.jpg 4,305,211,218 380,304,55,49 497,287,45,61 632,301,109,90 944,304,205,159
D:\2014-12-1车尾\1363765470_t@5520.jpg 950,286,85,83 715,303,126,108 518,287,50,67 401,306,57,48 1,311,251,214
D:\2014-12-1车尾\1363765470_t@5540.jpg 68,307,253,206 424,305,55,46 544,284,55,72 718,303,72,64 837,300,162,129 994,283,88,89
D:\2014-12-1车尾\1363765470_t@5560.jpg 147,305,246,195 440,302,54,49 566,278,58,79 759,299,76,72 1019,295,221,161
D:\2014-12-1车尾\1363765470_t@5580.jpg 227,313,226,184 589,284,64,86 456,308,54,48 805,309,89,80 1061,290,101,98
D:\2014-12-1车尾\1363765470_t@5600.jpg 1094,294,110,102 859,309,108,98 611,285,69,94 282,313,213,171
D:\2014-12-1车尾\1363765470_t@5620.jpg 315,308,215,173 638,277,81,109 955,306,125,114 1137,285,113,111
D:\2014-12-1车尾\1363765470_t@5640.jpg 348,306,206,169 684,268,94,123 1104,300,172,151 581,307,47,44
D:\2014-12-1车尾\1363765470_t@5660.jpg 366,306,199,160 587,306,50,47 738,261,114,153
D:\2014-12-1车尾\1363765470_t@5680.jpg 382,307,187,152 592,306,55,52 813,255,143,188
D:\2014-12-1车尾\1363765470_t@5700.jpg 396,309,178,147 607,309,59,58 922,240,190,249
D:\2014-12-1车尾\1363765470_t@5720.jpg 407,309,173,138 629,307,68,68 827,292,46,46 578,259,63,79
D:\2014-12-1车尾\1363765470_t@5740.jpg 417,309,164,134 589,260,69,85 657,312,79,76
D:\2014-12-1车尾\1363765470_t@5760.jpg 422,306,160,132 602,249,77,94 696,306,95,94 964,286,63,60 1178,300,83,73
D:\2014-12-1车尾\1363765470_t@5780.jpg 437,310,148,121 621,249,80,103 749,312,118,117 1090,286,69,72
D:\2014-12-1车尾\1363765470_t@5800.jpg 442,304,153,128 636,237,94,119 850,309,163,165 1100,301,57,52
D:\2014-12-1车尾\1363765470_t@5820.jpg 451,305,149,128 654,228,106,137 1063,313,213,252
D:\2014-12-1车尾\1363765470_t@5840.jpg 441,306,155,126 665,218,124,159 1012,308,51,43
D:\2014-12-1车尾\1363765470_t@5860.jpg 424,304,154,127 681,202,146,181 1144,303,63,54 1031,300,43,35
D:\2014-12-1车尾\1363765470_t@5880.jpg 427,305,149,121 722,183,173,218
D:\2014-12-1车尾\1363765470_t@5900.jpg 769,154,213,264 415,302,142,120 546,302,52,47
D:\2014-12-1车尾\1363765470_t@5920.jpg 416,312,133,108 569,308,51,46 844,120,278,332
D:\2014-12-1车尾\1363765470_t@5940.jpg 426,309,128,103 587,306,51,44
D:\2014-12-1车尾\1363765470_t@5960.jpg 432,305,125,101 594,299,53,44
D:\2014-12-1车尾\1363765470_t@5980.jpg 449,305,120,102 614,304,48,42
D:\2014-12-1车尾\1363765470_t@6000.jpg 836,283,83,87 622,306,49,43 451,309,120,95
D:\2014-12-1车尾\1363765470_t@6020.jpg 462,304,116,90 637,301,49,39 860,277,89,91
D:\2014-12-1车尾\1363765470_t@6040.jpg 874,283,91,97 634,306,46,39 455,306,113,95
D:\2014-12-1车尾\1363765470_t@6060.jpg 447,309,116,95 630,306,47,41 895,283,104,107
D:\2014-12-1车尾\1363765470_t@6080.jpg 433,306,112,96 616,305,47,39 916,279,113,118
D:\2014-12-1车尾\1363765470_t@6100.jpg 939,274,123,130 605,309,44,37 415,308,113,93
D:\2014-12-1车尾\1363765470_t@6120.jpg 414,309,113,96 609,310,42,37 994,275,137,140
D:\2014-12-1车尾\1363765470_t@6140.jpg 1063,267,159,165 612,309,45,40 419,309,114,97
D:\2014-12-1车尾\1363765470_t@6160.jpg 429,323,118,96 617,322,44,36
D:\2014-12-1车尾\1363765470_t@6180.jpg 421,311,122,102 605,313,42,36
D:\2014-12-1车尾\1363765470_t@6200.jpg 410,308,129,104 598,310,43,38
D:\2014-12-1车尾\1363765470_t@6220.jpg 400,308,131,107 591,308,44,37
D:\2014-12-1车尾\1363765470_t@6240.jpg 383,313,132,106
D:\2014-12-1车尾\1363765470_t@6260.jpg 382,310,137,110
D:\2014-12-1车尾\1363765470_t@6280.jpg 372,311,139,109 574,309,41,37
D:\2014-12-1车尾\1363765470_t@6300.jpg 576,306,41,35 383,303,136,115
D:\2014-12-1车尾\1363765470_t@6320.jpg 385,310,137,112 576,312,38,36
D:\2014-12-1车尾\1363765470_t@6340.jpg 404,309,134,108 587,310,38,35
D:\2014-12-1车尾\1363765470_t@6360.jpg 427,313,130,107 592,316,41,31
D:\2014-12-1车尾\1363765470_t@6380.jpg 432,312,126,105 587,314,39,35
D:\2014-12-1车尾\1363765470_t@6400.jpg 587,315,39,34 435,313,126,103
D:\2014-12-1车尾\1363765470_t@6420.jpg 432,311,119,105 570,314,38,33
D:\2014-12-1车尾\1363765470_t@6440.jpg 419,312,121,100 1155,287,121,140
D:\2014-12-1车尾\1363765470_t@6460.jpg 430,305,118,101 1124,279,142,135
D:\2014-12-1车尾\1363765470_t@6480.jpg 435,313,117,102 565,314,36,30 1095,280,139,133
D:\2014-12-1车尾\1363765470_t@6500.jpg 431,312,125,105 1076,285,136,130
D:\2014-12-1车尾\1363765470_t@6520.jpg 429,303,126,106 669,297,39,35 1065,275,133,134
D:\2014-12-1车尾\1363765470_t@6540.jpg 413,306,133,110 1031,278,136,133
D:\2014-12-1车尾\1363765470_t@6560.jpg 414,299,132,110 1019,269,131,130
D:\2014-12-1车尾\1363765470_t@6580.jpg 401,300,129,110 670,295,43,41 992,272,129,127
D:\2014-12-1车尾\1363765470_t@6600.jpg 976,278,130,128 665,300,49,41 391,304,127,107
D:\2014-12-1车尾\1363765470_t@6620.jpg 393,308,129,105 992,278,133,135
D:\2014-12-1车尾\1363765470_t@6640.jpg 402,308,131,105 1030,274,149,145
D:\2014-12-1车尾\1363765470_t@6660.jpg 405,302,128,102 715,292,55,49 1078,269,158,151
D:\2014-12-1车尾\1363765470_t@6680.jpg 400,301,130,107 733,296,57,50
D:\2014-12-1车尾\1363765470_t@6700.jpg 412,307,129,104 779,299,62,53
D:\2014-12-1车尾\1363765470_t@6720.jpg 413,298,126,100 814,294,65,55
D:\2014-12-1车尾\1363765470_t@6740.jpg 422,302,116,104 665,294,53,43 855,299,64,57
D:\2014-12-1车尾\1363765470_t@6760.jpg 422,294,119,100 686,284,43,43 884,289,67,57
D:\2014-12-1车尾\1363765470_t@6780.jpg 898,299,73,63 687,294,47,45 425,304,111,93
D:\2014-12-1车尾\1363765470_t@6800.jpg 429,305,105,90 695,296,50,44 927,302,67,63
D:\2014-12-1车尾\1363765470_t@6820.jpg 433,302,105,89 698,297,59,47 946,302,75,69
D:\2014-12-1车尾\1363765470_t@6840.jpg 442,303,104,84 714,299,61,52 978,301,76,71
D:\2014-12-1车尾\1363765470_t@6860.jpg 447,303,100,85 728,300,62,56 1003,303,79,73
D:\2014-12-1车尾\1363765470_t@6880.jpg 450,310,94,78 737,308,68,57 1031,310,88,78
D:\2014-12-1车尾\1363765470_t@6900.jpg 452,315,91,76 751,313,75,63 1077,314,97,83
D:\2014-12-1车尾\1363765470_t@6920.jpg 452,315,90,76 774,312,79,68 1144,314,109,92
D:\2014-12-1车尾\1363765470_t@6940.jpg 452,308,85,72 796,306,89,76
D:\2014-12-1车尾\1363765470_t@6960.jpg 463,308,84,69 840,304,101,86
D:\2014-12-1车尾\1363765470_t@6980.jpg 472,315,79,68 888,310,115,95
D:\2014-12-1车尾\1363765470_t@7000.jpg 471,314,76,62 947,307,130,112
D:\2014-12-1车尾\1363765470_t@7020.jpg 468,313,74,62 1030,304,157,128
D:\2014-12-1车尾\1363765470_t@7040.jpg 464,313,70,65
D:\2014-12-1车尾\1363765470_t@7060.jpg 461,315,71,63 562,316,46,42 650,314,42,41
D:\2014-12-1车尾\1363765470_t@7080.jpg 453,318,73,64 562,317,50,46 657,316,47,44 730,318,40,37
D:\2014-12-1车尾\1363765470_t@7100.jpg 443,311,74,63 565,311,53,47 669,310,51,44
D:\2014-12-1车尾\1363765470_t@7120.jpg 441,311,73,64 575,310,56,50 693,308,55,50 784,308,48,47
D:\2014-12-1车尾\1363765470_t@7140.jpg 444,312,73,58 589,310,60,52 718,307,63,55 826,307,55,52
D:\2014-12-1车尾\1363765470_t@7160.jpg 442,311,72,61 598,310,61,55 746,307,66,58 874,308,64,58
D:\2014-12-1车尾\1363765470_t@7180.jpg 446,312,69,62 608,311,67,60 779,308,74,67 936,310,76,65
D:\2014-12-1车尾\1363765470_t@7200.jpg 444,314,71,60 615,311,73,64 815,309,83,76 1023,308,92,82
D:\2014-12-1车尾\1363765470_t@7220.jpg 446,309,71,63 627,310,81,68 867,304,98,87 1168,306,108,101
D:\2014-12-1车尾\1363765470_t@7240.jpg 449,311,71,62 641,311,87,75 925,306,120,101
D:\2014-12-1车尾\1363765470_t@7260.jpg 1019,301,142,124 663,308,96,83 460,309,72,63
D:\2014-12-1车尾\1363765470_t@7280.jpg 456,307,72,61 677,305,101,90 1113,298,163,158
D:\2014-12-1车尾\1363765470_t@7300.jpg 453,308,74,65 686,308,113,96 833,308,72,69
D:\2014-12-1车尾\1363765470_t@7320.jpg 459,303,76,67 712,304,124,112 912,306,94,90
D:\2014-12-1车尾\1363765470_t@7340.jpg 1199,290,78,79 1051,302,125,115 751,303,135,123 471,307,77,65
D:\2014-12-1车尾\1363765470_t@7360.jpg 488,307,80,70 802,308,154,132
D:\2014-12-1车尾\1363765470_t@7380.jpg 853,309,173,153 494,307,84,69
D:\2014-12-1车尾\1363765470_t@7400.jpg 913,305,187,170 510,301,80,75
D:\2014-12-1车尾\1363765470_t@7420.jpg 515,308,82,70 947,310,217,179
D:\2014-12-1车尾\1363765470_t@7440.jpg 993,311,242,200 514,308,85,71
D:\2014-12-1车尾\1363765470_t@7460.jpg 516,307,86,73 1053,311,220,217
D:\2014-12-1车尾\1363765470_t@7480.jpg 503,304,85,72
D:\2014-12-1车尾\1363765470_t@7500.jpg 499,309,87,74 753,307,49,46
D:\2014-12-1车尾\1363765470_t@7520.jpg 492,304,84,75 602,303,51,41 740,303,51,49
D:\2014-12-1车尾\1363765470_t@7540.jpg 826,296,45,41 722,302,59,53 612,301,52,41 494,304,87,75
D:\2014-12-1车尾\1363765470_t@7560.jpg 495,308,92,77 611,305,56,42 703,304,60,58 850,300,51,45
D:\2014-12-1车尾\1363765470_t@7580.jpg 487,301,92,76 682,299,66,61 868,295,55,51 736,297,49,51
D:\2014-12-1车尾\1363765470_t@7600.jpg 483,305,89,79 671,305,70,67 741,301,55,55 892,301,59,56
D:\2014-12-1车尾\1363765470_t@7620.jpg 470,307,92,77 664,308,77,71 748,300,57,59 915,302,63,58
D:\2014-12-1车尾\1363765470_t@7640.jpg 938,302,67,62 747,300,64,61 651,306,82,72 451,305,91,76
D:\2014-12-1车尾\1363765470_t@7660.jpg 453,308,89,75 587,306,54,46 663,308,84,78 777,301,65,67 990,303,74,67
D:\2014-12-1车尾\1363765470_t@7680.jpg 1057,299,80,74 810,298,71,73 672,306,91,82 459,307,88,75
D:\2014-12-1车尾\1363765470_t@7700.jpg 455,310,87,77 673,309,99,90 846,302,81,80 1133,302,93,84
D:\2014-12-1车尾\1363765470_t@7720.jpg 895,301,92,91 682,307,99,96 449,308,87,76
D:\2014-12-1车尾\1363765470_t@7740.jpg 580,304,68,52 680,305,108,99 958,295,102,105 444,307,90,75
D:\2014-12-1车尾\1363765470_t@7760.jpg 444,308,91,79 582,307,68,53 687,308,113,103 1040,294,121,123
D:\2014-12-1车尾\1363765470_t@7780.jpg 449,303,88,75 692,304,120,109 1163,285,114,148 593,300,67,55
D:\2014-12-1车尾\1363765470_t@7800.jpg 451,305,95,77 599,302,69,60 702,305,120,111
D:\2014-12-1车尾\1363765470_t@7820.jpg 698,307,128,115 450,306,90,78 604,303,74,58
D:\2014-12-1车尾\1363765470_t@7840.jpg 445,308,90,76 700,308,127,114 602,306,77,63
D:\2014-12-1车尾\1363765470_t@7860.jpg 441,303,93,78 699,304,128,118 607,302,78,61
D:\2014-12-1车尾\1363765470_t@7880.jpg 443,305,93,73 689,306,132,114
D:\2014-12-1车尾\1363765470_t@7900.jpg 657,304,133,122 445,306,87,75
D:\2014-12-1车尾\1363765470_t@7920.jpg 444,307,88,71 636,308,134,119
D:\2014-12-1车尾\1363765470_t@7940.jpg 619,301,132,123 444,299,81,72
D:\2014-12-1车尾\1363765470_t@7960.jpg 607,307,132,122 433,307,83,71
D:\2014-12-1车尾\1363765470_t@7980.jpg 433,312,79,65 619,309,121,118
D:\2014-12-1车尾\1363765470_t@8000.jpg 635,310,126,116 440,310,79,67
D:\2014-12-1车尾\1363765470_t@8020.jpg 442,304,77,64 643,300,124,117
D:\2014-12-1车尾\1363765470_t@8040.jpg 637,310,126,113 441,311,73,62
D:\2014-12-1车尾\1363765470_t@8060.jpg 630,300,125,118 438,301,76,66
D:\2014-12-1车尾\1363765470_t@8080.jpg 438,303,78,61 627,302,130,115
D:\2014-12-1车尾\1363765470_t@8100.jpg 638,300,131,127 440,303,74,65
D:\2014-12-1车尾\1363765470_t@8120.jpg 453,308,73,62 665,308,138,126
D:\2014-12-1车尾\1363765470_t@8140.jpg 677,303,146,130 443,302,77,68
D:\2014-12-1车尾\1363765470_t@8160.jpg 451,305,73,64 703,304,150,139
D:\2014-12-1车尾\1363765470_t@8180.jpg 720,307,162,144 451,306,78,64
D:\2014-12-1车尾\1363765470_t@8200.jpg 448,300,79,65 735,302,170,154
D:\2014-12-1车尾\1363765470_t@8220.jpg 748,306,184,163
D:\2014-12-1车尾\1363765470_t@8240.jpg 455,304,75,65 757,302,196,177
D:\2014-12-1车尾\1363765470_t@8260.jpg 448,306,72,61 797,303,219,194
D:\2014-12-1车尾\1363765470_t@8280.jpg 869,308,254,219 457,302,75,64
D:\2014-12-1车尾\1363765470_t@8300.jpg 453,306,74,62 730,303,138,114 967,312,305,257
D:\2014-12-1车尾\1363765470_t@8320.jpg 763,303,147,119 452,304,76,62
D:\2014-12-1车尾\1363765470_t@8340.jpg 449,306,77,63 799,309,166,133
D:\2014-12-1车尾\1363765470_t@8360.jpg 857,300,195,161 1098,299,138,126 462,304,77,62
D:\2014-12-1车尾\1363765470_t@8380.jpg 469,312,76,68 607,313,55,42 943,306,221,194
D:\2014-12-1车尾\1363765470_t@8400.jpg 1010,304,265,226 608,306,49,46 464,307,78,65
D:\2014-12-1车尾\1363765470_t@8420.jpg 450,310,80,62 594,310,52,44
D:\2014-12-1车尾\1363765470_t@8440.jpg 444,309,79,65 590,310,54,46
D:\2014-12-1车尾\1363765470_t@8460.jpg 444,312,79,64 593,311,54,46
D:\2014-12-1车尾\1363765470_t@8480.jpg 441,309,77,65 595,308,53,50
D:\2014-12-1车尾\1363765470_t@8500.jpg 594,309,56,50 438,310,80,65
D:\2014-12-1车尾\1363765470_t@8520.jpg 437,307,75,63 596,306,56,52
D:\2014-12-1车尾\1363765470_t@8540.jpg 439,307,73,66 606,307,53,53
D:\2014-12-1车尾\1363765470_t@8560.jpg 441,309,74,63 614,309,58,53
D:\2014-12-1车尾\1363765470_t@8580.jpg 605,305,64,56 428,304,80,67
D:\2014-12-1车尾\1363765470_t@8600.jpg 430,320,79,68 608,321,65,61
D:\2014-12-1车尾\1363765470_t@8620.jpg 617,309,66,61 441,309,73,63
D:\2014-12-1车尾\1363765470_t@8640.jpg 451,314,74,62 624,312,66,64
D:\2014-12-1车尾\1363765470_t@8660.jpg 615,311,68,60 446,312,77,62
D:\2014-12-1车尾\1363765470_t@8680.jpg 450,309,76,65 619,309,69,61 694,307,41,47
D:\2014-12-1车尾\1363765470_t@8700.jpg 439,309,77,65 604,307,72,63 686,307,50,52
D:\2014-12-1车尾\1363765470_t@8720.jpg 445,311,75,63 606,308,75,66 703,307,47,53
D:\2014-12-1车尾\1363765470_t@8740.jpg 710,306,53,57 603,309,74,70 442,311,78,67
D:\2014-12-1车尾\1363765470_t@8760.jpg 442,307,80,68 600,305,78,68 722,307,56,56
D:\2014-12-1车尾\1363765470_t@8780.jpg 735,307,57,63 605,312,77,66 444,314,78,65
D:\2014-12-1车尾\1363765470_t@8800.jpg 443,316,77,68 608,315,75,67 747,313,59,61
D:\2014-12-1车尾\1363765470_t@8820.jpg 763,297,58,70 612,299,78,72 439,300,77,68
D:\2014-12-1车尾\1363765470_t@8840.jpg 429,308,81,70 612,308,84,74 774,305,66,73
D:\2014-12-1车尾\1363765470_t@8860.jpg 785,299,70,75 617,301,83,74 420,304,79,69
D:\2014-12-1车尾\1363765470_t@8880.jpg 421,307,87,72 632,303,84,75 810,299,73,84
D:\2014-12-1车尾\1363765470_t@8900.jpg 832,304,78,85 650,310,87,76 438,310,79,73
D:\2014-12-1车尾\1363765470_t@8920.jpg 433,304,86,75 657,302,85,74 844,299,78,86
D:\2014-12-1车尾\1363765470_t@8940.jpg 852,304,82,90 657,308,89,78 434,309,86,76
D:\2014-12-1车尾\1363765470_t@8960.jpg 856,304,81,93 662,309,87,77 429,310,91,78
D:\2014-12-1车尾\1363765470_t@8980.jpg 417,296,103,87 660,296,88,78 855,296,87,90
D:\2014-12-1车尾\1363765470_t@9000.jpg 846,291,85,93 652,294,89,79 404,296,114,93
