D:\2014-12-1车尾\1364612843@0.jpg 589,273,173,160
D:\2014-12-1车尾\1364612843@20.jpg 594,273,168,163
D:\2014-12-1车尾\1364612843@40.jpg 600,272,164,163
D:\2014-12-1车尾\1364612843@100.jpg 752,305,97,89
D:\2014-12-1车尾\1364612843@120.jpg 754,304,99,92
D:\2014-12-1车尾\1364612843@140.jpg 757,307,102,85
D:\2014-12-1车尾\1364612843@160.jpg 760,305,100,88
D:\2014-12-1车尾\1364612843@180.jpg 765,306,98,86
D:\2014-12-1车尾\1364612843@200.jpg 770,305,97,86
D:\2014-12-1车尾\1364612843@220.jpg 771,305,95,84
D:\2014-12-1车尾\1364612843@240.jpg 777,308,96,78
D:\2014-12-1车尾\1364612843@260.jpg 781,307,99,81
D:\2014-12-1车尾\1364612843@280.jpg 783,307,99,79
D:\2014-12-1车尾\1364612843@300.jpg 794,307,101,84
D:\2014-12-1车尾\1364612843@320.jpg 805,311,107,85
D:\2014-12-1车尾\1364612843@340.jpg 811,310,107,89
D:\2014-12-1车尾\1364612843@360.jpg 815,312,111,93
D:\2014-12-1车尾\1364612843@380.jpg 816,311,120,97
D:\2014-12-1车尾\1364612843@400.jpg 818,310,123,101
D:\2014-12-1车尾\1364612843@420.jpg 820,312,122,101
D:\2014-12-1车尾\1364612843@440.jpg 821,311,122,101
D:\2014-12-1车尾\1364612843@460.jpg 820,311,126,101
D:\2014-12-1车尾\1364612843@480.jpg 819,312,124,100
D:\2014-12-1车尾\1364612843@500.jpg 820,311,122,98
D:\2014-12-1车尾\1364612843@520.jpg 822,312,120,99
D:\2014-12-1车尾\1364612843@620.jpg 820,313,122,99
D:\2014-12-1车尾\1364612843@640.jpg 822,311,120,99
D:\2014-12-1车尾\1364612843@660.jpg 820,312,123,98
D:\2014-12-1车尾\1364612843@680.jpg 823,313,117,95
D:\2014-12-1车尾\1364612843@700.jpg 826,312,116,95
D:\2014-12-1车尾\1364612843@720.jpg 827,312,112,92
D:\2014-12-1车尾\1364612843@740.jpg 829,311,104,91
D:\2014-12-1车尾\1364612843@760.jpg 825,312,103,86
D:\2014-12-1车尾\1364612843@780.jpg 824,312,97,83
D:\2014-12-1车尾\1364612843@800.jpg 825,313,93,78
D:\2014-12-1车尾\1364612843@820.jpg 821,311,92,79
D:\2014-12-1车尾\1364612843@840.jpg 822,313,89,75
D:\2014-12-1车尾\1364612843@860.jpg 820,314,89,76
D:\2014-12-1车尾\1364612843@880.jpg 814,315,92,76
D:\2014-12-1车尾\1364612843@900.jpg 791,314,88,78 199,12,478,493
D:\2014-12-1车尾\1364612843@920.jpg 1061,285,212,283 735,311,92,80 175,25,453,466
D:\2014-12-1车尾\1364612843@940.jpg 674,311,94,80
D:\2014-12-1车尾\1364612843@960.jpg 618,310,93,78
D:\2014-12-1车尾\1364612843@980.jpg 594,309,92,80
D:\2014-12-1车尾\1364612843@1000.jpg 586,309,93,78
D:\2014-12-1车尾\1364612843@1020.jpg 586,310,90,81
D:\2014-12-1车尾\1364612843@1040.jpg 586,310,89,79
D:\2014-12-1车尾\1364612843@1060.jpg 584,309,91,81
D:\2014-12-1车尾\1364612843@1080.jpg 585,309,90,79
D:\2014-12-1车尾\1364612843@1380.jpg 580,309,90,81
D:\2014-12-1车尾\1364612843@1400.jpg 577,311,91,76
D:\2014-12-1车尾\1364612843@1420.jpg 577,311,89,75
D:\2014-12-1车尾\1364612843@1440.jpg 579,311,88,76
D:\2014-12-1车尾\1364612843@1460.jpg 580,309,87,76
D:\2014-12-1车尾\1364612843@1480.jpg 576,310,88,77
D:\2014-12-1车尾\1364612843@1500.jpg 576,309,87,77
D:\2014-12-1车尾\1364612843@1520.jpg 574,310,86,75
D:\2014-12-1车尾\1364612843@1540.jpg 574,311,82,72
D:\2014-12-1车尾\1364612843@1560.jpg 564,310,81,71
D:\2014-12-1车尾\1364612843@1600.jpg 516,318,75,66
D:\2014-12-1车尾\1364612843@1620.jpg 495,318,73,66
D:\2014-12-1车尾\1364612843@1640.jpg 508,313,75,67
D:\2014-12-1车尾\1364612843@1660.jpg 530,312,76,67
D:\2014-12-1车尾\1364612843@1680.jpg 543,313,76,69
D:\2014-12-1车尾\1364612843@1740.jpg 441,321,94,80
D:\2014-12-1车尾\1364612843@1760.jpg 318,314,110,90
D:\2014-12-1车尾\1364612843@1780.jpg 240,312,124,99
D:\2014-12-1车尾\1364612843@1800.jpg 236,312,142,115
D:\2014-12-1车尾\1364612843@1820.jpg 258,307,158,130
D:\2014-12-1车尾\1364612843@1840.jpg 309,308,181,146
D:\2014-12-1车尾\1364612843@1860.jpg 364,310,208,169
D:\2014-12-1车尾\1364612843@1880.jpg 393,306,244,201
D:\2014-12-1车尾\1364612843@1900.jpg 399,306,299,241
D:\2014-12-1车尾\1364612843@1920.jpg 424,295,360,289
D:\2014-12-1车尾\1364612843@1940.jpg 454,292,415,336
D:\2014-12-1车尾\1364612843@1960.jpg 462,291,461,365
D:\2014-12-1车尾\1364612843@1980.jpg 470,288,500,396
D:\2014-12-1车尾\1364612843@2000.jpg 482,290,518,401
D:\2014-12-1车尾\1364612843@2020.jpg 485,290,538,412
D:\2014-12-1车尾\1364612843@2040.jpg 490,289,563,428
D:\2014-12-1车尾\1364612843@2060.jpg 1,240,311,316 503,288,564,427
D:\2014-12-1车尾\1364612843@2080.jpg 200,263,226,229 521,290,549,421
D:\2014-12-1车尾\1364612843@2100.jpg 527,286,553,432
D:\2014-12-1车尾\1364612843@2120.jpg 67,293,311,261 517,287,574,430
D:\2014-12-1车尾\1364612843@2140.jpg 196,305,107,114 271,304,219,183 524,289,550,417
D:\2014-12-1车尾\1364612843@2160.jpg 515,292,480,368 271,306,94,97
D:\2014-12-1车尾\1364612843@2180.jpg 512,303,393,317 350,315,81,86
D:\2014-12-1车尾\1364612843@2200.jpg 479,308,361,286 824,309,255,223
D:\2014-12-1车尾\1364612843@2220.jpg 881,305,317,260 489,310,330,262
D:\2014-12-1车尾\1364612843@2240.jpg 45,305,258,212 515,309,303,246
D:\2014-12-1车尾\1364612843@2260.jpg 505,311,276,223 843,311,171,146 153,305,229,184 48,309,120,98
D:\2014-12-1车尾\1364612843@2280.jpg 0,304,125,104 204,304,204,170 484,306,257,217 839,302,191,175
D:\2014-12-1车尾\1364612843@2300.jpg 838,300,232,203 475,304,247,208 248,305,192,160
D:\2014-12-1车尾\1364612843@2320.jpg 270,304,189,154 464,299,255,210 872,295,273,238
D:\2014-12-1车尾\1364612843@2340.jpg 912,287,334,288 441,300,277,226
D:\2014-12-1车尾\1364612843@2360.jpg 422,293,303,250 958,277,315,329 701,305,112,100
D:\2014-12-1车尾\1364612843@2380.jpg 404,294,325,267 697,306,114,102
D:\2014-12-1车尾\1364612843@2400.jpg 403,300,333,269 701,306,115,105
D:\2014-12-1车尾\1364612843@2420.jpg 411,295,319,264
D:\2014-12-1车尾\1364612843@2440.jpg 424,299,301,247
D:\2014-12-1车尾\1364612843@2460.jpg 436,299,279,227
D:\2014-12-1车尾\1364612843@2480.jpg 446,299,259,215
D:\2014-12-1车尾\1364612843@2500.jpg 450,302,248,207
D:\2014-12-1车尾\1364612843@2520.jpg 456,306,248,206
D:\2014-12-1车尾\1364612843@2540.jpg 492,312,256,212
D:\2014-12-1车尾\1364612843@2560.jpg 3,215,368,416 608,304,274,226
D:\2014-12-1车尾\1364612843@2580.jpg 708,303,295,239 55,229,445,376
D:\2014-12-1车尾\1364612843@2600.jpg 207,242,335,308 738,300,306,244
D:\2014-12-1车尾\1364612843@2620.jpg 735,300,315,253 303,263,252,231
D:\2014-12-1车尾\1364612843@2640.jpg 409,280,182,178 766,305,325,261
D:\2014-12-1车尾\1364612843@2660.jpg 489,290,147,143 703,183,215,239 836,303,346,279 189,316,122,104
D:\2014-12-1车尾\1364612843@2680.jpg 569,298,128,123 743,171,249,267 931,306,344,314
D:\2014-12-1车尾\1364612843@2700.jpg 67,309,340,262 620,295,115,111 776,137,297,313
D:\2014-12-1车尾\1364612843@2720.jpg 778,94,365,384 219,313,261,215 632,303,102,102 14,311,186,146
D:\2014-12-1车尾\1364612843@2740.jpg 254,317,111,111 338,320,222,182 658,302,96,94 841,12,428,503
D:\2014-12-1车尾\1364612843@2760.jpg 743,302,94,92 492,316,202,167 242,314,141,127
D:\2014-12-1车尾\1364612843@2780.jpg 94,310,189,169 535,315,189,156 746,299,98,93
D:\2014-12-1车尾\1364612843@2800.jpg 159,297,166,158 514,311,181,152 733,298,90,92
D:\2014-12-1车尾\1364612843@2820.jpg 457,311,175,148 716,299,96,92
D:\2014-12-1车尾\1364612843@2840.jpg 57,258,151,182 382,309,179,149 553,314,73,73 703,295,99,98 197,196,139,198
D:\2014-12-1车尾\1364612843@2860.jpg 80,178,171,241 328,317,191,157 521,323,84,78 699,302,102,101
D:\2014-12-1车尾\1364612843@2880.jpg 689,305,105,103 491,323,94,88 243,320,217,175 596,275,72,87
D:\2014-12-1车尾\1364612843@2900.jpg 101,309,284,224 459,318,113,96 685,292,117,115 572,262,84,98
D:\2014-12-1车尾\1364612843@2920.jpg 673,293,124,119 436,314,127,111
D:\2014-12-1车尾\1364612843@2940.jpg 80,302,198,177 419,307,144,124 657,284,135,130
D:\2014-12-1车尾\1364612843@2960.jpg 203,304,157,139 434,312,167,140 668,284,141,139
D:\2014-12-1车尾\1364612843@2980.jpg 687,280,149,148 459,313,197,166 125,301,232,180
D:\2014-12-1车尾\1364612843@3000.jpg 452,316,241,204 675,279,162,160 5,299,260,273
D:\2014-12-1车尾\1364612843@3020.jpg 184,295,180,167 433,304,289,247 639,274,169,169
D:\2014-12-1车尾\1364612843@3040.jpg 96,289,238,208 453,305,309,262 705,197,177,211
D:\2014-12-1车尾\1364612843@3060.jpg 0,287,297,253 475,306,314,262 730,180,210,241
D:\2014-12-1车尾\1364612843@3080.jpg 486,312,304,254 764,171,230,268 1,289,223,333
D:\2014-12-1车尾\1364612843@3100.jpg 481,316,303,251 796,148,266,305
D:\2014-12-1车尾\1364612843@3120.jpg 481,307,296,250
D:\2014-12-1车尾\1364612843@3140.jpg 490,311,288,247
D:\2014-12-1车尾\1364612843@3160.jpg 500,309,304,253
D:\2014-12-1车尾\1364612843@3180.jpg 500,306,365,291
D:\2014-12-1车尾\1364612843@3200.jpg 484,294,431,347
D:\2014-12-1车尾\1364612843@3220.jpg 476,300,468,363
D:\2014-12-1车尾\1364612843@3240.jpg 470,298,483,382
D:\2014-12-1车尾\1364612843@3260.jpg 474,304,467,368
D:\2014-12-1车尾\1364612843@3280.jpg 2,285,282,256 478,307,434,348
D:\2014-12-1车尾\1364612843@3300.jpg 477,311,400,322
D:\2014-12-1车尾\1364612843@3320.jpg 471,313,385,309
D:\2014-12-1车尾\1364612843@3340.jpg 451,311,364,290
D:\2014-12-1车尾\1364612843@3360.jpg 438,309,338,278
D:\2014-12-1车尾\1364612843@3380.jpg 413,313,330,264
D:\2014-12-1车尾\1364612843@3400.jpg 74,281,213,184
D:\2014-12-1车尾\1364612843@3420.jpg 375,307,309,259 49,276,217,191
D:\2014-12-1车尾\1364612843@3440.jpg 10,274,228,199 350,306,308,256
D:\2014-12-1车尾\1364612843@3460.jpg 330,306,304,253 3,271,219,213
D:\2014-12-1车尾\1364612843@3480.jpg 309,308,304,259
D:\2014-12-1车尾\1364612843@3500.jpg 290,311,317,265
D:\2014-12-1车尾\1364612843@3520.jpg 267,306,342,284
D:\2014-12-1车尾\1364612843@3540.jpg 242,303,375,303
D:\2014-12-1车尾\1364612843@3560.jpg 232,304,394,316 530,273,185,178
D:\2014-12-1车尾\1364612843@3580.jpg 16,304,209,184 232,308,393,317 537,276,188,179
D:\2014-12-1车尾\1364612843@3600.jpg 535,277,189,177 224,304,401,325
D:\2014-12-1车尾\1364612843@3620.jpg 211,305,412,330 545,277,178,171
D:\2014-12-1车尾\1364612843@3640.jpg 213,305,410,329 548,279,170,164
D:\2014-12-1车尾\1364612843@3660.jpg 227,307,390,304 555,280,164,157
D:\2014-12-1车尾\1364612843@3680.jpg 564,283,158,150 270,308,347,281
D:\2014-12-1车尾\1364612843@3700.jpg 288,312,315,259 566,282,154,155 132,284,170,168
D:\2014-12-1车尾\1364612843@3720.jpg 102,280,190,175 305,312,296,247 568,281,161,157
D:\2014-12-1车尾\1364612843@3740.jpg 316,307,286,240 571,279,172,162
D:\2014-12-1车尾\1364612843@3760.jpg 326,306,274,226 584,280,168,160 39,274,212,198
D:\2014-12-1车尾\1364612843@3780.jpg 14,270,223,214 334,310,260,219 593,281,167,161
D:\2014-12-1车尾\1364612843@3800.jpg 610,283,158,156 345,311,239,206
D:\2014-12-1车尾\1364612843@3820.jpg 353,316,235,194 631,286,156,150
D:\2014-12-1车尾\1364612843@3840.jpg 366,316,223,190 654,288,152,147
D:\2014-12-1车尾\1364612843@3860.jpg 256,319,131,111 390,319,216,183 686,293,144,138
D:\2014-12-1车尾\1364612843@3880.jpg 230,314,147,124 411,320,212,176 716,292,143,133
D:\2014-12-1车尾\1364612843@3900.jpg 202,312,161,139 442,314,200,176 741,292,135,133
D:\2014-12-1车尾\1364612843@3920.jpg 169,311,182,159 472,317,193,165 761,293,133,126
D:\2014-12-1车尾\1364612843@3940.jpg 113,306,204,175 479,315,189,162 770,288,136,135
D:\2014-12-1车尾\1364612843@3960.jpg 42,309,248,195 476,315,192,166 782,288,150,140
D:\2014-12-1车尾\1364612843@3980.jpg 1,306,241,226 475,312,201,174 802,285,162,151
D:\2014-12-1车尾\1364612843@4000.jpg 460,309,224,191 823,278,181,170
D:\2014-12-1车尾\1364612843@4020.jpg 449,309,250,217 848,279,191,178
D:\2014-12-1车尾\1364612843@4040.jpg 430,309,292,245 871,275,213,198
D:\2014-12-1车尾\1364612843@4060.jpg 415,304,328,275 894,268,228,210
D:\2014-12-1车尾\1364612843@4080.jpg 407,303,351,294 902,270,227,212
D:\2014-12-1车尾\1364612843@4100.jpg 399,312,371,304 885,277,215,194 1,302,223,196
D:\2014-12-1车尾\1364612843@4120.jpg 3,304,226,188 391,306,393,326 859,279,187,176
D:\2014-12-1车尾\1364612843@4140.jpg 817,283,171,157 388,304,394,323 5,298,237,189 285,309,114,97
D:\2014-12-1车尾\1364612843@4160.jpg 30,302,217,180 393,306,372,302 784,289,142,133
D:\2014-12-1车尾\1364612843@4180.jpg 312,310,103,87 69,306,199,164 409,305,329,276 748,293,124,114
D:\2014-12-1车尾\1364612843@4200.jpg 722,299,104,98 421,311,289,240 111,306,181,147
D:\2014-12-1车尾\1364612843@4220.jpg 148,313,171,137 435,317,257,216 706,307,89,87 334,316,94,83
D:\2014-12-1车尾\1364612843@4240.jpg 163,312,159,134 435,319,246,209 688,311,82,75 336,317,93,81
D:\2014-12-1车尾\1364612843@4260.jpg 157,305,162,135 419,308,267,221
D:\2014-12-1车尾\1364612843@4280.jpg 399,309,298,249 148,304,166,135 315,311,95,86
D:\2014-12-1车尾\1364612843@4300.jpg 806,114,303,339 366,305,349,291 133,302,163,138
D:\2014-12-1车尾\1364612843@4320.jpg 133,301,158,136 342,300,401,329 749,165,239,258
D:\2014-12-1车尾\1364612843@4340.jpg 714,195,187,208 324,300,431,353 133,306,167,133
D:\2014-12-1车尾\1364612843@4360.jpg 147,305,153,129 320,300,444,362 691,216,145,172
D:\2014-12-1车尾\1364612843@4380.jpg 312,302,458,368 157,304,150,122 661,232,121,146
D:\2014-12-1车尾\1364612843@4400.jpg 309,299,464,375
D:\2014-12-1车尾\1364612843@4420.jpg 311,302,461,377
D:\2014-12-1车尾\1364612843@4440.jpg 2,301,199,208 310,306,463,363
D:\2014-12-1车尾\1364612843@4460.jpg 4,301,217,198 310,302,459,350 811,115,313,343
D:\2014-12-1车尾\1364612843@4480.jpg 755,161,245,269 304,299,472,376 2,300,213,198
D:\2014-12-1车尾\1364612843@4500.jpg 310,304,466,370 717,195,196,217 0,305,224,194
D:\2014-12-1车尾\1364612843@4520.jpg 2,305,215,192 304,306,472,366
D:\2014-12-1车尾\1364612843@4540.jpg 305,309,469,364 1,305,225,189
D:\2014-12-1车尾\1364612843@4560.jpg 308,302,468,376 3,302,224,194
D:\2014-12-1车尾\1364612843@4580.jpg 839,102,332,362 308,302,463,369 3,299,222,198
D:\2014-12-1车尾\1364612843@4600.jpg 770,160,235,271
D:\2014-12-1车尾\1364612843@4620.jpg 722,195,185,214
D:\2014-12-1车尾\1364612843@4640.jpg 883,259,290,267
D:\2014-12-1车尾\1364612843@4660.jpg 798,276,207,193
D:\2014-12-1车尾\1364612843@4680.jpg 753,285,154,149
D:\2014-12-1车尾\1364612843@4700.jpg 716,290,128,121
D:\2014-12-1车尾\1364612843@4720.jpg 310,302,455,367
D:\2014-12-1车尾\1364612843@4740.jpg 316,302,446,358
D:\2014-12-1车尾\1364612843@4760.jpg 324,302,427,342
D:\2014-12-1车尾\1364612843@4780.jpg 2,304,230,193
D:\2014-12-1车尾\1364612843@4800.jpg 352,305,366,296 1,303,222,195
D:\2014-12-1车尾\1364612843@4820.jpg 3,304,229,191 371,309,324,264
D:\2014-12-1车尾\1364612843@4840.jpg 12,303,227,185 267,310,99,86 391,311,280,237
D:\2014-12-1车尾\1364612843@4860.jpg 401,309,255,217 27,308,226,178 1035,264,87,106
D:\2014-12-1车尾\1364612843@4880.jpg 409,317,234,196 48,309,214,175 304,313,86,78
D:\2014-12-1车尾\1364612843@4900.jpg 321,318,76,67 413,318,225,190 52,314,211,165
D:\2014-12-1车尾\1364612843@4920.jpg 40,314,206,164 411,315,231,197 327,316,81,72
D:\2014-12-1车尾\1364612843@4940.jpg 39,309,199,166 412,311,241,203 337,314,73,70
D:\2014-12-1车尾\1364612843@4960.jpg 414,313,240,203 347,314,80,66 42,310,199,165
D:\2014-12-1车尾\1364612843@4980.jpg 72,308,194,163 421,311,236,202
D:\2014-12-1车尾\1364612843@5000.jpg 429,310,229,197 943,299,53,66 119,308,178,152 2,315,109,105
D:\2014-12-1车尾\1364612843@5020.jpg 170,316,159,133 439,313,220,194
D:\2014-12-1车尾\1364612843@5040.jpg 428,313,225,184 206,314,150,124
D:\2014-12-1车尾\1364612843@5060.jpg 230,317,134,114 395,324,207,171
D:\2014-12-1车尾\1364612843@5080.jpg 505,319,130,109 309,323,213,172 144,295,100,108
D:\2014-12-1车尾\1364612843@5100.jpg 113,292,103,118 227,320,208,171 505,318,125,110
D:\2014-12-1车尾\1364612843@5120.jpg 506,316,127,112 439,319,68,65 148,315,220,172 77,286,113,125
D:\2014-12-1车尾\1364612843@5140.jpg 48,285,113,136 91,319,226,175 508,317,130,116 428,321,71,64
D:\2014-12-1车尾\1364612843@5160.jpg 505,313,134,118 50,313,229,176 2,280,124,147 421,318,70,62
D:\2014-12-1车尾\1364612843@5180.jpg 272,315,118,98 417,321,68,56 502,316,141,121 11,318,228,180
D:\2014-12-1车尾\1364612843@5200.jpg 4,319,212,185 273,315,109,96 418,317,64,58 504,309,147,125
D:\2014-12-1车尾\1364612843@5220.jpg 498,307,147,132 269,312,118,100 1,315,189,190
D:\2014-12-1车尾\1364612843@5240.jpg 491,307,153,137 269,313,115,101 399,320,59,54 0,318,173,196
D:\2014-12-1车尾\1364612843@5260.jpg 3,320,161,198 271,316,113,99 482,313,158,135
D:\2014-12-1车尾\1364612843@5280.jpg 469,309,168,145 271,314,110,100 4,320,161,199
D:\2014-12-1车尾\1364612843@5300.jpg 263,314,115,97 461,305,180,157 878,272,72,87
D:\2014-12-1车尾\1364612843@5320.jpg 411,307,204,179 225,311,118,100
D:\2014-12-1车尾\1364612843@5340.jpg 103,311,123,102 250,300,261,216
D:\2014-12-1车尾\1364612843@5360.jpg 11,305,333,280
D:\2014-12-1车尾\1364612843@5420.jpg 295,314,47,42
D:\2014-12-1车尾\1364612843@5440.jpg 362,313,47,42
D:\2014-12-1车尾\1364612843@5460.jpg 191,321,108,91
D:\2014-12-1车尾\1364612843@5480.jpg 6,281,191,197
D:\2014-12-1车尾\1364612843@5500.jpg 37,286,218,204
D:\2014-12-1车尾\1364612843@5520.jpg 24,291,217,207 314,327,97,91 533,324,52,48
D:\2014-12-1车尾\1364612843@5540.jpg 2,291,221,225 311,329,107,94 537,322,56,55
D:\2014-12-1车尾\1364612843@5560.jpg 284,310,122,105 527,308,69,58
D:\2014-12-1车尾\1364612843@5580.jpg 247,315,135,118 528,310,70,62
D:\2014-12-1车尾\1364612843@5600.jpg 186,312,175,137 527,308,78,65
D:\2014-12-1车尾\1364612843@5620.jpg 97,308,219,174 524,304,83,75
D:\2014-12-1车尾\1364612843@5640.jpg 6,307,203,224
D:\2014-12-1车尾\1364612843@5660.jpg 502,303,100,86
D:\2014-12-1车尾\1364612843@5680.jpg 217,309,148,135
D:\2014-12-1车尾\1364612843@5700.jpg 355,287,107,105 491,302,125,107 111,304,197,173
D:\2014-12-1车尾\1364612843@5720.jpg 5,298,211,231 355,282,100,116 487,296,139,120
D:\2014-12-1车尾\1364612843@5740.jpg 343,274,119,132 491,289,160,140
D:\2014-12-1车尾\1364612843@5760.jpg 2,308,234,193 344,274,128,142 510,286,179,159
D:\2014-12-1车尾\1364612843@5780.jpg 328,264,145,162 508,279,213,188
D:\2014-12-1车尾\1364612843@5800.jpg 310,253,168,189 525,275,247,218
D:\2014-12-1车尾\1364612843@5820.jpg 262,244,189,217 517,268,281,249
D:\2014-12-1车尾\1364612843@5840.jpg 508,265,307,266 193,231,238,252
D:\2014-12-1车尾\1364612843@5860.jpg 101,213,291,299 498,264,312,264
D:\2014-12-1车尾\1364612843@5880.jpg 463,262,311,266 1,189,319,368
D:\2014-12-1车尾\1364612843@5900.jpg 432,262,296,257
D:\2014-12-1车尾\1364612843@5920.jpg 399,269,274,237
D:\2014-12-1车尾\1364612843@5940.jpg 380,277,253,219
D:\2014-12-1车尾\1364612843@5960.jpg 358,274,245,208
D:\2014-12-1车尾\1364612843@5980.jpg 345,276,246,213
D:\2014-12-1车尾\1364612843@6000.jpg 355,261,252,215
D:\2014-12-1车尾\1364612843@6020.jpg 378,276,255,221
D:\2014-12-1车尾\1364612843@6040.jpg 224,310,150,134 408,281,259,218
D:\2014-12-1车尾\1364612843@6060.jpg 171,301,190,160 431,273,252,218
D:\2014-12-1车尾\1364612843@6080.jpg 89,299,214,187 427,274,246,213
D:\2014-12-1车尾\1364612843@6100.jpg 3,295,230,230 424,270,238,214
D:\2014-12-1车尾\1364612843@6120.jpg 421,276,238,206
D:\2014-12-1车尾\1364612843@6140.jpg 115,278,183,176 413,272,243,210
D:\2014-12-1车尾\1364612843@6160.jpg 36,273,215,199 408,270,246,220
D:\2014-12-1车尾\1364612843@6180.jpg 904,297,71,86 396,268,265,232 2,264,185,245
D:\2014-12-1车尾\1364612843@6200.jpg 167,306,178,149 383,267,281,241
D:\2014-12-1车尾\1364612843@6220.jpg 373,259,295,256 86,301,225,173
D:\2014-12-1车尾\1364612843@6240.jpg 0,304,268,206 362,263,317,272
D:\2014-12-1车尾\1364612843@6260.jpg 339,254,362,302
D:\2014-12-1车尾\1364612843@6280.jpg 321,234,391,336
D:\2014-12-1车尾\1364612843@6300.jpg 322,240,396,334 1126,280,102,130
D:\2014-12-1车尾\1364612843@6320.jpg 335,247,377,328
D:\2014-12-1车尾\1364612843@6340.jpg 331,245,375,322
D:\2014-12-1车尾\1364612843@6360.jpg 336,244,369,321
D:\2014-12-1车尾\1364612843@6380.jpg 334,243,371,321
D:\2014-12-1车尾\1364612843@6400.jpg 329,242,373,328
D:\2014-12-1车尾\1364612843@6420.jpg 315,238,397,343 41,304,217,176
D:\2014-12-1车尾\1364612843@6440.jpg 14,304,216,186 306,242,410,346
D:\2014-12-1车尾\1364612843@6460.jpg 303,242,419,354
D:\2014-12-1车尾\1364612843@6480.jpg 300,243,421,355
D:\2014-12-1车尾\1364612843@6540.jpg 297,239,417,356
D:\2014-12-1车尾\1364612843@6560.jpg 296,240,420,358
D:\2014-12-1车尾\1364612843@6580.jpg 295,241,427,359
D:\2014-12-1车尾\1364612843@6600.jpg 284,240,447,383
D:\2014-12-1车尾\1364612843@6620.jpg 261,233,485,410
D:\2014-12-1车尾\1364612843@6640.jpg 246,228,511,430
D:\2014-12-1车尾\1364612843@6660.jpg 247,225,514,436
D:\2014-12-1车尾\1364612843@8020.jpg 0,296,198,232
D:\2014-12-1车尾\1364612843@8040.jpg 3,296,209,231
D:\2014-12-1车尾\1364612843@8060.jpg 250,222,511,437
D:\2014-12-1车尾\1364612843@8080.jpg 252,228,510,433 2,299,213,227
D:\2014-12-1车尾\1364612843@8120.jpg 253,225,507,432
D:\2014-12-1车尾\1364612843@8140.jpg 255,229,497,420
D:\2014-12-1车尾\1364612843@8160.jpg 271,234,473,400
D:\2014-12-1车尾\1364612843@8180.jpg 277,235,460,388
D:\2014-12-1车尾\1364612843@8200.jpg 3,295,210,226 290,237,442,380
D:\2014-12-1车尾\1364612843@8220.jpg 290,235,440,381 1,296,223,220
D:\2014-12-1车尾\1364612843@8240.jpg 1,298,242,206 293,243,434,365
D:\2014-12-1车尾\1364612843@8260.jpg 296,242,430,366 30,298,244,193
D:\2014-12-1车尾\1364612843@8280.jpg 66,300,209,181 307,247,412,350
D:\2014-12-1车尾\1364612843@8300.jpg 327,249,383,328 99,303,212,169
D:\2014-12-1车尾\1364612843@8320.jpg 128,304,186,160 351,260,343,291
D:\2014-12-1车尾\1364612843@8340.jpg 382,267,300,259 148,306,176,156
D:\2014-12-1车尾\1364612843@8360.jpg 150,309,178,156 415,275,258,226
D:\2014-12-1车尾\1364612843@8380.jpg 439,277,233,207 129,307,193,165
D:\2014-12-1车尾\1364612843@8400.jpg 81,303,223,183 462,280,210,189
D:\2014-12-1车尾\1364612843@8420.jpg 483,287,198,174 4,301,252,220
D:\2014-12-1车尾\1364612843@8440.jpg 284,305,123,117 493,281,192,169
D:\2014-12-1车尾\1364612843@8460.jpg 501,291,182,157 288,311,124,123
D:\2014-12-1车尾\1364612843@8480.jpg 301,310,121,123 517,295,166,140
D:\2014-12-1车尾\1364612843@8500.jpg 304,312,125,120 520,294,152,135
D:\2014-12-1车尾\1364612843@8520.jpg 250,315,124,123 475,303,143,125
D:\2014-12-1车尾\1364612843@8540.jpg 233,312,127,127 471,298,138,124
D:\2014-12-1车尾\1364612843@8560.jpg 223,304,130,127 475,295,139,123
D:\2014-12-1车尾\1364612843@8580.jpg 219,303,136,135 486,293,142,127
D:\2014-12-1车尾\1364612843@8600.jpg 491,295,145,131 229,311,133,129
D:\2014-12-1车尾\1364612843@8620.jpg 215,303,135,139 480,292,155,135
D:\2014-12-1车尾\1364612843@8640.jpg 210,302,146,147 483,286,168,152
D:\2014-12-1车尾\1364612843@8660.jpg 462,281,190,169 183,301,157,154
D:\2014-12-1车尾\1364612843@8680.jpg 441,278,218,192 158,302,162,165
D:\2014-12-1车尾\1364612843@8700.jpg 140,294,175,172 410,265,259,227
D:\2014-12-1车尾\1364612843@8720.jpg 386,256,313,271 172,301,163,171
D:\2014-12-1车尾\1364612843@8740.jpg 9,311,156,132 361,253,371,317 228,303,147,152
D:\2014-12-1车尾\1364612843@8760.jpg 88,303,143,118 324,245,392,328
D:\2014-12-1车尾\1364612843@8780.jpg 166,298,122,107 295,242,383,330
D:\2014-12-1车尾\1364612843@8800.jpg 584,206,168,200 295,241,353,306
D:\2014-12-1车尾\1364612843@8820.jpg 319,252,315,267 617,201,178,199
D:\2014-12-1车尾\1364612843@8840.jpg 74,281,153,201 339,286,293,249 661,215,179,213
D:\2014-12-1车尾\1364612843@8860.jpg 723,200,183,231 350,280,285,251 172,277,136,183
D:\2014-12-1车尾\1364612843@8880.jpg 232,264,124,175 359,272,287,243 807,163,223,282
D:\2014-12-1车尾\1364612843@8900.jpg 377,253,280,242 921,95,298,373
D:\2014-12-1车尾\1364612843@8920.jpg 313,278,118,159 424,274,269,233 748,333,61,55
