D:\2014-12-1车尾\1364352112_t@0.jpg 313,269,487,423 666,173,168,195 1044,276,230,308
D:\2014-12-1车尾\1364352112_t@20.jpg 839,276,238,199 314,267,488,419
D:\2014-12-1车尾\1364352112_t@40.jpg 312,267,492,427 761,277,170,146
D:\2014-12-1车尾\1364352112_t@60.jpg 713,274,140,122 313,267,488,427
D:\2014-12-1车尾\1364352112_t@80.jpg 308,268,494,439
D:\2014-12-1车尾\1364352112_t@120.jpg 936,270,249,233
D:\2014-12-1车尾\1364352112_t@140.jpg 804,272,196,165
D:\2014-12-1车尾\1364352112_t@160.jpg 757,270,143,132
D:\2014-12-1车尾\1364352112_t@180.jpg 717,272,119,107
D:\2014-12-1车尾\1364352112_t@200.jpg 694,271,107,95
D:\2014-12-1车尾\1364352112_t@220.jpg 910,283,244,205
D:\2014-12-1车尾\1364352112_t@240.jpg 795,280,168,144
D:\2014-12-1车尾\1364352112_t@260.jpg 746,276,130,122
D:\2014-12-1车尾\1364352112_t@280.jpg 711,278,117,99
D:\2014-12-1车尾\1364352112_t@320.jpg 884,280,248,203
D:\2014-12-1车尾\1364352112_t@340.jpg 785,277,182,154
D:\2014-12-1车尾\1364352112_t@360.jpg 744,277,152,128
D:\2014-12-1车尾\1364352112_t@380.jpg 721,275,134,113
D:\2014-12-1车尾\1364352112_t@400.jpg 704,276,123,105
D:\2014-12-1车尾\1364352112_t@420.jpg 701,277,106,94
D:\2014-12-1车尾\1364352112_t@500.jpg 816,274,208,179
D:\2014-12-1车尾\1364352112_t@520.jpg 726,272,152,132
D:\2014-12-1车尾\1364352112_t@620.jpg 890,284,235,192
D:\2014-12-1车尾\1364352112_t@640.jpg 761,281,163,136
D:\2014-12-1车尾\1364352112_t@660.jpg 704,279,126,105
D:\2014-12-1车尾\1364352112_t@680.jpg 921,282,254,213
D:\2014-12-1车尾\1364352112_t@700.jpg 783,281,167,147
D:\2014-12-1车尾\1364352112_t@720.jpg 726,278,129,113
D:\2014-12-1车尾\1364352112_t@760.jpg 986,254,282,254
D:\2014-12-1车尾\1364352112_t@780.jpg 832,257,185,176
D:\2014-12-1车尾\1364352112_t@800.jpg 760,261,145,132
D:\2014-12-1车尾\1364352112_t@820.jpg 715,262,121,110
D:\2014-12-1车尾\1364352112_t@860.jpg 871,215,267,252
D:\2014-12-1车尾\1364352112_t@880.jpg 773,234,187,185
D:\2014-12-1车尾\1364352112_t@900.jpg 718,244,151,145
D:\2014-12-1车尾\1364352112_t@920.jpg 872,278,217,190
D:\2014-12-1车尾\1364352112_t@940.jpg 777,274,154,138
D:\2014-12-1车尾\1364352112_t@960.jpg 720,273,127,113
D:\2014-12-1车尾\1364352112_t@1000.jpg 935,282,254,208
D:\2014-12-1车尾\1364352112_t@1020.jpg 308,270,476,391
D:\2014-12-1车尾\1364352112_t@1040.jpg 350,272,405,341 752,277,146,117
D:\2014-12-1车尾\1364352112_t@1060.jpg 390,271,336,293 721,277,123,100
D:\2014-12-1车尾\1364352112_t@1080.jpg 416,274,274,238 697,275,104,86
D:\2014-12-1车尾\1364352112_t@1100.jpg 50,110,319,312 455,276,212,190 688,277,94,77
D:\2014-12-1车尾\1364352112_t@1120.jpg 493,276,165,153 702,280,85,73 159,141,255,265
D:\2014-12-1车尾\1364352112_t@1140.jpg 257,160,214,227 536,276,142,132 731,283,80,70
D:\2014-12-1车尾\1364352112_t@1160.jpg 372,178,182,194 610,278,120,111 796,287,75,64
D:\2014-12-1车尾\1364352112_t@1180.jpg 56,183,334,395 449,192,160,176 662,281,102,94 856,293,75,62
D:\2014-12-1车尾\1364352112_t@1200.jpg 1036,295,230,196 634,293,91,80 850,299,73,60 193,218,250,297
D:\2014-12-1车尾\1364352112_t@1220.jpg 170,228,223,256 830,288,162,146 560,296,77,70
D:\2014-12-1车尾\1364352112_t@1240.jpg 501,297,74,67 717,288,137,121 118,232,211,238
D:\2014-12-1车尾\1364352112_t@1260.jpg 301,226,131,147 94,233,216,239 494,298,73,66 702,291,133,117 855,301,67,59
D:\2014-12-1车尾\1364352112_t@1280.jpg 68,229,234,264 318,221,139,151 521,300,71,65 768,306,147,123 983,305,76,65
D:\2014-12-1车尾\1364352112_t@1300.jpg 889,314,161,137 527,293,74,69 314,210,144,159 3,214,263,312
D:\2014-12-1车尾\1364352112_t@1320.jpg 303,196,152,163 531,280,74,69 1068,312,199,148
D:\2014-12-1车尾\1364352112_t@1340.jpg 522,262,75,67 263,165,166,178
D:\2014-12-1车尾\1364352112_t@1360.jpg 194,162,193,208 507,278,75,68
D:\2014-12-1车尾\1364352112_t@1380.jpg 509,290,74,72 110,154,241,247
D:\2014-12-1车尾\1364352112_t@1400.jpg 0,134,316,327 527,310,81,75 751,303,49,48
D:\2014-12-1车尾\1364352112_t@1420.jpg 787,279,65,53 525,280,82,79
D:\2014-12-1车尾\1364352112_t@1440.jpg 527,267,85,77
D:\2014-12-1车尾\1364352112_t@1460.jpg 496,279,86,78 581,284,62,52
D:\2014-12-1车尾\1364352112_t@1480.jpg 546,296,65,50 437,292,88,78 1104,282,153,135 916,290,96,92 722,298,67,57
D:\2014-12-1车尾\1364352112_t@1500.jpg 1097,310,178,145 921,312,115,99 747,314,90,74 392,309,89,76 522,311,63,53
D:\2014-12-1车尾\1364352112_t@1520.jpg 404,282,88,78 547,283,67,56 758,287,58,50 874,295,126,105
D:\2014-12-1车尾\1364352112_t@1540.jpg 431,291,87,78 581,292,67,57 860,298,78,66
D:\2014-12-1车尾\1364352112_t@1560.jpg 478,276,82,78 622,278,74,61 917,281,84,71 1067,291,107,96
D:\2014-12-1车尾\1364352112_t@1580.jpg 475,277,89,80 629,277,80,69 1110,278,123,107
D:\2014-12-1车尾\1364352112_t@1600.jpg 430,281,91,84 598,286,86,72
D:\2014-12-1车尾\1364352112_t@1620.jpg 585,282,95,78 398,278,93,82
D:\2014-12-1车尾\1364352112_t@1640.jpg 402,284,101,83 604,284,109,91
D:\2014-12-1车尾\1364352112_t@1660.jpg 673,287,133,110 478,285,99,96
D:\2014-12-1车尾\1364352112_t@1680.jpg 591,280,110,104 791,284,163,136
D:\2014-12-1车尾\1364352112_t@1700.jpg 947,285,230,196 708,284,127,116
D:\2014-12-1车尾\1364352112_t@1720.jpg 804,278,147,133
D:\2014-12-1车尾\1364352112_t@1740.jpg 966,284,169,149 1157,285,88,70 754,284,40,41
D:\2014-12-1车尾\1364352112_t@1760.jpg 721,279,40,42 587,281,36,35 1093,274,184,178
D:\2014-12-1车尾\1364352112_t@1780.jpg 952,283,103,94 687,282,44,43 525,286,41,33
D:\2014-12-1车尾\1364352112_t@1800.jpg 459,283,44,39 653,282,45,43 945,283,113,97
D:\2014-12-1车尾\1364352112_t@1820.jpg 948,275,117,103 632,277,46,43 402,279,47,41
D:\2014-12-1车尾\1364352112_t@1840.jpg 363,287,52,44 633,280,49,44 958,279,118,101
D:\2014-12-1车尾\1364352112_t@1860.jpg 964,278,118,103 647,279,47,45
D:\2014-12-1车尾\1364352112_t@1880.jpg 324,288,55,48 241,286,52,43 670,278,46,44 970,274,115,104
D:\2014-12-1车尾\1364352112_t@1900.jpg 72,294,54,45 132,291,60,53 312,289,63,49 687,279,44,44 960,279,106,95
D:\2014-12-1车尾\1364352112_t@1920.jpg 142,295,62,58 327,291,63,51 960,279,93,86
D:\2014-12-1车尾\1364352112_t@1940.jpg 802,278,42,39 1029,279,87,73 410,292,61,49 226,298,69,64
D:\2014-12-1车尾\1364352112_t@1960.jpg 0,294,116,120 356,279,70,67 533,275,57,50 1148,266,81,69 919,266,42,38
D:\2014-12-1车尾\1364352112_t@1980.jpg 53,288,160,146 481,277,75,76 630,277,61,46 1006,270,38,39
D:\2014-12-1车尾\1364352112_t@2000.jpg 8,291,206,184 550,284,87,83 425,280,59,55 496,264,49,57 1185,284,63,57
D:\2014-12-1车尾\1364352112_t@2020.jpg 1104,276,57,50 635,276,91,85 406,274,60,56 532,272,59,53 2,293,175,231
D:\2014-12-1车尾\1364352112_t@2040.jpg 3,299,245,267 768,281,98,91 1057,284,44,49 418,279,62,58 544,277,63,53 648,276,54,44
D:\2014-12-1车尾\1364352112_t@2060.jpg 48,308,343,281 543,281,64,54 893,291,101,91
D:\2014-12-1车尾\1364352112_t@2080.jpg 211,305,324,274 1006,293,110,94
D:\2014-12-1车尾\1364352112_t@2100.jpg 4,283,202,205 366,294,303,253 1084,288,104,89
D:\2014-12-1车尾\1364352112_t@2120.jpg 119,279,206,182 489,293,262,219 1109,296,95,84 1209,297,61,56
D:\2014-12-1车尾\1364352112_t@2140.jpg 205,278,178,159 555,293,221,182 470,273,67,55 92,270,112,100
D:\2014-12-1车尾\1364352112_t@2160.jpg 54,280,123,97 267,280,170,142 585,287,191,159
D:\2014-12-1车尾\1364352112_t@2180.jpg 3,280,130,101 291,277,160,137 593,283,162,140
D:\2014-12-1车尾\1364352112_t@2200.jpg 578,293,149,125 268,286,168,145 147,283,90,75
D:\2014-12-1车尾\1364352112_t@2220.jpg 195,285,198,168 540,290,140,118
D:\2014-12-1车尾\1364352112_t@2240.jpg 20,267,105,94 147,273,238,201 527,278,131,111
D:\2014-12-1车尾\1364352112_t@2260.jpg 3,269,113,97 134,279,273,226 533,278,120,103
D:\2014-12-1车尾\1364352112_t@2280.jpg 1,276,86,102 153,281,298,247 531,280,109,97
D:\2014-12-1车尾\1364352112_t@2300.jpg 200,284,302,251 527,282,103,88
D:\2014-12-1车尾\1364352112_t@2320.jpg 149,277,146,130 271,282,305,252 539,279,92,84
D:\2014-12-1车尾\1364352112_t@2340.jpg 137,279,156,130 321,286,291,248
D:\2014-12-1车尾\1364352112_t@2360.jpg 89,277,168,135 343,286,284,235
D:\2014-12-1车尾\1364352112_t@2380.jpg 279,276,75,66 29,277,176,152 365,282,273,233
D:\2014-12-1车尾\1364352112_t@2400.jpg 404,275,253,223 267,269,86,68 3,270,159,173
D:\2014-12-1车尾\1364352112_t@2420.jpg 236,276,87,70 432,283,241,206
D:\2014-12-1车尾\1364352112_t@2440.jpg 461,279,217,187 96,275,68,53 190,272,97,76
D:\2014-12-1车尾\1364352112_t@2460.jpg 109,265,100,79 462,268,199,181
D:\2014-12-1车尾\1364352112_t@2480.jpg 19,275,115,88 464,275,202,172
D:\2014-12-1车尾\1364352112_t@2500.jpg 476,284,211,182 88,261,81,81
D:\2014-12-1车尾\1364352112_t@2520.jpg 0,255,83,88 459,275,220,195
D:\2014-12-1车尾\1364352112_t@2540.jpg 449,271,227,199 377,279,61,52
D:\2014-12-1车尾\1364352112_t@2560.jpg 340,294,56,48 436,292,221,194
D:\2014-12-1车尾\1364352112_t@2580.jpg 431,278,217,192 347,287,53,47
D:\2014-12-1车尾\1364352112_t@2600.jpg 381,292,52,44 450,282,201,181
D:\2014-12-1车尾\1364352112_t@2620.jpg 422,286,201,171
D:\2014-12-1车尾\1364352112_t@2640.jpg 444,283,194,167
D:\2014-12-1车尾\1364352112_t@2660.jpg 449,282,183,158
D:\2014-12-1车尾\1364352112_t@2680.jpg 449,291,172,147
D:\2014-12-1车尾\1364352112_t@2700.jpg 461,287,156,136
D:\2014-12-1车尾\1364352112_t@2720.jpg 457,292,146,124
D:\2014-12-1车尾\1364352112_t@2740.jpg 447,287,130,116
D:\2014-12-1车尾\1364352112_t@2760.jpg 443,289,125,105
D:\2014-12-1车尾\1364352112_t@2780.jpg 450,293,114,101
D:\2014-12-1车尾\1364352112_t@2800.jpg 455,286,110,98
D:\2014-12-1车尾\1364352112_t@2820.jpg 466,287,106,93
D:\2014-12-1车尾\1364352112_t@2840.jpg 465,291,103,91
D:\2014-12-1车尾\1364352112_t@2860.jpg 459,291,99,88
D:\2014-12-1车尾\1364352112_t@2880.jpg 461,294,100,85
D:\2014-12-1车尾\1364352112_t@2900.jpg 466,284,97,87
D:\2014-12-1车尾\1364352112_t@2920.jpg 478,292,93,83
D:\2014-12-1车尾\1364352112_t@2940.jpg 493,288,93,84
D:\2014-12-1车尾\1364352112_t@2960.jpg 495,280,87,80
D:\2014-12-1车尾\1364352112_t@2980.jpg 492,289,88,79
D:\2014-12-1车尾\1364352112_t@3000.jpg 486,282,88,75
D:\2014-12-1车尾\1364352112_t@3020.jpg 495,286,86,78
D:\2014-12-1车尾\1364352112_t@3040.jpg 498,295,91,79
D:\2014-12-1车尾\1364352112_t@3060.jpg 505,291,94,83
D:\2014-12-1车尾\1364352112_t@3080.jpg 497,283,99,90
D:\2014-12-1车尾\1364352112_t@3100.jpg 491,285,104,91
D:\2014-12-1车尾\1364352112_t@3120.jpg 493,286,108,94
D:\2014-12-1车尾\1364352112_t@3140.jpg 495,289,110,91
D:\2014-12-1车尾\1364352112_t@3160.jpg 490,282,114,97
D:\2014-12-1车尾\1364352112_t@3180.jpg 504,293,110,101
D:\2014-12-1车尾\1364352112_t@3200.jpg 494,281,111,95
D:\2014-12-1车尾\1364352112_t@3220.jpg 504,297,112,96
D:\2014-12-1车尾\1364352112_t@3240.jpg 500,281,111,101
D:\2014-12-1车尾\1364352112_t@3260.jpg 505,283,109,95
D:\2014-12-1车尾\1364352112_t@3280.jpg 511,284,103,87
D:\2014-12-1车尾\1364352112_t@3300.jpg 521,290,103,91
D:\2014-12-1车尾\1364352112_t@3320.jpg 523,282,101,95
D:\2014-12-1车尾\1364352112_t@3340.jpg 527,285,101,90
D:\2014-12-1车尾\1364352112_t@3360.jpg 517,284,102,87
D:\2014-12-1车尾\1364352112_t@3380.jpg 524,287,100,88
D:\2014-12-1车尾\1364352112_t@3400.jpg 513,286,99,91
D:\2014-12-1车尾\1364352112_t@3420.jpg 513,286,101,90
D:\2014-12-1车尾\1364352112_t@3440.jpg 520,283,104,91
D:\2014-12-1车尾\1364352112_t@3460.jpg 522,288,108,95
D:\2014-12-1车尾\1364352112_t@3480.jpg 505,289,108,98
D:\2014-12-1车尾\1364352112_t@3500.jpg 504,283,112,97
D:\2014-12-1车尾\1364352112_t@3520.jpg 517,284,108,97 992,283,282,321
D:\2014-12-1车尾\1364352112_t@3540.jpg 897,286,312,261 502,288,109,98
D:\2014-12-1车尾\1364352112_t@3560.jpg 513,294,109,92 866,297,268,224
D:\2014-12-1车尾\1364352112_t@3580.jpg 509,285,107,95 836,286,240,203
D:\2014-12-1车尾\1364352112_t@3600.jpg 500,285,106,94 821,281,214,188
D:\2014-12-1车尾\1364352112_t@3620.jpg 820,297,198,179 527,295,106,94
D:\2014-12-1车尾\1364352112_t@3640.jpg 558,281,104,93 812,288,185,164
D:\2014-12-1车尾\1364352112_t@3660.jpg 795,292,167,152 583,286,102,96
D:\2014-12-1车尾\1364352112_t@3680.jpg 620,285,94,93 783,292,161,139
D:\2014-12-1车尾\1364352112_t@3700.jpg 696,286,95,90 825,286,160,141
D:\2014-12-1车尾\1364352112_t@3720.jpg 864,292,164,137 758,283,90,89
D:\2014-12-1车尾\1364352112_t@3740.jpg 884,290,167,138
D:\2014-12-1车尾\1364352112_t@3760.jpg 884,287,160,139
D:\2014-12-1车尾\1364352112_t@3780.jpg 864,286,164,143
D:\2014-12-1车尾\1364352112_t@3800.jpg 829,285,158,139
D:\2014-12-1车尾\1364352112_t@3820.jpg 685,283,70,64 793,289,144,128
D:\2014-12-1车尾\1364352112_t@3840.jpg 785,287,142,127 657,281,70,64
D:\2014-12-1车尾\1364352112_t@3860.jpg 622,287,66,62 757,292,135,118
D:\2014-12-1车尾\1364352112_t@3880.jpg 720,290,132,113 588,287,64,56
D:\2014-12-1车尾\1364352112_t@3900.jpg 698,286,123,113 565,284,60,58
D:\2014-12-1车尾\1364352112_t@3920.jpg 566,276,61,58 700,282,122,111
D:\2014-12-1车尾\1364352112_t@3940.jpg 696,283,124,108 568,275,65,57
D:\2014-12-1车尾\1364352112_t@3960.jpg 551,270,69,61 669,276,133,114
D:\2014-12-1车尾\1364352112_t@3980.jpg 661,284,136,123 543,278,70,63
D:\2014-12-1车尾\1364352112_t@4000.jpg 533,270,75,66 647,274,153,133
D:\2014-12-1车尾\1364352112_t@4020.jpg 657,275,166,145 538,267,78,70
D:\2014-12-1车尾\1364352112_t@4040.jpg 561,264,82,75 683,270,180,154
D:\2014-12-1车尾\1364352112_t@4060.jpg 711,287,197,167 594,279,85,76
D:\2014-12-1车尾\1364352112_t@4080.jpg 655,274,83,79 773,277,213,183
D:\2014-12-1车尾\1364352112_t@4100.jpg 816,299,239,199 697,292,90,77
D:\2014-12-1车尾\1364352112_t@4120.jpg 750,285,89,80 892,288,257,220
D:\2014-12-1车尾\1364352112_t@4140.jpg 793,283,87,80 955,286,276,225
D:\2014-12-1车尾\1364352112_t@4160.jpg 250,238,63,102 431,261,41,53 771,281,89,83 944,289,277,245
D:\2014-12-1车尾\1364352112_t@4180.jpg 363,239,68,101 770,288,85,80 960,297,288,247
D:\2014-12-1车尾\1364352112_t@4200.jpg 433,238,69,100 740,279,88,79 897,290,291,251
D:\2014-12-1车尾\1364352112_t@4220.jpg 812,274,307,259 219,260,71,71 479,233,68,95
D:\2014-12-1车尾\1364352112_t@4240.jpg 313,284,76,65 534,259,67,88 814,291,315,264
D:\2014-12-1车尾\1364352112_t@4260.jpg 860,290,322,266 718,282,91,78 571,250,66,81 384,275,68,61
D:\2014-12-1车尾\1364352112_t@4280.jpg 409,282,60,56 581,256,64,79 691,287,90,77 917,293,327,264
D:\2014-12-1车尾\1364352112_t@4300.jpg 980,286,295,267 661,279,90,85 597,253,57,74 428,279,57,51
D:\2014-12-1车尾\1364352112_t@4320.jpg 1024,293,245,262 616,282,93,82 419,281,56,46
D:\2014-12-1车尾\1364352112_t@4340.jpg 396,283,52,46 557,286,94,81 982,296,282,257
D:\2014-12-1车尾\1364352112_t@4360.jpg 530,286,97,85 938,290,305,253
D:\2014-12-1车尾\1364352112_t@4380.jpg 479,282,97,85 828,288,289,242
D:\2014-12-1车尾\1364352112_t@4400.jpg 727,283,259,227 443,278,93,81
D:\2014-12-1车尾\1364352112_t@4420.jpg 412,288,92,82 547,265,48,62 641,294,232,202 955,266,84,92
D:\2014-12-1车尾\1364352112_t@4440.jpg 379,279,86,79 561,284,217,181
D:\2014-12-1车尾\1364352112_t@4460.jpg 518,288,194,165 363,284,86,80
D:\2014-12-1车尾\1364352112_t@4480.jpg 348,286,83,77 484,292,176,146
D:\2014-12-1车尾\1364352112_t@4500.jpg 463,286,162,140 333,286,83,74
D:\2014-12-1车尾\1364352112_t@4520.jpg 322,286,80,74 455,287,147,126
D:\2014-12-1车尾\1364352112_t@4540.jpg 448,289,140,118 314,285,82,70
D:\2014-12-1车尾\1364352112_t@4560.jpg 290,280,83,74 426,281,137,117
D:\2014-12-1车尾\1364352112_t@4580.jpg 425,290,132,112 291,287,82,75
D:\2014-12-1车尾\1364352112_t@4600.jpg 284,288,80,73 407,290,132,109
D:\2014-12-1车尾\1364352112_t@4620.jpg 405,290,133,112 522,261,46,68 290,285,86,73
D:\2014-12-1车尾\1364352112_t@4640.jpg 298,290,77,76 394,292,137,118 517,267,49,68
D:\2014-12-1车尾\1364352112_t@4660.jpg 312,285,84,74 397,289,147,120 529,260,49,71
D:\2014-12-1车尾\1364352112_t@4680.jpg 321,282,85,76 404,285,159,132 532,257,52,73
D:\2014-12-1车尾\1364352112_t@4700.jpg 312,284,86,74 397,284,169,141 519,257,55,72
D:\2014-12-1车尾\1364352112_t@4720.jpg 400,288,183,147 313,284,79,74
D:\2014-12-1车尾\1364352112_t@4740.jpg 302,282,75,76 391,285,187,157
D:\2014-12-1车尾\1364352112_t@4760.jpg 413,288,192,162 321,288,75,72
D:\2014-12-1车尾\1364352112_t@4780.jpg 327,284,74,65 402,291,206,166
D:\2014-12-1车尾\1364352112_t@4800.jpg 388,286,210,178
D:\2014-12-1车尾\1364352112_t@4820.jpg 346,286,68,61 401,292,213,174
D:\2014-12-1车尾\1364352112_t@4840.jpg 395,288,213,183
D:\2014-12-1车尾\1364352112_t@4860.jpg 387,294,215,177
D:\2014-12-1车尾\1364352112_t@4880.jpg 1,284,89,99 382,284,225,185
D:\2014-12-1车尾\1364352112_t@4900.jpg 386,287,222,183 18,287,103,91
D:\2014-12-1车尾\1364352112_t@4920.jpg 52,290,108,82 385,289,224,177
D:\2014-12-1车尾\1364352112_t@4940.jpg 415,287,217,179
D:\2014-12-1车尾\1364352112_t@4960.jpg 172,290,83,67 448,290,210,178
D:\2014-12-1车尾\1364352112_t@4980.jpg 222,290,79,64 484,292,210,174
D:\2014-12-1车尾\1364352112_t@5000.jpg 290,291,68,58 545,293,211,175
D:\2014-12-1车尾\1364352112_t@5020.jpg 342,289,66,57 622,293,227,192
D:\2014-12-1车尾\1364352112_t@5040.jpg 723,294,251,210
D:\2014-12-1车尾\1364352112_t@5060.jpg 92,254,384,328 835,290,295,254 671,251,73,99
D:\2014-12-1车尾\1364352112_t@5080.jpg 237,254,347,294 697,252,75,97
D:\2014-12-1车尾\1364352112_t@5100.jpg 701,249,82,110 317,263,316,277
D:\2014-12-1车尾\1364352112_t@5120.jpg 364,255,312,267 718,245,87,115
D:\2014-12-1车尾\1364352112_t@5140.jpg 724,244,98,128 367,260,315,278
D:\2014-12-1车尾\1364352112_t@5160.jpg 369,253,333,278 738,222,108,142
D:\2014-12-1车尾\1364352112_t@5180.jpg 757,232,116,154 421,265,331,286
D:\2014-12-1车尾\1364352112_t@5200.jpg 393,278,65,57 458,262,318,267 780,223,130,162
D:\2014-12-1车尾\1364352112_t@5220.jpg 473,264,284,248 787,214,140,178
D:\2014-12-1车尾\1364352112_t@5240.jpg 469,266,264,227 799,219,143,187
D:\2014-12-1车尾\1364352112_t@5260.jpg 823,218,154,192 493,275,239,198
D:\2014-12-1车尾\1364352112_t@5280.jpg 486,272,224,191 830,213,164,211
D:\2014-12-1车尾\1364352112_t@5300.jpg 858,204,183,231 491,269,209,185 402,284,64,57
D:\2014-12-1车尾\1364352112_t@5320.jpg 395,284,69,54 487,275,205,177 900,188,211,261D:\2014-12-1车尾\1364352112_t@5340.jpg 966,168,256,321 478,271,201,178
D:\2014-12-1车尾\1364352112_t@5360.jpg 448,270,204,170
D:\2014-12-1车尾\1364352112_t@5380.jpg 458,272,190,167
D:\2014-12-1车尾\1364352112_t@5400.jpg 461,279,182,155 649,291,60,54 355,289,65,55
D:\2014-12-1车尾\1364352112_t@5420.jpg 341,282,68,62 453,272,180,161 649,287,59,55
D:\2014-12-1车尾\1364352112_t@5440.jpg 661,280,68,61 462,270,185,156 346,278,75,65
D:\2014-12-1车尾\1364352112_t@5460.jpg 381,285,74,63 492,271,175,148 686,284,71,59
D:\2014-12-1车尾\1364352112_t@5480.jpg 409,286,76,64 507,271,174,147 705,285,71,65
D:\2014-12-1车尾\1364352112_t@5500.jpg 498,269,169,149 695,281,74,69 778,280,57,50 414,279,75,64
D:\2014-12-1车尾\1364352112_t@5520.jpg 487,266,177,159 692,282,79,75 904,282,90,82
D:\2014-12-1车尾\1364352112_t@5540.jpg 501,262,177,159 702,280,86,75
D:\2014-12-1车尾\1364352112_t@5560.jpg 503,269,183,160 705,286,85,77
D:\2014-12-1车尾\1364352112_t@5580.jpg 516,264,184,162 711,283,86,77
D:\2014-12-1车尾\1364352112_t@5600.jpg 519,268,186,164 708,283,86,81
D:\2014-12-1车尾\1364352112_t@5620.jpg 516,268,192,166 704,283,88,77
D:\2014-12-1车尾\1364352112_t@5640.jpg 518,271,199,168 710,288,86,76
D:\2014-12-1车尾\1364352112_t@5660.jpg 714,282,89,78 507,264,209,179
D:\2014-12-1车尾\1364352112_t@5680.jpg 497,262,218,187 726,279,85,78
D:\2014-12-1车尾\1364352112_t@5700.jpg 742,286,87,80 490,267,218,188
D:\2014-12-1车尾\1364352112_t@5720.jpg 486,267,221,191 758,283,89,82
D:\2014-12-1车尾\1364352112_t@5740.jpg 770,289,94,82 485,266,218,190
D:\2014-12-1车尾\1364352112_t@5760.jpg 492,262,220,197 783,285,99,89
D:\2014-12-1车尾\1364352112_t@5780.jpg 790,288,104,92 486,266,228,197
D:\2014-12-1车尾\1364352112_t@5800.jpg 499,265,230,206 817,286,110,103
D:\2014-12-1车尾\1364352112_t@5820.jpg 488,258,233,214 825,284,118,109
D:\2014-12-1车尾\1364352112_t@5840.jpg 472,261,233,202 835,286,121,106
D:\2014-12-1车尾\1364352112_t@5860.jpg 467,266,224,194 835,282,133,121
D:\2014-12-1车尾\1364352112_t@5880.jpg 1,264,195,179 459,268,216,185 834,282,137,124
D:\2014-12-1车尾\1364352112_t@5900.jpg 107,265,162,144 473,269,203,176 839,288,142,125
D:\2014-12-1车尾\1364352112_t@5920.jpg 852,286,142,124 483,270,191,163 188,272,137,119
D:\2014-12-1车尾\1364352112_t@5940.jpg 233,271,113,110 487,271,182,159 856,288,151,129
D:\2014-12-1车尾\1364352112_t@5960.jpg 498,272,171,150 876,287,158,138 267,275,100,94
D:\2014-12-1车尾\1364352112_t@5980.jpg 290,277,93,86 507,271,169,149 895,292,171,144
D:\2014-12-1车尾\1364352112_t@6000.jpg 930,289,193,162 522,270,164,147 313,278,87,80
D:\2014-12-1车尾\1364352112_t@6020.jpg 332,276,82,77 535,273,157,138 980,287,216,181
D:\2014-12-1车尾\1364352112_t@6040.jpg 331,276,78,72 526,269,159,139 1029,291,246,211
D:\2014-12-1车尾\1364352112_t@6060.jpg 340,273,73,73 526,268,154,138
D:\2014-12-1车尾\1364352112_t@6080.jpg 526,270,154,139 673,283,71,58 364,276,76,70
D:\2014-12-1车尾\1364352112_t@6100.jpg 364,279,71,68 515,273,150,134 677,285,68,56
D:\2014-12-1车尾\1364352112_t@6120.jpg 508,270,156,133 687,282,65,61 371,276,71,68
D:\2014-12-1车尾\1364352112_t@6140.jpg 370,273,72,66 498,266,156,139 683,281,75,64
D:\2014-12-1车尾\1364352112_t@6160.jpg 378,277,66,63 497,265,154,141 692,284,79,70
D:\2014-12-1车尾\1364352112_t@6180.jpg 706,285,82,71 492,269,161,138 387,278,62,62
D:\2014-12-1车尾\1364352112_t@6200.jpg 3,290,181,165 489,268,152,141 711,284,88,74
D:\2014-12-1车尾\1364352112_t@6220.jpg 50,289,183,151 484,276,156,136 722,289,91,78 395,278,59,60
D:\2014-12-1车尾\1364352112_t@6240.jpg 119,284,156,128 486,269,152,133 730,279,96,85 400,273,57,55
D:\2014-12-1车尾\1364352112_t@6260.jpg 189,288,137,115 499,272,151,134 745,285,105,89 413,278,55,54
D:\2014-12-1车尾\1364352112_t@6280.jpg 231,282,126,101 495,265,147,137 749,278,110,94
D:\2014-12-1车尾\1364352112_t@6300.jpg 278,280,112,93 499,267,145,130 767,279,113,97
D:\2014-12-1车尾\1364352112_t@6320.jpg 313,283,98,88 498,269,141,132 773,281,122,108
D:\2014-12-1车尾\1364352112_t@6340.jpg 798,286,128,115 508,272,134,130 357,285,85,77
D:\2014-12-1车尾\1364352112_t@6360.jpg 402,288,75,68 511,276,134,118 822,288,142,119
D:\2014-12-1车尾\1364352112_t@6380.jpg 504,274,133,119 849,288,149,125 431,287,70,62
D:\2014-12-1车尾\1364352112_t@6400.jpg 503,273,130,116 879,288,158,132
D:\2014-12-1车尾\1364352112_t@6420.jpg 504,276,126,113 908,288,180,148 422,282,47,47
D:\2014-12-1车尾\1364352112_t@6440.jpg 503,277,125,112 950,285,202,165 421,281,49,46
D:\2014-12-1车尾\1364352112_t@6460.jpg 423,276,45,47 503,273,125,114 1026,283,235,199
D:\2014-12-1车尾\1364352112_t@6480.jpg 502,274,129,119
D:\2014-12-1车尾\1364352112_t@6500.jpg 494,280,135,122
D:\2014-12-1车尾\1364352112_t@6520.jpg 3,296,175,157 480,273,146,127
D:\2014-12-1车尾\1364352112_t@6540.jpg 467,272,163,146 54,290,174,143
D:\2014-12-1车尾\1364352112_t@6560.jpg 97,280,157,126 455,265,176,153
D:\2014-12-1车尾\1364352112_t@6580.jpg 440,273,193,166 133,291,136,116
D:\2014-12-1车尾\1364352112_t@6600.jpg 155,286,126,107 415,268,211,187
D:\2014-12-1车尾\1364352112_t@6620.jpg 392,267,229,200 171,286,123,104
D:\2014-12-1车尾\1364352112_t@6640.jpg 184,281,114,100 362,262,261,228
D:\2014-12-1车尾\1364352112_t@6660.jpg 341,256,301,253 201,284,115,97
D:\2014-12-1车尾\1364352112_t@6680.jpg 205,280,113,97 313,255,322,269
D:\2014-12-1车尾\1364352112_t@6700.jpg 713,258,29,45 317,262,323,270 230,287,103,93
D:\2014-12-1车尾\1364352112_t@6720.jpg 247,285,103,89 329,261,308,259
D:\2014-12-1车尾\1364352112_t@6740.jpg 344,257,293,247 257,284,102,83 716,258,34,52
D:\2014-12-1车尾\1364352112_t@6760.jpg 352,259,273,239 265,280,94,83 604,279,86,76 717,253,36,56 846,279,40,40
D:\2014-12-1车尾\1364352112_t@6780.jpg 359,264,249,214 623,281,95,80 725,254,40,57 871,280,47,44 282,286,88,80
D:\2014-12-1车尾\1364352112_t@6800.jpg 3,290,162,170 370,274,235,200 293,292,82,76 645,292,107,89 732,259,42,62 915,291,55,50
D:\2014-12-1车尾\1364352112_t@6820.jpg 4,287,183,162 380,268,221,197 690,283,132,110 996,279,68,66 300,288,83,76
D:\2014-12-1车尾\1364352112_t@6840.jpg 4,282,181,165 394,269,219,189 768,284,166,137 1128,278,92,80 304,284,86,79
D:\2014-12-1车尾\1364352112_t@6860.jpg 4,285,169,175 410,270,210,184 299,283,93,81 888,286,231,184 748,235,63,91
D:\2014-12-1车尾\1364352112_t@6880.jpg 283,282,95,82 417,264,208,181 750,228,72,101
D:\2014-12-1车尾\1364352112_t@6900.jpg 431,267,196,173 750,223,82,112 264,282,106,89
D:\2014-12-1车尾\1364352112_t@6920.jpg 247,283,111,94 436,266,191,169 755,221,91,121
D:\2014-12-1车尾\1364352112_t@6940.jpg 743,219,96,144 428,279,184,160 202,299,120,96
D:\2014-12-1车尾\1364352112_t@6960.jpg 200,288,133,102 460,260,185,165 781,199,106,158 888,254,75,71
D:\2014-12-1车尾\1364352112_t@6980.jpg 129,286,144,131 351,277,62,61 428,265,191,196 757,199,125,169 900,263,69,73
D:\2014-12-1车尾\1364352112_t@7000.jpg 930,273,68,70 754,195,135,186 434,270,185,169 93,292,151,126
D:\2014-12-1车尾\1364352112_t@7020.jpg 92,289,161,135 461,270,178,163 778,185,149,199 982,268,74,75 380,274,66,60
D:\2014-12-1车尾\1364352112_t@7040.jpg 76,294,170,142 466,276,181,156 781,178,163,219 1012,269,82,82 383,278,68,59
D:\2014-12-1车尾\1364352112_t@7060.jpg 49,292,188,146 471,274,178,149 790,166,176,242 1050,269,89,89 381,279,59,56
D:\2014-12-1车尾\1364352112_t@7080.jpg 19,294,190,155 473,277,178,154 802,150,202,273 1098,257,100,107 375,277,63,59
D:\2014-12-1车尾\1364352112_t@7100.jpg 8,295,179,157 373,276,59,60 472,274,176,163 830,119,242,318 1181,242,93,123 664,278,67,57
D:\2014-12-1车尾\1364352112_t@7120.jpg 3,290,156,174 371,279,64,58 469,270,187,165 885,90,296,373 670,282,74,60
D:\2014-12-1车尾\1364352112_t@7140.jpg 477,270,199,169 984,42,290,471 374,275,66,64
D:\2014-12-1车尾\1364352112_t@7160.jpg 377,278,64,60 485,270,207,183 711,285,77,69
D:\2014-12-1车尾\1364352112_t@7180.jpg 469,267,224,196 704,284,86,77 359,279,67,58
D:\2014-12-1车尾\1364352112_t@7200.jpg 0,289,158,175 354,274,59,59 455,263,245,206 708,281,90,81
D:\2014-12-1车尾\1364352112_t@7220.jpg 715,280,95,85 452,263,254,217 2,290,183,165 359,277,63,60
D:\2014-12-1车尾\1364352112_t@7240.jpg 52,290,170,144 367,277,63,57 451,266,262,222 726,281,95,86
D:\2014-12-1车尾\1364352112_t@7260.jpg 724,282,94,85 937,284,50,45 449,265,264,225 94,289,159,132
D:\2014-12-1车尾\1364352112_t@7280.jpg 145,292,142,117 388,277,58,56 460,265,260,220 733,282,88,81 1081,282,70,62
D:\2014-12-1车尾\1364352112_t@7300.jpg 465,267,253,219 719,287,93,80 190,292,135,111 397,281,57,54
D:\2014-12-1车尾\1364352112_t@7320.jpg 233,287,123,100 408,277,53,52 473,268,245,206 717,282,91,79
D:\2014-12-1车尾\1364352112_t@7340.jpg 722,285,85,79 492,268,222,202 260,290,112,92 416,282,52,52
D:\2014-12-1车尾\1364352112_t@7360.jpg 277,293,104,89 492,272,216,188 722,289,81,73 953,286,60,48
D:\2014-12-1车尾\1364352112_t@7380.jpg 1114,282,87,65 730,283,81,77 494,267,219,189 292,290,101,84 427,280,55,50
D:\2014-12-1车尾\1364352112_t@7400.jpg 278,285,102,88 481,271,216,184 715,284,83,78
D:\2014-12-1车尾\1364352112_t@7420.jpg 704,285,86,82 461,269,224,195 256,287,98,89 399,281,52,49
D:\2014-12-1车尾\1364352112_t@7440.jpg 237,291,103,88 393,283,50,48 435,269,239,204 707,286,83,78
D:\2014-12-1车尾\1364352112_t@7460.jpg 710,283,87,79 417,264,251,219 241,289,101,85
D:\2014-12-1车尾\1364352112_t@7480.jpg 250,277,100,86 417,253,258,232 719,272,85,82
D:\2014-12-1车尾\1364352112_t@7500.jpg 271,283,95,79 419,260,270,237 717,279,85,75
D:\2014-12-1车尾\1364352112_t@7520.jpg 292,287,91,75 429,266,269,225 717,284,83,71
D:\2014-12-1车尾\1364352112_t@7540.jpg 300,286,90,73 435,263,262,228 703,284,75,70
D:\2014-12-1车尾\1364352112_t@7560.jpg 312,286,81,70 434,267,254,221 695,284,69,66
D:\2014-12-1车尾\1364352112_t@7580.jpg 3,292,188,217 326,290,76,63 434,272,256,219 694,285,66,63
D:\2014-12-1车尾\1364352112_t@7600.jpg 1,273,225,187 424,252,254,221 325,276,71,61
D:\2014-12-1车尾\1364352112_t@7620.jpg 66,278,202,162 421,258,254,225 332,282,69,61
D:\2014-12-1车尾\1364352112_t@7640.jpg 132,303,172,142 428,285,238,202 926,87,317,404
D:\2014-12-1车尾\1364352112_t@7660.jpg 187,286,146,123 439,273,222,191 842,108,265,344
D:\2014-12-1车尾\1364352112_t@7680.jpg 799,135,224,296 456,268,210,179 241,285,131,110
D:\2014-12-1车尾\1364352112_t@7700.jpg 280,285,116,97 470,271,197,168 769,153,200,261
D:\2014-12-1车尾\1364352112_t@7720.jpg 753,167,185,243 480,271,189,169 315,286,105,89
D:\2014-12-1车尾\1364352112_t@7740.jpg 340,285,95,84 481,271,189,164 749,171,173,231
D:\2014-12-1车尾\1364352112_t@7760.jpg 357,288,93,76 487,276,186,161 754,175,167,227
D:\2014-12-1车尾\1364352112_t@7780.jpg 3,295,109,162 359,287,92,78 482,274,186,163 744,175,174,227
D:\2014-12-1车尾\1364352112_t@7800.jpg 1,300,143,145 369,288,82,71 482,275,183,163 758,172,174,236
D:\2014-12-1车尾\1364352112_t@7820.jpg 1,291,161,143 377,282,82,71 482,267,188,164 765,161,192,246
D:\2014-12-1车尾\1364352112_t@7840.jpg 786,148,206,268 480,270,189,166 6,293,159,139 389,286,81,71
D:\2014-12-1车尾\1364352112_t@7860.jpg 3,302,162,135 486,276,191,167 823,137,237,299
D:\2014-12-1车尾\1364352112_t@7880.jpg 3,286,158,148 489,268,196,167 882,98,287,362
D:\2014-12-1车尾\1364352112_t@7900.jpg 2,289,139,158 479,263,212,184 956,47,311,441
D:\2014-12-1车尾\1364352112_t@7920.jpg 1,290,133,163 479,266,217,189 355,283,61,56 702,284,69,61
D:\2014-12-1车尾\1364352112_t@7940.jpg 0,291,143,171 342,285,65,58 475,265,231,194 707,282,75,65
D:\2014-12-1车尾\1364352112_t@7960.jpg 3,295,136,178 328,288,68,59 476,268,228,200 714,286,77,65
D:\2014-12-1车尾\1364352112_t@7980.jpg 306,285,74,63 468,263,232,200 717,283,72,64
D:\2014-12-1车尾\1364352112_t@8000.jpg 289,289,77,65 471,268,231,200 722,288,71,62 441,273,51,56
D:\2014-12-1车尾\1364352112_t@8020.jpg 266,286,89,71 426,269,60,58 468,265,242,207 730,283,66,60
D:\2014-12-1车尾\1364352112_t@8040.jpg 235,278,90,76 404,261,63,63 721,277,66,61 457,256,255,221
D:\2014-12-1车尾\1364352112_t@8060.jpg 205,283,102,82 387,264,66,65 452,261,268,225 719,279,62,59
D:\2014-12-1车尾\1364352112_t@8080.jpg 172,284,111,93 371,265,78,70 447,258,276,234
D:\2014-12-1车尾\1364352112_t@8100.jpg 444,260,284,242 123,289,121,104 354,266,82,76
D:\2014-12-1车尾\1364352112_t@8120.jpg 60,284,142,115 339,258,85,83 443,254,296,260
D:\2014-12-1车尾\1364352112_t@8140.jpg 422,249,326,281 3,283,146,132 318,256,96,91
D:\2014-12-1车尾\1364352112_t@8160.jpg 404,250,361,301 308,259,93,93
D:\2014-12-1车尾\1364352112_t@8180.jpg 405,248,367,315 968,52,305,423 304,253,100,96
D:\2014-12-1车尾\1364352112_t@8200.jpg 313,258,96,94 409,253,349,300 867,113,251,324
D:\2014-12-1车尾\1364352112_t@8220.jpg 796,152,197,261 411,261,331,279 319,262,93,89
D:\2014-12-1车尾\1364352112_t@8240.jpg 4,296,139,138 332,266,94,83 425,260,316,267 760,176,162,213
D:\2014-12-1车尾\1364352112_t@8260.jpg 725,191,135,182 437,261,304,257 334,265,88,84 0,296,156,139
D:\2014-12-1车尾\1364352112_t@8280.jpg 5,298,154,132 334,268,86,83 445,267,290,249 699,204,116,163
D:\2014-12-1车尾\1364352112_t@8300.jpg 4,290,151,134 325,265,86,82 447,262,276,247 666,211,105,149
D:\2014-12-1车尾\1364352112_t@8320.jpg 1014,294,241,203 466,267,271,235 23,293,151,128 340,267,80,79
D:\2014-12-1车尾\1364352112_t@8340.jpg 17,293,160,131 474,267,262,230 917,291,188,156
D:\2014-12-1车尾\1364352112_t@8360.jpg 5,289,168,135 335,266,84,82 474,262,285,243 870,286,157,130
D:\2014-12-1车尾\1364352112_t@8380.jpg 3,289,136,134 318,263,87,81 459,254,304,264 841,280,133,115
D:\2014-12-1车尾\1364352112_t@8400.jpg 10,287,149,139 318,257,90,90 460,253,322,273 826,282,108,97
D:\2014-12-1车尾\1364352112_t@8420.jpg 13,287,162,136 315,260,87,87 466,255,318,269 800,283,90,80
D:\2014-12-1车尾\1364352112_t@8440.jpg 1072,253,183,166 475,261,308,260 789,281,75,69 322,265,95,85 52,289,150,131
D:\2014-12-1车尾\1364352112_t@8460.jpg 59,287,150,127 310,264,86,85 462,261,302,260 763,281,65,58 954,263,148,133
D:\2014-12-1车尾\1364352112_t@8480.jpg 75,285,142,123 305,261,89,88 469,256,293,267 874,265,120,113
D:\2014-12-1车尾\1364352112_t@8500.jpg 104,289,136,123 315,263,87,85 474,262,294,253 824,264,103,95
D:\2014-12-1车尾\1364352112_t@8520.jpg 97,286,143,121 308,261,88,88 467,262,288,251 776,267,87,84
D:\2014-12-1车尾\1364352112_t@8540.jpg 479,265,285,247 111,289,139,119 318,266,87,84 755,270,78,71
D:\2014-12-1车尾\1364352112_t@8560.jpg 115,288,133,120 321,262,86,85 478,266,281,236 739,274,63,61
D:\2014-12-1车尾\1364352112_t@8580.jpg 1021,288,254,204 491,268,273,228 130,289,131,121 339,266,81,82
D:\2014-12-1车尾\1364352112_t@8600.jpg 135,291,131,116 345,268,83,83 500,268,253,220 901,292,183,151
D:\2014-12-1车尾\1364352112_t@8620.jpg 493,266,258,223 830,290,150,127 342,267,78,76 119,290,139,114
D:\2014-12-1车尾\1364352112_t@8640.jpg 111,285,140,120 344,262,82,78 492,262,269,231 800,284,126,108
D:\2014-12-1车尾\1364352112_t@8660.jpg 1054,278,144,112 481,256,282,244 763,280,111,96 100,280,150,121 340,262,80,77
D:\2014-12-1车尾\1364352112_t@8680.jpg 108,284,139,119 339,263,80,75 473,255,289,254 747,281,96,90 942,281,107,92
D:\2014-12-1车尾\1364352112_t@8700.jpg 132,291,131,109 353,270,81,75 470,265,293,247 872,287,78,73
D:\2014-12-1车尾\1364352112_t@8720.jpg 474,264,281,239 364,265,75,72
D:\2014-12-1车尾\1364352112_t@8740.jpg 2,300,183,195 473,267,263,229 784,285,63,55 369,271,71,67
D:\2014-12-1车尾\1364352112_t@8760.jpg 6,297,211,176 475,269,258,221 1066,284,197,163 381,271,67,64
D:\2014-12-1车尾\1364352112_t@8780.jpg 43,295,200,154 472,270,259,222 1001,280,154,140 390,268,61,66
D:\2014-12-1车尾\1364352112_t@8800.jpg 77,290,176,145 465,267,257,233 931,280,133,118 387,268,62,61
D:\2014-12-1车尾\1364352112_t@8820.jpg 130,289,156,131 469,267,253,222 870,276,117,106 396,263,59,59
D:\2014-12-1车尾\1364352112_t@8840.jpg 170,285,145,121 467,264,241,213 824,278,102,96 402,266,56,55
D:\2014-12-1车尾\1364352112_t@8860.jpg 203,287,139,115 468,271,233,201 990,233,284,272
D:\2014-12-1车尾\1364352112_t@8880.jpg 231,289,123,105 466,269,227,199 907,242,251,234
D:\2014-12-1车尾\1364352112_t@8900.jpg 251,289,119,98 463,268,226,193 872,249,224,207
D:\2014-12-1车尾\1364352112_t@8920.jpg 267,289,111,97 451,268,225,201 853,246,214,206 1166,283,111,140
D:\2014-12-1车尾\1364352112_t@8940.jpg 273,286,108,95 441,268,227,195 834,251,207,197 1084,283,134,127
D:\2014-12-1车尾\1364352112_t@8960.jpg 286,287,105,90 443,267,219,188 833,249,210,198 1036,283,135,113
D:\2014-12-1车尾\1364352112_t@8980.jpg 296,286,99,89 445,271,214,184 840,250,214,199
D:\2014-12-1车尾\1364352112_t@9000.jpg 304,288,99,84 454,270,202,181 864,249,224,210
